           1    0.907968    0.907968           0
           2    0.981351     0.94466   0.0259448
           3     1.04662    0.978647   0.0326994
           4     1.09364      1.0074   0.0349476
           5     1.09001     1.02392   0.0316236
           6     1.08917     1.03479   0.0281611
           7     1.10647     1.04503   0.0259328
           8     1.10513     1.05254   0.0237542
           9     1.09871     1.05767   0.0216616
          10     1.09232     1.06114   0.0197705
          11     1.09134     1.06388   0.0181629
          12     1.11373     1.06804   0.0171178
          13     1.19006     1.07742   0.0181933
          14     1.12506     1.08083    0.017209
          15     1.12172     1.08355   0.0162763
          16     1.13006     1.08646   0.0155163
          17     1.12407     1.08867   0.0147605
          18     1.15384     1.09229   0.0143776
          19     1.15386     1.09553   0.0139813
          20     1.12586     1.09705   0.0133642
          21     1.14529     1.09935   0.0129237
          22     1.14945     1.10162   0.0125354
          23     1.16432     1.10435   0.0122831
          24     1.16062     1.10669    0.011993
          25     1.15332     1.10856   0.0116574
          26     1.15318     1.11028   0.0113347
          27     1.14741     1.11165    0.010998
          28     1.14021     1.11267   0.0106524
          29     1.17934     1.11497   0.0105302
          30     1.15672     1.11636   0.0102708
          31     1.13688     1.11702  0.00996078
          32     1.14194      1.1178  0.00967989
          33     1.16879     1.11935  0.00950909
          34     1.14516     1.12011  0.00925968
          35     1.15848      1.1212  0.00905978
          36     1.20994     1.12367   0.0091373
          37     1.17144     1.12496   0.0089811
          38     1.13793      1.1253  0.00875124
          39      1.1766     1.12662  0.00862512
          40      1.1757     1.12784  0.00849634
          41     1.13591     1.12804  0.00829139
          42     1.12251     1.12791  0.00809502
          43     1.12384     1.12781  0.00790732
          44     1.17238     1.12883  0.00779221
          45     1.15848     1.12949  0.00764686
          46     1.15013     1.12993  0.00749378
          47     1.18133     1.13103  0.00741369
          48     1.20278     1.13252   0.0074084
          49     1.17694     1.13343  0.00731246
          50     1.19405     1.13464  0.00726601
          51     1.15535     1.13505  0.00713488
          52     1.16138     1.13555  0.00701561
          53      1.1545     1.13591  0.00689234
          54     1.13992     1.13599   0.0067651
          55     1.16285     1.13647  0.00665972
          56     1.19483     1.13752  0.00662181
          57     1.18833     1.13841  0.00656539
          58     1.17432     1.13903  0.00648131
          59     1.14798     1.13918  0.00637324
          60     1.16438      1.1396  0.00628084
          61     1.20413     1.14066  0.00626633
          62     1.19904      1.1416  0.00623561
          63     1.15542     1.14182  0.00614049
          64     1.13313     1.14168  0.00604605
          65     1.15289     1.14185  0.00595549
          66     1.15803      1.1421   0.0058703
          67     1.17424     1.14258  0.00580225
          68     1.17916     1.14312  0.00574181
          69     1.15756     1.14333  0.00566241
          70     1.11655     1.14294  0.00559443
          71      1.1499     1.14304  0.00551649
          72     1.16226     1.14331  0.00544632
          73     1.16014     1.14354  0.00537659
          74     1.14417     1.14355  0.00530394
          75     1.15074     1.14364  0.00523409
          76     1.14017      1.1436  0.00516542
          77     1.14002     1.14355  0.00509855
          78      1.1419     1.14353  0.00503323
          79      1.1254      1.1433  0.00497474
          80     1.13734     1.14323  0.00491312
          81     1.14709     1.14327  0.00485269
          82     1.15546     1.14342  0.00479579
          83     1.13937     1.14337  0.00473826
          84     1.12602     1.14317  0.00468635
          85     1.13688     1.14309   0.0046318
          86     1.11789      1.1428   0.0045872
          87     1.13789     1.14274  0.00453482
          88     1.16756     1.14303  0.00449205
          89     1.14825     1.14308  0.00444197
          90     1.13422     1.14299   0.0043937
          91     1.15256     1.14309  0.00434668
          92     1.16795     1.14336  0.00430782
          93     1.13845     1.14331  0.00426182
          94     1.13533     1.14322  0.00421733
          95     1.14459     1.14324  0.00417296
          96     1.18047     1.14363  0.00414748
          97     1.17393     1.14394  0.00411647
          98     1.15537     1.14405  0.00407612
          99     1.13902       1.144  0.00403526
         100     1.10094     1.14357  0.00401783
         101      1.1178     1.14332  0.00398614
         102     1.15062     1.14339   0.0039477
         103     1.14926     1.14345  0.00390979
         104     1.16933      1.1437   0.0038801
         105     1.17378     1.14398  0.00385372
         106     1.16388     1.14417  0.00382193
         107     1.18535     1.14455  0.00380554
         108     1.19275       1.145  0.00379638
         109     1.15291     1.14507  0.00376224
         110     1.18468     1.14543  0.00374522
         111     1.19093     1.14584  0.00373385
         112     1.18071     1.14615  0.00371346
         113      1.1858     1.14651  0.00369714
         114     1.20268       1.147  0.00369739
         115     1.19297      1.1474  0.00368679
         116     1.20466     1.14789  0.00368791
         117      1.1959      1.1483  0.00367914
         118     1.20551     1.14879  0.00367976
         119     1.17191     1.14898  0.00365397
         120     1.18456     1.14928  0.00363553
         121     1.20523     1.14974  0.00363477
         122     1.18356     1.15002  0.00361553
         123     1.17711     1.15024  0.00359284
         124     1.18679     1.15053  0.00357594
         125     1.20537     1.15097  0.00357414
         126     1.20103     1.15137  0.00356779
         127     1.23099       1.152  0.00359435
         128     1.20418      1.1524  0.00358932
         129     1.13456     1.15226  0.00356416
         130     1.13321     1.15212  0.00353976
         131     1.15055     1.15211  0.00351276
         132      1.1502     1.15209  0.00348617
         133     1.14553     1.15204  0.00346031
         134     1.13706     1.15193  0.00343629
         135     1.13316     1.15179  0.00341365
         136     1.12526      1.1516  0.00339412
         137     1.14098     1.15152  0.00337023
         138     1.13522      1.1514  0.00334788
         139     1.11756     1.15116  0.00333264
         140     1.09613     1.15076  0.00333193
         141     1.12596     1.15059  0.00331294
         142     1.15965     1.15065  0.00329022
         143     1.17096     1.15079  0.00327028
         144     1.13473     1.15068  0.00324947
         145     1.11596     1.15044  0.00323587
         146     1.13503     1.15034  0.00321543
         147     1.14144     1.15028  0.00319413
         148     1.16583     1.15038  0.00317427
         149     1.15562     1.15042  0.00315316
         150     1.17625     1.15059  0.00313684
         151     1.16107     1.15066  0.00311683
         152     1.12722      1.1505  0.00310014
         153      1.1463     1.15048     0.00308
         154     1.16532     1.15057  0.00306151
         155     1.15698     1.15061  0.00304203
         156     1.10375     1.15031  0.00303733
         157     1.12938     1.15018  0.00302091
         158     1.14241     1.15013  0.00300219
         159     1.09223     1.14977  0.00300531
         160      1.1142     1.14955  0.00299474
         161     1.12641      1.1494  0.00297958
         162     1.13604     1.14932  0.00296233
         163     1.13207     1.14921  0.00294605
         164     1.13856     1.14915   0.0029288
         165     1.15789      1.1492  0.00291153
         166      1.1362     1.14912  0.00289504
         167     1.11221      1.1489  0.00288613
         168     1.09652     1.14859  0.00288574
         169      1.0878     1.14823    0.002891
         170     1.12863     1.14812  0.00287629
         171     1.12464     1.14798  0.00286274
         172     1.10632     1.14774  0.00285632
         173     1.11478     1.14755  0.00284616
         174     1.13848     1.14749  0.00283028
         175     1.11423      1.1473  0.00282048
         176     1.15785     1.14736  0.00280509
         177      1.1754     1.14752  0.00279371
         178     1.13605     1.14746  0.00277876
         179     1.11178     1.14726  0.00277038
         180     1.14014     1.14722  0.00275527
         181     1.12388     1.14709  0.00274306
         182     1.11073     1.14689  0.00273525
         183     1.12588     1.14677  0.00272271
         184     1.12883     1.14668  0.00270966
         185     1.14214     1.14665  0.00269513
         186      1.1111     1.14646  0.00268741
         187     1.14399     1.14645  0.00267307
         188     1.15186     1.14648    0.002659
         189     1.15719     1.14653  0.00264554
         190     1.15975      1.1466  0.00263253
         191     1.17937     1.14677  0.00262433
         192     1.18609     1.14698  0.00261864
         193     1.14884     1.14699  0.00260509
         194     1.13354     1.14692  0.00259258
         195     1.17094     1.14704  0.00258221
         196     1.14607     1.14704  0.00256904
         197     1.13045     1.14695  0.00255738
         198     1.15149     1.14698  0.00254457
         199     1.18006     1.14714   0.0025372
         200     1.18437     1.14733  0.00253134
