           1    0.968811    0.968811           0
           2     1.04308     1.00594   0.0262563
           3     1.11084     1.04091   0.0334876
           4     1.15427     1.06925    0.035117
           5     1.15121     1.08564   0.0316892
           6     1.15822     1.09774   0.0286238
           7     1.15805     1.10635   0.0257988
           8     1.16005     1.11307   0.0234308
           9     1.13724     1.11575   0.0209808
          10     1.14715     1.11889   0.0191163
          11     1.14609     1.12136   0.0175376
          12     1.20733     1.12853   0.0174783
          13     1.20904     1.13472   0.0171961
          14     1.20793     1.13995    0.016744
          15     1.20693     1.14442   0.0162121
          16     1.20466     1.14818     0.01563
          17     1.18868     1.15056   0.0148911
          18     1.19223     1.15288   0.0142426
          19     1.21672     1.15624   0.0138836
          20     1.20958     1.15891   0.0134432
          21     1.17516     1.15968   0.0128253
          22     1.16922     1.16011   0.0122497
          23     1.17612     1.16081   0.0117368
          24     1.20317     1.16257   0.0113797
          25     1.21367     1.16462   0.0111065
          26       1.213     1.16648   0.0108341
          27     1.19453     1.16752   0.0104825
          28     1.19129     1.16837   0.0101425
          29     1.19253      1.1692  0.00982691
          30     1.19681     1.17012  0.00954234
          31     1.19069     1.17078  0.00925757
          32     1.19126     1.17142  0.00899036
          33     1.18713      1.1719  0.00873052
          34     1.18814     1.17238   0.0084868
          35     1.18368      1.1727  0.00825046
          36     1.18718      1.1731  0.00803108
          37      1.1976     1.17376  0.00784126
          38     1.19307     1.17427  0.00765135
          39     1.19281     1.17475  0.00746991
          40     1.19955     1.17537  0.00730885
          41     1.18428     1.17559  0.00713382
          42     1.19564     1.17606  0.00697994
          43     1.21303     1.17692  0.00687034
          44     1.25113     1.17861  0.00691811
          45      1.2383     1.17994  0.00689037
          46     1.20157     1.18041  0.00675662
          47     1.19422      1.1807  0.00661925
          48     1.19582     1.18102  0.00648884
          49     1.22543     1.18192  0.00641941
          50     1.23502     1.18298  0.00637827
          51     1.21667     1.18364  0.00628731
          52     1.21259      1.1842  0.00619099
          53     1.22253     1.18492  0.00611626
          54     1.22735     1.18571  0.00605326
          55     1.22898      1.1865   0.0059941
          56     1.21634     1.18703   0.0059107
          57     1.20568     1.18736  0.00581606
          58     1.20543     1.18767  0.00572412
          59      1.1994     1.18787  0.00563056
          60     1.19532     1.18799  0.00553808
          61     1.21297      1.1884  0.00546241
          62     1.23026     1.18908  0.00541588
          63     1.24564     1.18997  0.00540381
          64     1.24038     1.19076  0.00537647
          65     1.24821     1.19164   0.0053659
          66     1.24141      1.1924  0.00533731
          67     1.22039     1.19282  0.00527398
          68      1.2161     1.19316  0.00520752
          69     1.20906     1.19339  0.00513714
          70      1.1966     1.19344  0.00506396
          71      1.1885     1.19337  0.00499312
          72     1.18816     1.19329  0.00492429
          73     1.17007     1.19298   0.0048671
          74     1.15771      1.1925  0.00482461
          75     1.16727     1.19216  0.00477199
          76     1.17727     1.19197  0.00471322
          77     1.17374     1.19173  0.00465795
          78     1.19211     1.19173  0.00459823
          79     1.20694     1.19193  0.00454406
          80     1.21505     1.19222  0.00449644
          81     1.17142     1.19196  0.00444825
          82     1.17778     1.19179  0.00439736
          83     1.18321     1.19168  0.00434559
          84     1.20704     1.19187  0.00429771
          85     1.21641     1.19215  0.00425683
          86     1.19492     1.19219  0.00420745
          87     1.17192     1.19195  0.00416554
          88      1.1758     1.19177  0.00412225
          89     1.19945     1.19186  0.00407683
          90     1.19348     1.19187  0.00403157
          91     1.20517     1.19202  0.00398992
          92     1.19065     1.19201  0.00394658
          93     1.19837     1.19207  0.00390473
          94     1.20276     1.19219  0.00386485
          95     1.18844     1.19215  0.00382437
          96     1.17524     1.19197  0.00378858
          97     1.17412     1.19179  0.00375399
          98     1.18218     1.19169  0.00371696
          99     1.16741     1.19144   0.0036875
         100     1.16466     1.19118  0.00366034
         101     1.18936     1.19116  0.00362414
         102     1.19091     1.19116  0.00358861
         103       1.195     1.19119  0.00355397
         104     1.17216     1.19101   0.0035245
         105     1.18813     1.19098  0.00349104
         106     1.21263     1.19119  0.00346408
         107     1.19047     1.19118  0.00343171
         108     1.19966     1.19126  0.00340083
         109     1.21106     1.19144  0.00337448
         110     1.19266     1.19145  0.00334382
         111       1.174      1.1913  0.00331739
         112     1.17559     1.19116  0.00329073
         113     1.15231     1.19081  0.00327951
         114     1.14971     1.19045   0.0032705
         115     1.17408     1.19031  0.00324516
         116     1.18582     1.19027  0.00321741
         117     1.18925     1.19026  0.00318993
         118     1.22815     1.19058  0.00317901
         119     1.25023     1.19108  0.00319157
         120     1.25369     1.19161  0.00320734
         121     1.25623     1.19214    0.003225
         122      1.2442     1.19257  0.00322667
         123     1.23374      1.1929  0.00321776
         124     1.22613     1.19317  0.00320294
         125     1.22436     1.19342  0.00318702
         126      1.2224     1.19365  0.00317002
         127     1.23815       1.194  0.00316437
         128     1.26156     1.19453  0.00318337
         129     1.23299     1.19482  0.00317262
         130     1.23165     1.19511  0.00316084
         131     1.21948     1.19529  0.00314219
         132     1.20738     1.19539  0.00311971
         133     1.23843     1.19571    0.003113
         134     1.24636     1.19609  0.00311263
         135      1.2465     1.19646  0.00311189
         136     1.20713     1.19654     0.00309
         137     1.21596     1.19668  0.00307069
         138     1.24265     1.19701  0.00306646
         139     1.24039     1.19733  0.00306024
         140     1.25145     1.19771   0.0030627
         141     1.22571     1.19791  0.00304741
         142      1.2262     1.19811  0.00303245
         143     1.21328     1.19822   0.0030131
         144      1.2197     1.19837  0.00299587
         145     1.23332     1.19861   0.0029849
         146     1.20535     1.19865  0.00296481
         147     1.22642     1.19884  0.00295065
         148     1.20332     1.19887  0.00293087
         149     1.18509     1.19878  0.00291266
         150     1.19507     1.19875  0.00289335
         151      1.2207      1.1989  0.00287783
         152     1.23641     1.19915  0.00286946
         153     1.24482     1.19945  0.00286619
         154     1.22111     1.19959  0.00285103
         155     1.23374     1.19981  0.00284114
         156     1.21407      1.1999   0.0028244
         157     1.20758     1.19995  0.00280684
         158     1.21633     1.20005  0.00279098
         159     1.22578     1.20021  0.00277812
         160     1.22144     1.20035  0.00276392
         161     1.19194     1.20029  0.00274725
         162     1.19327     1.20025  0.00273063
         163     1.20386     1.20027  0.00271397
         164     1.17464     1.20012  0.00270192
         165     1.16525      1.1999  0.00269379
         166     1.17451     1.19975   0.0026819
         167     1.21028     1.19981  0.00266658
         168     1.23623     1.20003  0.00265951
         169     1.21957     1.20015  0.00264628
         170      1.2128     1.20022  0.00263176
         171     1.20831     1.20027   0.0026168
         172      1.2172     1.20037  0.00260343
         173     1.19999     1.20036  0.00258839
         174     1.16064     1.20014  0.00258356
         175     1.18808     1.20007  0.00256971
         176     1.21504     1.20015  0.00255652
         177     1.20323     1.20017  0.00254214
         178      1.1882      1.2001  0.00252874
         179     1.17306     1.19995  0.00251912
         180     1.18293     1.19986   0.0025069
         181     1.15399      1.1996  0.00250583
         182     1.16844     1.19943   0.0024979
         183     1.19972     1.19943  0.00248425
         184     1.22747     1.19959  0.00247542
         185     1.25091     1.19986  0.00247753
         186     1.23757     1.20007  0.00247249
         187     1.21189     1.20013  0.00246008
         188     1.23474     1.20031  0.00245387
         189     1.23511      1.2005  0.00244779
         190     1.18944     1.20044   0.0024356
         191     1.19621     1.20042  0.00242295
         192      1.2161      1.2005  0.00241171
         193     1.19257     1.20046  0.00239956
         194     1.18947      1.2004  0.00238786
         195     1.19938      1.2004  0.00237562
         196     1.19526     1.20037  0.00236364
         197     1.17106     1.20022  0.00235632
         198     1.18299     1.20013  0.00234603
         199     1.17715     1.20002  0.00233708
         200     1.21165     1.20008  0.00232612
