           1     1.40763     1.40763           0
           2     1.40715     1.40739 0.000168949
           3      1.4071     1.40729 0.000138006
           4     1.40727     1.40729 0.000103565
           5     1.40718     1.40727 8.49459e-05
           6     1.40715     1.40725  7.3008e-05
           7     1.40717     1.40724 6.33139e-05
           8     1.40711     1.40722 5.72816e-05
           9     1.40713     1.40721 5.18176e-05
          10     1.40707      1.4072 4.85074e-05
          11     1.40708     1.40719 4.53252e-05
          12     1.40707     1.40718 4.25435e-05
          13     1.40712     1.40717 3.94971e-05
          14     1.40703     1.40716 3.79266e-05
          15      1.4071     1.40716 3.56397e-05
          16     1.40698     1.40715 3.51392e-05
          17     1.40716     1.40715 3.30792e-05
          18     1.40713     1.40715 3.12481e-05
          19     1.40718     1.40715 2.96653e-05
          20     1.40724     1.40715 2.85326e-05
          21     1.40717     1.40715  2.7185e-05
          22     1.40711     1.40715 2.60298e-05
          23     1.40707     1.40715 2.51486e-05
          24     1.40711     1.40715 2.41447e-05
          25     1.40724     1.40715 2.34782e-05
          26     1.40725     1.40715 2.29091e-05
          27     1.40728     1.40716 2.25391e-05
          28     1.40717     1.40716 2.17356e-05
          29     1.40708     1.40716 2.11414e-05
          30     1.40716     1.40716 2.04376e-05
          31       1.407     1.40715 2.04003e-05
          32     1.40716     1.40715 1.97651e-05
          33     1.40723     1.40715 1.93248e-05
          34     1.40723     1.40716 1.88701e-05
          35     1.40724     1.40716 1.84714e-05
          36     1.40726     1.40716 1.81796e-05
          37      1.4072     1.40716 1.77183e-05
          38     1.40717     1.40716 1.72523e-05
          39     1.40715     1.40716 1.68127e-05
          40     1.40718     1.40716 1.63981e-05
          41      1.4071     1.40716 1.60615e-05
          42     1.40716     1.40716 1.56793e-05
          43     1.40712     1.40716 1.53485e-05
          44     1.40716     1.40716 1.49999e-05
          45     1.40726     1.40716 1.48324e-05
          46     1.40722     1.40716 1.45724e-05
          47     1.40711     1.40716 1.43063e-05
          48     1.40713     1.40716 1.40267e-05
          49     1.40704     1.40716 1.39716e-05
          50     1.40712     1.40716 1.37099e-05
          51     1.40708     1.40716 1.35221e-05
          52     1.40717     1.40716 1.32652e-05
          53     1.40697     1.40715 1.34905e-05
          54     1.40708     1.40715 1.33091e-05
          55     1.40699     1.40715 1.33874e-05
          56     1.40696     1.40715 1.35883e-05
          57     1.40705     1.40714   1.346e-05
          58     1.40707     1.40714 1.32911e-05
          59     1.40711     1.40714 1.30809e-05
          60     1.40708     1.40714 1.29032e-05
          61       1.407     1.40714 1.28937e-05
          62     1.40702     1.40714 1.28326e-05
          63     1.40694     1.40713 1.29965e-05
          64     1.40696     1.40713 1.30836e-05
          65     1.40692     1.40713 1.32617e-05
          66     1.40693     1.40712 1.34042e-05
          67     1.40703     1.40712 1.32723e-05
          68     1.40715     1.40712  1.3081e-05
          69     1.40706     1.40712 1.29207e-05
          70     1.40711     1.40712 1.27386e-05
          71     1.40716     1.40712 1.25728e-05
          72     1.40706     1.40712 1.24273e-05
          73     1.40724     1.40712   1.236e-05
          74     1.40716     1.40712 1.22028e-05
          75     1.40714     1.40712 1.20423e-05
          76     1.40722     1.40713 1.19434e-05
          77     1.40723     1.40713 1.18592e-05
          78     1.40727     1.40713 1.18497e-05
          79     1.40725     1.40713 1.17909e-05
          80     1.40723     1.40713 1.17123e-05
          81     1.40729     1.40713 1.17366e-05
          82     1.40721     1.40713 1.16256e-05
          83      1.4072     1.40714 1.15118e-05
          84      1.4072     1.40714 1.14004e-05
          85     1.40708     1.40714 1.12875e-05
          86      1.4071     1.40714 1.11661e-05
          87     1.40712     1.40714 1.10394e-05
          88     1.40705     1.40713 1.09586e-05
          89     1.40698     1.40713  1.0976e-05
          90     1.40696     1.40713 1.10131e-05
          91     1.40681     1.40713 1.14521e-05
          92      1.4068     1.40712 1.18704e-05
          93     1.40684     1.40712 1.21297e-05
          94     1.40705     1.40712 1.20245e-05
          95     1.40715     1.40712 1.19028e-05
          96     1.40718     1.40712 1.17966e-05
          97     1.40713     1.40712 1.16755e-05
          98     1.40709     1.40712 1.15598e-05
          99     1.40704     1.40712 1.14699e-05
         100     1.40699     1.40712 1.14232e-05
         101     1.40705     1.40712 1.13274e-05
         102     1.40709     1.40712  1.1219e-05
         103     1.40718     1.40712 1.11286e-05
         104     1.40718     1.40712 1.10395e-05
         105     1.40711     1.40712 1.09346e-05
         106     1.40712     1.40712 1.08314e-05
         107     1.40715     1.40712  1.0734e-05
         108     1.40714     1.40712  1.0636e-05
         109     1.40722     1.40712 1.05757e-05
         110     1.40724     1.40712  1.0533e-05
         111     1.40723     1.40712 1.04836e-05
         112     1.40721     1.40712 1.04215e-05
         113      1.4073     1.40712 1.04411e-05
         114     1.40718     1.40712 1.03597e-05
         115     1.40716     1.40713 1.02755e-05
         116     1.40724     1.40713 1.02379e-05
         117     1.40712     1.40713 1.01506e-05
         118     1.40709     1.40713 1.00686e-05
         119     1.40714     1.40713 9.98477e-06
         120     1.40705     1.40713 9.91992e-06
         121     1.40713     1.40713 9.83796e-06
         122     1.40709     1.40713 9.76134e-06
         123     1.40703     1.40712 9.70962e-06
         124     1.40703     1.40712 9.65891e-06
         125     1.40704     1.40712 9.60454e-06
         126     1.40698     1.40712 9.59584e-06
         127     1.40687     1.40712 9.71532e-06
         128     1.40704     1.40712 9.65982e-06
         129     1.40704     1.40712 9.60459e-06
         130     1.40715     1.40712 9.53475e-06
         131     1.40725     1.40712 9.51095e-06
         132     1.40716     1.40712 9.44306e-06
         133     1.40717     1.40712 9.37837e-06
         134     1.40719     1.40712 9.32408e-06
         135     1.40724     1.40712 9.29864e-06
         136      1.4072     1.40712 9.24764e-06
         137     1.40707     1.40712 9.18682e-06
         138     1.40713     1.40712 9.12066e-06
         139     1.40712     1.40712 9.05506e-06
         140     1.40718     1.40712 8.99988e-06
         141     1.40722     1.40712 8.96502e-06
         142      1.4072     1.40712 8.91761e-06
         143     1.40722     1.40712 8.88013e-06
         144     1.40714     1.40712 8.81876e-06
         145     1.40719     1.40713  8.7683e-06
         146      1.4071     1.40712 8.70993e-06
         147      1.4071     1.40712 8.65268e-06
         148     1.40712     1.40712 8.59428e-06
         149     1.40714     1.40712 8.53705e-06
         150     1.40697     1.40712 8.54381e-06
         151     1.40697     1.40712 8.54834e-06
         152     1.40689     1.40712 8.62918e-06
         153     1.40696     1.40712 8.63881e-06
         154     1.40705     1.40712 8.59371e-06
         155     1.40718     1.40712 8.54659e-06
         156     1.40735     1.40712 8.61576e-06
         157     1.40724     1.40712 8.59135e-06
         158      1.4072     1.40712 8.55141e-06
         159     1.40716     1.40712 8.50027e-06
         160     1.40718     1.40712 8.45362e-06
         161     1.40721     1.40712 8.41687e-06
         162     1.40717     1.40712 8.36882e-06
         163     1.40712     1.40712 8.31748e-06
         164     1.40712     1.40712 8.26677e-06
         165     1.40698     1.40712 8.26442e-06
         166     1.40692     1.40712 8.30773e-06
         167     1.40684     1.40712  8.4326e-06
         168     1.40693     1.40712 8.45929e-06
         169     1.40709     1.40712 8.41113e-06
         170     1.40709     1.40712  8.3633e-06
         171     1.40715     1.40712 8.31655e-06
         172     1.40715     1.40712 8.27054e-06
         173     1.40719     1.40712 8.23416e-06
         174     1.40716     1.40712 8.19075e-06
         175       1.407     1.40712 8.17455e-06
         176     1.40706     1.40712 8.13426e-06
         177     1.40713     1.40712  8.0886e-06
         178     1.40716     1.40712 8.04585e-06
         179     1.40712     1.40712  8.0009e-06
         180     1.40725     1.40712 7.98732e-06
         181     1.40729     1.40712 8.00077e-06
         182     1.40708     1.40712 7.95921e-06
         183     1.40713     1.40712 7.91603e-06
         184     1.40716     1.40712 7.87584e-06
         185     1.40714     1.40712 7.83409e-06
         186     1.40718     1.40712  7.7975e-06
         187      1.4071     1.40712 7.75629e-06
         188     1.40698     1.40712 7.75169e-06
         189      1.4071     1.40712 7.71132e-06
         190     1.40711     1.40712 7.67083e-06
         191     1.40715     1.40712 7.63276e-06
         192     1.40732     1.40712 7.66206e-06
         193     1.40724     1.40712 7.64886e-06
         194      1.4073     1.40712 7.66396e-06
         195     1.40728     1.40712 7.66818e-06
         196     1.40734     1.40712 7.70608e-06
         197     1.40718     1.40713 7.67169e-06
         198      1.4073     1.40713 7.68283e-06
         199     1.40718     1.40713 7.64971e-06
         200     1.40704     1.40713 7.62257e-06
