           1     1.06016     1.06016           0
           2     1.13687     1.09852   0.0271187
           3     1.20391     1.13365    0.033907
           4     1.24629     1.16181   0.0352339
           5     1.24002     1.17745   0.0314685
           6     1.25335      1.1901   0.0286536
           7     1.25826     1.19984   0.0261624
           8     1.25776     1.20708    0.023873
           9     1.28242     1.21545   0.0226406
          10      1.3088     1.22478   0.0222179
          11     1.30589     1.23216   0.0213865
          12     1.28423      1.2365   0.0200398
          13     1.27372     1.23936   0.0187017
          14     1.31401     1.24469   0.0181101
          15     1.30172     1.24849   0.0172972
          16       1.293     1.25128   0.0164383
          17     1.29461     1.25382   0.0156677
          18     1.29138     1.25591   0.0149356
          19     1.28526     1.25746   0.0142291
          20     1.28279     1.25872   0.0135739
          21     1.29652     1.26052   0.0130463
          22     1.30141     1.26238    0.012585
          23     1.27769     1.26305   0.0120554
          24     1.25182     1.26258   0.0115622
          25     1.23505     1.26148    0.011152
          26      1.2499     1.26103    0.010732
          27      1.2989     1.26243   0.0104257
          28     1.30994     1.26413   0.0101905
          29     1.30068     1.26539  0.00991671
          30     1.29149     1.26626  0.00962423
          31     1.29871     1.26731   0.0093705
          32     1.25981     1.26707   0.0090806
          33     1.31874     1.26864   0.0089394
          34     1.32455     1.27028  0.00882641
          35     1.31608     1.27159  0.00867068
          36     1.32378     1.27304  0.00855016
          37     1.27947     1.27322  0.00832084
          38     1.25357      1.2727  0.00811792
          39     1.25244     1.27218  0.00792636
          40     1.27596     1.27227  0.00772877
          41     1.28542     1.27259  0.00754691
          42     1.25858     1.27226  0.00737459
          43     1.25658      1.2719   0.0072121
          44     1.24887     1.27137  0.00706716
          45     1.25384     1.27098  0.00692084
          46     1.28819     1.27136  0.00678048
          47     1.30064     1.27198  0.00666478
          48     1.34884     1.27358  0.00671553
          49     1.35534     1.27525  0.00678261
          50     1.35199     1.27679  0.00681842
          51     1.34789     1.27818  0.00682576
          52     1.30328     1.27866  0.00671155
          53     1.29352     1.27894  0.00659077
          54     1.27965     1.27896  0.00646873
          55     1.29452     1.27924   0.0063573
          56     1.30521      1.2797  0.00626068
          57     1.27561     1.27963  0.00615125
          58     1.24509     1.27904  0.00607395
          59     1.26973     1.27888  0.00597305
          60     1.29753     1.27919  0.00588158
          61     1.33124     1.28004  0.00584672
          62     1.35495     1.28125  0.00587593
          63     1.35322     1.28239  0.00589268
          64     1.34604     1.28339  0.00588391
          65     1.32986      1.2841  0.00583668
          66     1.29039      1.2842  0.00574902
          67     1.28656     1.28423  0.00566332
          68     1.27938     1.28416  0.00558049
          69     1.31042     1.28454  0.00551257
          70     1.32144     1.28507  0.00545896
          71     1.32013     1.28556  0.00540436
          72     1.32082     1.28605  0.00535144
          73     1.25741     1.28566   0.0052925
          74     1.27171     1.28547  0.00522434
          75      1.2659     1.28521  0.00516119
          76     1.27653      1.2851  0.00509454
          77     1.26781     1.28487  0.00503332
          78     1.28717      1.2849  0.00496888
          79     1.28097     1.28485  0.00490623
          80     1.28685     1.28488  0.00484496
          81     1.28074     1.28483  0.00478542
          82     1.30554     1.28508  0.00473372
          83     1.27986     1.28501   0.0046771
          84     1.27749     1.28493  0.00462228
          85      1.2691     1.28474  0.00457165
          86     1.28968      1.2848  0.00451886
          87     1.30544     1.28503  0.00447314
          88     1.28555     1.28504  0.00442231
          89     1.29043      1.2851  0.00437304
          90      1.2911     1.28517  0.00432496
          91     1.30238     1.28536  0.00428157
          92     1.30226     1.28554  0.00423897
          93     1.26946     1.28537  0.00419691
          94     1.26925      1.2852  0.00415576
          95     1.29528      1.2853  0.00411337
          96     1.32896     1.28576  0.00409559
          97     1.30649     1.28597  0.00405894
          98     1.26193     1.28572  0.00402493
          99     1.27715     1.28564  0.00398521
         100     1.32352     1.28602  0.00396332
         101     1.30051     1.28616  0.00392667
         102     1.28421     1.28614  0.00388822
         103     1.28057     1.28609  0.00385085
         104     1.28863     1.28611   0.0038139
         105     1.31844     1.28642  0.00378999
         106     1.29536      1.2865  0.00375517
         107     1.28904     1.28653  0.00372015
         108     1.30706     1.28672  0.00369056
         109     1.30742     1.28691  0.00366158
         110     1.28923     1.28693  0.00362836
         111     1.24126     1.28652  0.00361892
         112      1.2589     1.28627    0.003595
         113     1.25727     1.28601  0.00357233
         114     1.25294     1.28572  0.00355276
         115     1.28111     1.28568  0.00352209
         116     1.30537     1.28585  0.00349581
         117       1.287     1.28586  0.00346595
         118     1.26542     1.28569   0.0034409
         119     1.28021     1.28564   0.0034123
         120     1.28289     1.28562  0.00338394
         121     1.28462     1.28561  0.00335598
         122     1.30447     1.28577  0.00333203
         123     1.29569     1.28585  0.00330592
         124      1.2643     1.28567  0.00328382
         125     1.32271     1.28597  0.00327089
         126     1.29593     1.28605  0.00324588
         127     1.33006      1.2864  0.00323877
         128     1.35498     1.28693  0.00325749
         129     1.34528     1.28738  0.00326348
         130     1.31182     1.28757  0.00324379
         131     1.33842     1.28796  0.00324217
         132      1.3232     1.28823  0.00322858
         133     1.32619     1.28851  0.00321689
         134      1.3213     1.28876  0.00320218
         135     1.30717     1.28889  0.00318136
         136     1.30009     1.28898  0.00315904
         137     1.26811     1.28882  0.00313965
         138     1.28787     1.28882   0.0031169
         139     1.30035      1.2889  0.00309558
         140     1.29078     1.28891   0.0030735
         141     1.28854     1.28891  0.00305171
         142     1.29483     1.28895   0.0030305
         143     1.34561     1.28935  0.00303509
         144     1.33271     1.28965  0.00302892
         145     1.30544     1.28976  0.00300999
         146     1.32789     1.29002  0.00300068
         147     1.30141      1.2901  0.00298127
         148     1.29761     1.29015  0.00296156
         149     1.28276      1.2901   0.0029421
         150     1.28965      1.2901  0.00292248
         151     1.30981     1.29023  0.00290604
         152     1.32052     1.29043  0.00289375
         153     1.28097     1.29036   0.0028755
         154     1.31584     1.29053  0.00286158
         155     1.32636     1.29076  0.00285244
         156     1.32098     1.29095  0.00284073
         157      1.3501     1.29133  0.00284751
         158      1.3737     1.29185  0.00287681
         159     1.35832     1.29227  0.00288894
         160     1.31982     1.29244  0.00287601
         161     1.32488     1.29264  0.00286519
         162     1.34883     1.29299  0.00286842
         163     1.32535     1.29319  0.00285768
         164     1.34983     1.29353  0.00286105
         165     1.35047     1.29388  0.00286445
         166     1.33328     1.29412  0.00285701
         167     1.30152     1.29416  0.00284024
         168      1.3148     1.29428  0.00282599
         169     1.29804     1.29431  0.00280936
         170     1.31252     1.29441  0.00279487
         171     1.31245     1.29452  0.00278052
         172     1.28729     1.29448  0.00276467
         173     1.29871      1.2945   0.0027488
         174      1.3133     1.29461  0.00273512
         175     1.26278     1.29443  0.00272554
         176     1.26635     1.29427  0.00271472
         177     1.27838     1.29418  0.00270086
         178     1.23498     1.29385  0.00270609
         179     1.25349     1.29362  0.00270035
         180     1.25958     1.29343  0.00269196
         181      1.2604     1.29325  0.00268326
         182     1.23922     1.29295  0.00268489
         183     1.22041     1.29256  0.00269933
         184     1.25121     1.29233    0.002694
         185     1.25408     1.29212  0.00268736
         186     1.29855     1.29216  0.00267313
         187     1.30781     1.29224  0.00266015
         188     1.31327     1.29235  0.00264835
         189     1.29276     1.29236  0.00263434
         190     1.31124     1.29246  0.00262235
         191     1.27849     1.29238  0.00260963
         192     1.26615     1.29225  0.00259962
         193     1.29017     1.29224  0.00258617
         194     1.31299     1.29234  0.00257505
         195     1.29391     1.29235  0.00256186
         196     1.31573     1.29247  0.00255156
         197     1.30108     1.29251  0.00253899
         198     1.30463     1.29257   0.0025269
         199     1.29109     1.29257  0.00251421
         200     1.28953     1.29255  0.00250169
