-8.71336
-8.51814
-8.30685
-8.21568
-8.17255
-8.03838
-7.99024
-7.95793
-7.98217
-7.99435
-7.91339
-7.86782
-7.81676
-7.83653
-7.84936
-7.78228
-7.72527
-7.73812
-7.81409
-7.79931
-7.75561
-7.73043
-7.69497
-7.71515
-7.77684
-7.70239
-7.65539
-7.64468
-7.69192
-7.61102
-7.56965
-7.55265
-7.5552
-7.59229
-7.56962
-7.49087
-7.44799
-7.49311
-7.42888
-7.32814
-7.38389
-7.39641
-7.34327
-7.39712
-7.42283
-7.45769
-7.3893
-7.42464
-7.45338
-7.47791
-7.43251
-7.52171
-7.55855
-7.5507
-7.57796
-7.58357
-7.55394
-7.61976
-7.62762
-7.59506
-7.63014
-7.60066
-7.65154
-7.6944
-7.70134
-7.67583
-7.70472
-7.5639
-7.51786
-7.52627
-7.53128
-7.50951
-7.53017
-7.50783
-7.46038
-7.45113
-7.454
-7.49062
-7.50233
-7.61545
-7.56353
-7.62612
-7.72291
-7.61145
-7.65655
-7.6107
-7.58144
-7.56568
-7.55117
-7.65757
-7.54272
-7.44086
-7.46201
-7.52353
-7.44869
-7.53116
-7.52873
-7.55923
-7.56897
-7.52859
-7.52825
-7.47963
-7.49663
-7.4903
-7.49836
-7.54361
-7.53356
-7.55198
-7.65427
-7.60266
-7.59231
-7.55309
-7.49995
-7.43648
-7.43794
-7.46693
-7.48737
-7.49677
-7.43144
-7.35911
-7.31843
-7.43081
-7.45134
-7.50018
-7.53347
-7.6164
-7.59431
-7.51184
-7.55877
-7.50498
-7.34939
-7.34004
-7.32267
-7.34919
-7.35332
-7.41108
-7.48542
-7.39732
-7.39917
-7.51186
-7.54279
-7.5797
-7.479
-7.65266
-7.69933
-7.68391
-7.64931
-7.67261
-7.74064
-7.68482
-7.68567
-7.70817
-7.67228
-7.66913
-7.60761
-7.49158
-7.51077
-7.60178
-7.58034
-7.60908
-7.61586
-7.61815
-7.61077
-7.64029
-7.57077
-7.64646
-7.63056
-7.63655
-7.61557
-7.64922
-7.65727
-7.64349
-7.64403
-7.58807
-7.62286
-7.55903
-7.58002
-7.59922
-7.61327
-7.68687
-7.6696
-7.67008
-7.6327
-7.62669
-7.63846
-7.6421
-7.72542
-7.73602
-7.64881
-7.59861
-7.63623
-7.55605
-7.60927
-7.53002
-7.53327
-7.54528
-7.54559
-7.55522
-7.51363
-7.50858
-7.47291
-7.46781
-7.46761
-7.46445
-7.47765
-7.38134
-7.4414
-7.5827
-7.59847
-7.50453
-7.56991
-7.61513
-7.63359
-7.67292
-7.67825
-7.59675
-7.60567
-7.6205
-7.64668
-7.64824
-7.73386
-7.64831
-7.7178
-7.65986
-7.69533
-7.72557
-7.67454
-7.66056
-7.60312
-7.634
-7.59908
-7.51467
-7.56718
-7.57281
-7.55666
-7.55445
-7.64234
-7.63883
-7.63161
-7.68056
-7.75879
-7.67071
-7.65651
-7.70434
-7.72068
-7.66367
-7.68269
-7.61459
-7.58662
-7.51841
-7.56905
-7.61343
-7.5943
-7.56118
-7.47346
-7.4406
-7.40662
-7.39582
-7.35285
-7.38153
-7.43466
-7.51674
-7.5308
-7.43041
-7.51032
-7.44438
-7.39607
-7.47748
-7.51808
-7.50757
-7.59415
-7.55422
-7.53574
-7.59603
-7.58429
-7.6177
-7.71189
-7.69675
-7.67708
-7.66588
-7.63473
-7.60467
-7.63215
-7.61135
-7.59626
-7.61597
-7.5214
-7.57977
-7.50171
-7.46348
-7.45541
-7.53092
-7.65815
-7.62326
-7.65427
-7.56667
-7.56349
-7.59071
-7.57745
-7.50877
-7.56647
-7.61075
-7.54855
-7.59899
-7.70434
-7.63683
-7.62935
-7.54313
-7.48564
-7.55553
-7.55902
-7.58203
-7.52837
-7.55991
-7.4456
-7.50319
-7.61075
-7.66048
-7.65375
-7.59377
-7.5901
-7.5358
-7.47596
-7.56537
-7.58151
-7.57847
-7.59446
-7.61987
-7.51156
-7.46283
-7.47268
-7.57422
-7.59091
-7.58171
-7.59191
-7.55741
-7.58079
-7.55704
-7.6237
-7.57799
-7.57526
-7.56531
-7.56142
-7.62165
-7.60808
-7.66909
-7.56854
-7.63326
-7.5593
-7.52409
-7.5341
-7.56196
-7.54941
-7.49267
-7.46362
-7.47388
-7.40741
-7.48494
-7.49377
-7.54273
-7.60717
-7.60224
-7.54428
-7.44773
-7.4317
-7.39884
-7.43527
-7.47621
-7.45974
-7.43364
-7.4106
-7.43448
-7.44095
-7.45947
-7.43928
-7.3814
-7.38407
-7.42913
-7.38457
-7.38412
-7.42153
-7.46712
-7.47225
-7.42721
-7.44158
-7.39325
-7.35642
-7.34217
-7.38446
-7.43944
-7.40874
-7.39441
-7.32066
-7.24725
-7.26235
-7.33828
-7.38127
-7.43932
-7.43392
-7.42343
-7.43607
-7.43823
-7.44745
-7.41399
-7.42893
-7.39548
-7.48854
-7.45455
-7.46476
-7.49885
-7.51122
-7.57721
-7.55678
-7.53207
-7.51211
-7.48424
-7.47871
-7.51869
-7.53758
-7.49102
-7.48328
-7.52577
-7.58688
-7.63641
-7.59824
-7.608
-7.63986
-7.64683
-7.5923
-7.63823
-7.70102
-7.67093
-7.65727
-7.71358
-7.70243
-7.72755
-7.66083
-7.64067
-7.63539
-7.63604
-7.63599
-7.58194
-7.59019
-7.59971
-7.58848
-7.55645
-7.54832
-7.61151
-7.57298
-7.59979
-7.61827
-7.54049
-7.62424
-7.64165
-7.65462
-7.64593
-7.57391
-7.64811
-7.72251
-7.71965
-7.6633
-7.66078
-7.65434
-7.64948
-7.65763
-7.65654
-7.62632
-7.61863
-7.56965
-7.65498
-7.57759
-7.56727
-7.59394
-7.64449
-7.58381
-7.64836
-7.60477
-7.60255
-7.6058
-7.66492
-7.71809
-7.68499
-7.60283
-7.58218
-7.65799
-7.74792
-7.79224
-7.7038
-7.69129
-7.66989
-7.69685
-7.58385
-7.56742
-7.52722
-7.53315
-7.57551
-7.62707
-7.61079
-7.60895
-7.61913
-7.62003
-7.56854
-7.57547
-7.52215
-7.53993
-7.58942
-7.5168
-7.48401
-7.46635
-7.45374
-7.41379
-7.49936
-7.55137
-7.6127
-7.59379
-7.66996
-7.66287
-7.72205
-7.67969
-7.68965
-7.71421
-7.66153
-7.63832
-7.62648
-7.56184
-7.47213
-7.58467
-7.61303
-7.65315
-7.64005
-7.59951
-7.58407
-7.64932
-7.71256
-7.60482
-7.63615
-7.63536
-7.65972
-7.66429
-7.63715
-7.63098
-7.59611
-7.64861
-7.6016
-7.71645
-7.65937
-7.60787
-7.58546
-7.50412
-7.51203
-7.57415
-7.61662
-7.62266
-7.55898
-7.60343
-7.59686
-7.5959
-7.53592
-7.55092
-7.52631
-7.5045
-7.5178
-7.52894
-7.57027
-7.56159
-7.59182
-7.60952
-7.65991
-7.6637
-7.66841
-7.70461
-7.68444
-7.71748
-7.69267
-7.66283
-7.65567
-7.66067
-7.71191
-7.67632
-7.69761
-7.6827
-7.68403
-7.68711
-7.70075
-7.67659
-7.74271
-7.70527
-7.65012
-7.57039
-7.50038
-7.51051
-7.46595
-7.52049
-7.57533
-7.5639
-7.58328
-7.51259
-7.53026
-7.54676
-7.53099
-7.54275
-7.55663
-7.44225
-7.43991
-7.4167
-7.41476
-7.47188
-7.40888
-7.42587
-7.41905
-7.41578
-7.38072
-7.28225
-7.36458
-7.36246
-7.38464
-7.37251
-7.47152
-7.42331
-7.39843
-7.45486
-7.50818
-7.50267
-7.54666
-7.54949
-7.52338
-7.54276
-7.44801
-7.53935
-7.56011
-7.54201
-7.59775
-7.59183
-7.65367
-7.61007
-7.56134
-7.57156
-7.55898
-7.56629
-7.5647
-7.56778
-7.61208
-7.54015
-7.5223
-7.48354
-7.46771
-7.44614
-7.57332
-7.54225
-7.46367
-7.46478
-7.44252
-7.45113
-7.44462
-7.42745
-7.4677
-7.47498
-7.35214
-7.35568
-7.39302
-7.38365
-7.44877
-7.52039
-7.53953
-7.52623
-7.5589
-7.53272
-7.52638
-7.55195
-7.53572
-7.55486
-7.54349
-7.52168
-7.48824
-7.47917
-7.53427
-7.51161
-7.4925
-7.554
-7.54156
-7.57478
-7.52903
-7.52455
-7.44014
-7.38747
-7.43708
-7.465
-7.50181
-7.63887
-7.60375
-7.5567
-7.52658
-7.50845
-7.45723
-7.46551
-7.50547
-7.6301
-7.5159
-7.60848
-7.5793
-7.55349
-7.57616
-7.59219
-7.64893
-7.66959
-7.67097
-7.631
-7.61794
-7.63256
-7.55577
-7.55889
-7.61702
-7.63988
-7.52901
-7.51969
-7.57104
-7.53848
-7.52624
-7.53997
-7.57532
-7.58951
-7.5538
-7.52
-7.52821
-7.49838
-7.50902
-7.57112
-7.57541
-7.56895
-7.66021
-7.56552
-7.58181
-7.60912
-7.61475
-7.62296
-7.64275
-7.63805
-7.64748
-7.55427
-7.52044
-7.51885
-7.49788
-7.52342
-7.56599
-7.58683
-7.60393
-7.62268
-7.59066
-7.59429
-7.61845
-7.65064
-7.61656
-7.63296
-7.56833
-7.54504
-7.45867
-7.52748
-7.48611
-7.50401
-7.47046
-7.58612
-7.59152
-7.71665
-7.70183
-7.75475
-7.69549
-7.75281
-7.68852
-7.68718
-7.65199
-7.63447
-7.59664
-7.46574
-7.56303
-7.60587
-7.59972
-7.60519
-7.53237
-7.60803
-7.65598
-7.69387
-7.65123
-7.63827
-7.57477
-7.59375
-7.61475
-7.55527
-7.5194
-7.49671
-7.57147
-7.60977
-7.58139
-7.64224
-7.67686
-7.60005
-7.50495
-7.50983
-7.58347
-7.48282
-7.582
-7.59895
-7.56163
-7.56506
-7.52744
-7.57651
-7.63287
-7.59213
-7.5975
-7.54166
-7.50455
-7.58054
-7.62415
-7.61263
-7.67009
-7.62487
-7.56453
-7.57575
-7.57993
-7.57541
-7.591
-7.5569
-7.6076
-7.57656
-7.49834
-7.60786
-7.59686
-7.60716
-7.65785
-7.62798
-7.66396
-7.59491
-7.60449
-7.53908
-7.52501
-7.51279
-7.42651
-7.40321
-7.45775
-7.44175
-7.54872
-7.56357
-7.63093
-7.59384
-7.64814
-7.627
-7.59323
-7.5935
-7.58341
-7.64164
-7.65004
-7.65309
-7.65285
-7.64728
-7.69823
-7.67529
-7.65056
-7.64952
-7.67921
-7.66598
-7.59133
-7.64452
-7.59835
-7.6149
-7.63911
-7.63859
-7.62365
-7.58255
-7.65877
-7.73253
-7.76385
-7.70663
-7.68714
-7.64175
-7.63298
-7.60529
-7.53954
-7.44594
-7.48907
-7.63449
-7.62425
-7.64335
-7.57282
-7.5174
-7.51539
-7.47914
-7.43203
-7.47595
-7.60408
-7.40923
-7.42878
-7.45988
-7.53912
-7.57124
-7.58811
-7.53696
-7.51597
-7.55652
-7.51544
-7.52288
-7.53055
-7.59452
-7.60706
-7.63875
-7.67024
-7.57582
-7.6735
-7.65563
-7.64147
-7.61315
-7.65449
-7.58477
-7.53741
-7.49919
-7.5362
-7.50633
-7.51661
-7.54412
-7.58664
-7.59269
-7.61432
-7.54533
-7.60405
-7.62361
-7.55545
-7.52935
-7.52578
-7.5246
-7.46394
-7.49592
-7.44086
-7.48427
-7.54446
-7.5949
-7.60894
-7.62552
-7.57018
-7.50988
-7.49752
-7.5059
-7.51564
-7.54991
-7.47984
-7.49648
-7.41385
-7.54592
-7.59166
-7.61755
-7.6461
-7.52323
-7.49832
-7.50237
-7.50741
-7.46017
-7.45673
-7.45927
-7.50491
-7.49661
-7.48812
-7.55417
-7.60875
-7.62304
-7.63925
-7.66502
-7.72294
-7.6764
-7.60563
-7.65413
-7.50768
-7.46187
-7.5361
-7.48416
-7.52938
-7.51875
-7.56064
-7.54126
-7.48137
-7.47955
-7.5703
-7.5404
-7.54141
-7.61212
-7.60915
-7.61552
-7.556
-7.59359
-7.62405
-7.66816
-7.53588
-7.5102
-7.4916
-7.56115
-7.49594
-7.55012
-7.53523
-7.53416
-7.53588
-7.54756
-7.53605
-7.55148
-7.50696
-7.5126
-7.5386
-7.50062
-7.5535
-7.58406
-7.57687
-7.54015
-7.57581
-7.55766
-7.54052
-7.47661
-7.53352
-7.52773
-7.59031
-7.66337
-7.681
-7.61931
-7.63874
-7.57786
-7.532
-7.63191
-7.59262
-7.67247
-7.66528
-7.62545
-7.56821
-7.63238
-7.54823
-7.46184
-7.4876
-7.52042
-7.56507
-7.50476
-7.49428
-7.54072
-7.51863
-7.56701
-7.61365
-7.60348
-7.65131
-7.6366
-7.67516
-7.68217
-7.6524
-7.6792
-7.6589
-7.63327
-7.65823
-7.64878
-7.75158
-7.76222
-7.75654
-7.81265
-7.74952
-7.83433
-7.85021
-7.77556
-7.7283
-7.72031
-7.64956
-7.61898
-7.63
-7.5923
-7.69174
-7.70716
-7.72117
-7.63205
-7.76428
-7.72608
-7.66126
-7.66575
-7.62044
-7.69124
-7.66097
-7.69937
-7.60309
-7.6461
-7.6172
-7.62995
-7.58656
-7.61408
-7.61666
-7.64079
-7.63613
-7.58858
-7.57758
-7.58528
-7.66023
-7.65155
-7.56602
-7.52794
-7.51439
-7.51659
-7.56406
-7.54447
-7.59531
-7.50513
-7.49638
-7.5247
-7.49942
-7.45588
-7.42989
-7.36204
-7.38612
-7.37158
-7.48925
-7.46446
-7.45391
-7.4112
-7.4768
-7.47409
-7.52985
-7.49908
-7.48006
-7.53711
-7.64617
-7.6382
-7.58223
-7.61042
-7.66334
-7.57479
-7.55806
-7.62443
-7.60409
-7.4992
-7.54539
-7.42854
-7.42085
-7.40235
-7.42549
-7.54112
-7.61464
-7.60779
-7.62881
-7.64644
-7.60445
-7.53541
-7.50176
-7.48469
-7.48217
-7.39427
-7.41148
-7.42061
-7.4434
-7.41641
-7.49772
-7.57772
-7.52342
-7.54153
-7.52916
-7.67567
-7.58566
-7.61947
-7.59497
-7.59454
-7.63259
-7.58317
-7.62901
-7.61439
-7.71064
-7.58197
-7.54418
-7.55318
-7.52183
-7.55653
-7.54039
-7.52547
-7.50737
-7.54925
-7.53535
-7.54125
-7.45369
-7.48103
-7.42805
-7.47799
-7.5246
-7.5134
-7.52671
-7.57189
-7.53121
-7.55811
-7.55201
-7.49731
-7.51839
-7.51525
-7.55042
-7.51157
-7.47217
-7.51406
-7.53459
-7.55961
-7.57378
-7.57535
-7.59636
-7.54945
-7.58873
-7.57314
-7.58972
-7.56955
-7.61999
-7.6342
-7.61917
-7.56425
-7.39861
-7.39303
-7.35713
-7.36984
-7.38493
-7.42041
-7.37503
-7.34365
-7.38343
-7.41158
-7.44237
-7.38466
-7.39663
-7.43373
-7.4276
-7.47872
-7.52222
-7.49868
-7.58597
-7.56578
-7.5772
-7.61474
-7.62078
-7.73454
-7.66283
-7.64709
-7.5674
-7.48237
-7.52916
-7.53685
-7.50486
-7.58106
-7.54644
-7.58567
-7.55109
-7.57492
-7.54242
-7.54005
-7.47693
-7.50864
-7.51547
-7.42525
-7.46047
-7.46124
-7.43349
-7.40138
-7.39898
-7.46016
-7.51974
-7.38536
-7.39958
-7.39383
-7.38418
-7.4926
-7.48474
-7.52161
-7.4655
-7.48097
-7.47295
-7.48654
-7.50208
-7.40245
-7.37059
-7.3965
-7.46949
-7.52467
-7.39769
-7.50504
-7.45782
-7.43928
-7.50154
-7.44115
-7.37472
-7.45724
-7.47007
-7.43707
-7.53563
-7.60304
-7.52764
-7.47313
-7.35415
-7.41029
-7.35636
-7.3896
-7.47508
-7.47573
-7.46978
-7.43518
-7.48
-7.40491
-7.44044
-7.4396
-7.43017
-7.43796
-7.38337
-7.33205
-7.41763
-7.49078
-7.44793
-7.43826
-7.44592
-7.62744
-7.66046
-7.58376
-7.54483
-7.51151
-7.5801
-7.6074
-7.61251
-7.59491
-7.53366
-7.51002
-7.51867
-7.48945
-7.49533
-7.53388
-7.56263
-7.57857
-7.52767
-7.46814
-7.55411
-7.54176
-7.59963
-7.59538
-7.56627
-7.51512
-7.51388
-7.57373
-7.58968
-7.5912
-7.51936
-7.58408
-7.51737
-7.49151
-7.52984
-7.59227
-7.56045
-7.61287
-7.70497
-7.68088
-7.68765
-7.71029
-7.68928
-7.62783
-7.62682
-7.60934
-7.62931
-7.59858
-7.6227
-7.69076
-7.67458
-7.71587
-7.66669
-7.6369
-7.63535
-7.65906
-7.73882
-7.64929
-7.62122
-7.46577
-7.48442
-7.48924
-7.50541
-7.52628
-7.58782
-7.51586
-7.54269
-7.54608
-7.51896
-7.55076
-7.60137
-7.59666
-7.61288
-7.5187
-7.51821
-7.56152
-7.57833
-7.5959
-7.59234
-7.58045
-7.61804
-7.65312
-7.57907
-7.5448
-7.61085
-7.63333
-7.61728
-7.59534
-7.55089
-7.5362
-7.49777
-7.44392
-7.46972
-7.39482
-7.35043
-7.40831
-7.49885
-7.54133
-7.46122
-7.48172
-7.5101
-7.56153
-7.52643
-7.527
-7.3688
-7.40108
-7.43833
-7.38677
-7.42415
-7.4353
-7.51134
-7.54146
-7.59664
-7.55595
-7.53476
-7.4744
-7.51924
-7.46234
-7.4959
-7.46784
-7.48136
-7.50507
-7.49302
-7.5707
-7.585
-7.57266
-7.54266
-7.49554
-7.47736
-7.62403
-7.56825
-7.60641
-7.6066
-7.63812
-7.61466
-7.6362
-7.65558
-7.53808
-7.57886
-7.59979
-7.55099
-7.57397
-7.58809
-7.5972
-7.56236
-7.59208
-7.57822
-7.60849
-7.63357
-7.57614
-7.56871
-7.54856
-7.63139
-7.56542
-7.5423
-7.55722
-7.60687
-7.58995
-7.55624
-7.57113
-7.58325
-7.56651
-7.5139
-7.57665
-7.53169
-7.4776
-7.44632
-7.30965
-7.45712
-7.48852
-7.51558
-7.55222
-7.6826
-7.63312
-7.59009
-7.51699
-7.55254
-7.52415
-7.50964
-7.54643
-7.53922
-7.53808
-7.49961
-7.46141
-7.40945
-7.39654
-7.35971
-7.37399
-7.48065
-7.46069
-7.37689
-7.38753
-7.39936
-7.39549
-7.48118
-7.56116
-7.46001
-7.54304
-7.52683
-7.54246
-7.57693
-7.60586
-7.6235
-7.62558
-7.63042
-7.57905
-7.61838
-7.65126
-7.62622
-7.65137
-7.63102
-7.5654
-7.55635
-7.53006
-7.48289
-7.51257
-7.561
-7.58592
-7.57968
-7.62251
-7.57643
-7.62451
-7.58748
-7.53874
-7.50622
-7.49486
-7.42866
-7.52079
-7.41917
-7.48744
-7.5902
-7.60145
-7.54262
-7.56125
-7.47261
-7.44574
-7.51602
-7.45941
-7.43985
-7.4742
-7.51673
-7.50945
-7.59574
-7.60366
-7.55648
-7.50681
-7.51059
-7.52395
-7.5385
-7.52688
-7.47715
-7.471
-7.46742
-7.43805
-7.41385
-7.41723
-7.50953
-7.61688
-7.72688
-7.64149
-7.6668
-7.67965
-7.68344
-7.66409
-7.62017
-7.64521
-7.6031
-7.66739
-7.64464
-7.69009
-7.66343
-7.65914
-7.5924
-7.59881
-7.61003
-7.60077
-7.59411
-7.52274
-7.59393
-7.60738
-7.58833
-7.61675
-7.56467
-7.54964
-7.56258
-7.55031
-7.51112
-7.49564
-7.45321
-7.48352
-7.52113
-7.53742
-7.54523
-7.63364
-7.61528
-7.55604
-7.5221
-7.43074
-7.46023
-7.50858
-7.55785
-7.5106
-7.55172
-7.55218
-7.59011
-7.58728
-7.61957
-7.61042
-7.614
-7.62167
-7.68485
-7.64548
-7.67608
-7.68788
-7.66774
-7.60341
-7.67992
-7.68473
-7.66538
-7.72363
-7.70572
-7.64325
-7.63406
-7.60945
-7.611
-7.55875
-7.5524
-7.5807
-7.61728
-7.60258
-7.59592
-7.53149
-7.48534
-7.44051
-7.53451
-7.56889
-7.48476
-7.28107
-7.28742
-7.35173
-7.40085
-7.43797
-7.44118
-7.43957
-7.27174
-7.42941
-7.4033
-7.41766
-7.37648
-7.4492
-7.42957
-7.45971
-7.49075
-7.47133
-7.47567
-7.54397
-7.55168
-7.48783
-7.48249
-7.52241
-7.52026
-7.54604
-7.46149
-7.52823
-7.52113
-7.54562
-7.58325
-7.6686
-7.59303
-7.64764
-7.63431
-7.63163
-7.6417
-7.65756
-7.64657
-7.6244
-7.5599
-7.49711
-7.53508
-7.53876
-7.5905
-7.56941
-7.61923
-7.56265
-7.58048
-7.54288
-7.50198
-7.5173
-7.58046
-7.54917
-7.53745
-7.44934
-7.42797
-7.47349
-7.5484
-7.54084
-7.56848
-7.44034
-7.44859
-7.40167
-7.49144
-7.44681
-7.47428
-7.41447
-7.42414
-7.44259
-7.44947
-7.43669
-7.37129
-7.47995
-7.51906
-7.50214
-7.51902
-7.54373
-7.60179
-7.59197
-7.61785
-7.56361
-7.52486
-7.47549
-7.55536
-7.53668
-7.58061
-7.69578
-7.6826
-7.73535
-7.63509
-7.69661
-7.73135
-7.7095
-7.72531
-7.73901
-7.61656
-7.52449
-7.57815
-7.58604
-7.57279
-7.55017
-7.63976
-7.61872
-7.58183
-7.58349
-7.53346
-7.5213
-7.48548
-7.44734
-7.52503
-7.45391
-7.37731
-7.55045
-7.50624
-7.57322
-7.64451
-7.56845
-7.54761
-7.55031
-7.55986
-7.66156
-7.6407
-7.56377
-7.65579
-7.6131
-7.66924
-7.61888
-7.63042
-7.55035
-7.58904
-7.61363
-7.63812
-7.53915
-7.48321
-7.43552
-7.42434
-7.3641
-7.43129
-7.41209
-7.47916
-7.47617
-7.41385
-7.37707
-7.39511
-7.41955
-7.42101
-7.51595
-7.61057
-7.57218
-7.50436
-7.52558
-7.58884
-7.62498
-7.58777
-7.70265
-7.70136
-7.60573
-7.63995
-7.59814
-7.54046
-7.57515
-7.6697
-7.64826
-7.6723
-7.66887
-7.64805
-7.57613
-7.57221
-7.59848
-7.57598
-7.56872
-7.46894
-7.51228
-7.47352
-7.51313
-7.45513
-7.48827
-7.55624
-7.51244
-7.62625
-7.58145
-7.50393
-7.52189
-7.61505
-7.51333
-7.50225
-7.48482
-7.45158
-7.5206
-7.45824
-7.49629
-7.46117
-7.49197
-7.56476
-7.58207
-7.50491
-7.57251
-7.6035
-7.67314
-7.67019
-7.65566
-7.60934
-7.57843
-7.52958
-7.5492
-7.5508
-7.51048
-7.53963
-7.53512
-7.53421
-7.55432
-7.42963
-7.376
-7.40545
-7.3637
-7.45268
-7.52707
-7.50623
-7.49698
-7.63264
-7.63728
-7.64996
-7.55357
-7.61433
-7.6038
-7.56386
-7.54287
-7.62081
-7.65667
-7.70667
-7.70122
-7.68629
-7.66002
-7.6059
-7.68269
-7.65981
-7.6378
-7.57791
-7.57244
-7.55372
-7.67816
-7.60985
-7.5982
-7.44716
-7.50942
-7.54228
-7.45624
-7.35851
-7.42064
-7.46632
-7.44151
-7.41545
-7.48664
-7.48746
-7.54766
-7.49421
-7.52957
-7.5258
-7.50976
-7.48551
-7.56914
-7.57886
-7.4764
-7.572
-7.54267
-7.53638
-7.55601
-7.61705
-7.55125
-7.52708
-7.48648
-7.43698
-7.43964
-7.44233
-7.45521
-7.48496
-7.43473
-7.43661
-7.43302
-7.36599
-7.36995
-7.49118
-7.4817
-7.5442
-7.52135
-7.59995
-7.54933
-7.61061
-7.69445
-7.69951
-7.68427
-7.63586
-7.56207
-7.60179
-7.60592
-7.58549
-7.59665
-7.62502
-7.54327
-7.49322
-7.48708
-7.48872
-7.37259
-7.44093
-7.44713
-7.50873
-7.50381
-7.4965
-7.53029
-7.52014
-7.54207
-7.55081
-7.53187
-7.54773
-7.59164
-7.66154
-7.57113
-7.63503
-7.58759
-7.56712
-7.59892
-7.64427
-7.62233
-7.54951
-7.60567
-7.55306
-7.54686
-7.53033
-7.50945
-7.49479
-7.55209
-7.49396
-7.44117
-7.49448
-7.56248
-7.5738
-7.58577
-7.53965
-7.454
-7.48501
-7.49872
-7.51058
-7.51097
-7.44939
-7.51169
-7.52146
-7.53641
-7.47816
-7.4809
-7.52232
-7.52803
-7.5868
-7.54204
-7.47568
-7.38452
-7.37748
-7.38056
-7.42398
-7.4985
-7.48088
-7.48752
-7.53496
-7.53525
-7.48487
-7.43082
-7.45051
-7.51422
-7.50967
-7.50021
-7.52034
-7.58497
-7.57345
-7.55884
-7.58318
-7.55838
-7.58243
-7.63833
-7.5739
-7.60168
-7.69131
-7.70695
-7.66108
-7.66052
-7.64622
-7.61446
-7.58113
-7.57185
-7.60202
-7.61012
-7.5893
-7.53576
-7.44765
-7.46361
-7.40237
-7.44217
-7.41936
-7.45483
-7.53634
-7.52024
-7.50847
-7.64449
-7.65633
-7.62989
-7.58627
-7.57226
-7.57787
-7.60927
-7.4763
-7.4458
-7.37932
-7.37153
-7.4747
-7.5274
-7.6412
-7.53178
-7.56334
-7.61579
-7.66442
-7.64964
-7.61207
-7.74645
-7.6852
-7.58788
-7.64532
-7.66195
-7.5686
-7.51071
-7.63572
-7.55943
-7.47391
-7.543
-7.63779
-7.66311
-7.54808
-7.52652
-7.4755
-7.57269
-7.61344
-7.55494
-7.45935
-7.44454
-7.48181
-7.5678
-7.59089
-7.57914
-7.63804
-7.63219
-7.55107
-7.54047
-7.59097
-7.62017
-7.50823
-7.53082
-7.56921
-7.56064
-7.5311
-7.50526
-7.59422
-7.56509
-7.6229
-7.63289
-7.51422
-7.41151
-7.47217
-7.51683
-7.50596
-7.49877
-7.49799
-7.39313
-7.40555
-7.38978
-7.44118
-7.38896
-7.40223
-7.45872
-7.41847
-7.43226
-7.51075
-7.5193
-7.57818
-7.58897
-7.60185
-7.62892
-7.60409
-7.60257
-7.61573
-7.59689
-7.63381
-7.5869
-7.61072
-7.55997
-7.58184
-7.53636
-7.70255
-7.63657
-7.65666
-7.62367
-7.58851
-7.60726
-7.59677
-7.57201
-7.46572
-7.48478
-7.54736
-7.53212
-7.57046
-7.52253
-7.48883
-7.54391
-7.68274
-7.68224
-7.71534
-7.71392
-7.65548
-7.67321
-7.63508
-7.55003
-7.54186
-7.4928
-7.64232
-7.61271
-7.50176
-7.46016
-7.45212
-7.50026
-7.49299
-7.49617
-7.51022
-7.57588
-7.64649
-7.56387
-7.53893
-7.49869
-7.55474
-7.53219
-7.52455
-7.50137
-7.5564
-7.55253
-7.60782
-7.60115
-7.53199
-7.51813
-7.50136
-7.46858
-7.40025
-7.52415
-7.58208
-7.56413
-7.6757
-7.70865
-7.68436
-7.69675
-7.7132
-7.72423
-7.71072
-7.65371
-7.67577
-7.67772
-7.68184
-7.6774
-7.64006
-7.61502
-7.57897
-7.56382
-7.60474
-7.63341
-7.58253
-7.56602
-7.54125
-7.52187
-7.50245
-7.50901
-7.52988
-7.52082
-7.39915
-7.53623
-7.55313
-7.55726
-7.53401
-7.52865
-7.47554
-7.47213
-7.37269
-7.39032
-7.33964
-7.35336
-7.35047
-7.38549
-7.40234
-7.40442
-7.3755
-7.48097
-7.56352
-7.48724
-7.52257
-7.58972
-7.58143
-7.6255
-7.55642
-7.57317
-7.62854
-7.56867
-7.50013
-7.40887
-7.3553
-7.49273
-7.49455
-7.51327
-7.50839
-7.4611
-7.43314
-7.35721
-7.397
-7.42505
-7.40623
-7.37791
-7.32125
-7.32338
-7.35459
-7.38295
-7.44111
-7.40493
-7.52098
-7.64191
-7.60808
-7.50945
-7.51965
-7.59609
-7.54671
-7.5683
-7.60108
-7.58818
-7.68002
-7.73927
-7.71828
-7.57358
-7.57324
-7.60699
-7.61208
-7.42362
-7.47297
-7.51653
-7.56628
-7.48801
-7.48057
-7.44759
-7.46262
-7.52689
-7.54044
-7.57857
-7.55272
-7.61384
-7.6083
-7.56665
-7.55859
-7.53087
-7.55073
-7.51804
-7.56976
-7.55887
-7.54277
-7.50078
-7.4719
-7.56346
-7.51455
-7.5561
-7.48765
-7.56929
-7.70018
-7.71534
-7.65935
-7.61112
-7.61353
-7.61676
-7.64944
-7.59276
-7.56151
-7.51646
-7.59221
-7.58828
-7.57753
-7.50685
-7.47543
-7.56836
-7.62071
-7.64529
-7.65082
-7.57788
-7.60556
-7.55509
-7.60428
-7.65698
-7.69135
-7.72315
-7.66413
-7.68474
-7.69113
-7.64824
-7.66635
-7.67375
-7.67362
-7.68819
-7.67758
-7.67203
-7.65641
-7.60246
-7.60214
-7.53827
-7.53426
-7.58575
-7.54746
-7.54962
-7.56795
-7.56381
-7.55422
-7.5608
-7.523
-7.51747
-7.54442
-7.52501
-7.52176
-7.52731
-7.51799
-7.47479
-7.41331
-7.36248
-7.41601
-7.47148
-7.42098
-7.44909
-7.51341
-7.41786
-7.52729
-7.54009
-7.47486
-7.42574
-7.49501
-7.61639
-7.66598
-7.7285
-7.75097
-7.75512
-7.71762
-7.69034
-7.67851
-7.67413
-7.65201
-7.58151
-7.61637
-7.57864
-7.63441
-7.65847
-7.56826
-7.58138
-7.62801
-7.5915
-7.57736
-7.54832
-7.57981
-7.66793
-7.65415
-7.64409
-7.53767
-7.60338
-7.5522
-7.54611
-7.55016
-7.5608
-7.59227
-7.51994
-7.53258
-7.54014
-7.57394
-7.60169
-7.60024
-7.52375
-7.52467
-7.50928
-7.4373
-7.38652
-7.48051
-7.41531
-7.42803
-7.46031
-7.50553
-7.53559
-7.49604
-7.53692
-7.50313
-7.61946
-7.55477
-7.58151
-7.53737
-7.52196
-7.46925
-7.40782
-7.39548
-7.4391
-7.45961
-7.41119
-7.40895
-7.45226
-7.53458
-7.53959
-7.51943
-7.47543
-7.48412
-7.49653
-7.56993
-7.5447
-7.59399
-7.54132
-7.53741
-7.62252
-7.58451
-7.57804
-7.56166
-7.50792
-7.59389
-7.52855
-7.53979
-7.52687
-7.48233
-7.53963
-7.53045
-7.58629
-7.49239
-7.53421
-7.54827
-7.52777
-7.59206
-7.70183
-7.69672
-7.67233
-7.57557
-7.60965
-7.62466
-7.53251
-7.53622
-7.52308
-7.55296
-7.4481
-7.45523
-7.49448
-7.49887
-7.54722
-7.4638
-7.48299
-7.4903
-7.52485
-7.53744
-7.50325
-7.54938
-7.5691
-7.63994
-7.58026
-7.53962
-7.58022
-7.53523
-7.50044
-7.52381
-7.56891
-7.54231
-7.54824
-7.62744
-7.51947
-7.50898
-7.5282
-7.5501
-7.52271
-7.46551
-7.38928
-7.40928
-7.45685
-7.4901
-7.51985
-7.50728
-7.59616
-7.64336
-7.63062
-7.68467
-7.57858
-7.61533
-7.54515
-7.53957
-7.49874
-7.61265
-7.60851
-7.62438
-7.63856
-7.55101
-7.64657
-7.53068
-7.49441
-7.59888
-7.56294
-7.55615
-7.60933
-7.5864
-7.56204
-7.54155
-7.57022
-7.5695
-7.52138
-7.45774
-7.48109
-7.43178
-7.44835
-7.49707
-7.56337
-7.51777
-7.56074
-7.56653
-7.56461
-7.52701
-7.51117
-7.51365
-7.57344
-7.60381
-7.54613
-7.59071
-7.55334
-7.56934
-7.50802
-7.45074
-7.4614
-7.45619
-7.46222
-7.45354
-7.48631
-7.50979
-7.55933
-7.51908
-7.50883
-7.48485
-7.39493
-7.53128
-7.50706
-7.51101
-7.60087
-7.52691
-7.52721
-7.50287
-7.51295
-7.49606
-7.60598
-7.60971
-7.62866
-7.60132
-7.64281
-7.58888
-7.53542
-7.65951
-7.68853
-7.58625
-7.57766
-7.5601
-7.55876
-7.54736
-7.47725
-7.48044
-7.50223
-7.49202
-7.50125
-7.51435
-7.57426
-7.53957
-7.51431
-7.49584
-7.46254
-7.47863
-7.46387
-7.36918
-7.44286
-7.42178
-7.43536
-7.48779
-7.42323
-7.4881
-7.51534
-7.50566
-7.42473
-7.39678
-7.36614
-7.43468
-7.48323
-7.47958
-7.54945
-7.54212
-7.56132
-7.65608
-7.68839
-7.62858
-7.64817
-7.54762
-7.55957
-7.60876
-7.63059
-7.60837
-7.66107
-7.62006
-7.62685
-7.59775
-7.55997
-7.60109
-7.57816
-7.61471
-7.61966
-7.68915
-7.62834
-7.58573
-7.57605
-7.56985
-7.46643
-7.51691
-7.42417
-7.49943
-7.51207
-7.55632
-7.52423
-7.48361
-7.48393
-7.46591
-7.52804
-7.39316
-7.41113
-7.47271
-7.50222
-7.54178
-7.5569
-7.63139
-7.61625
-7.63707
-7.54482
-7.51806
-7.52772
-7.56186
-7.5669
-7.4905
-7.52835
-7.51499
-7.52858
-7.54801
-7.4552
-7.47496
-7.4767
-7.49795
-7.53957
-7.47826
-7.4879
-7.43845
-7.50099
-7.59463
-7.54767
-7.57681
-7.55094
-7.48987
-7.45126
-7.47212
-7.47672
-7.42622
-7.46936
-7.45516
-7.53561
-7.43533
-7.45089
-7.55633
-7.55704
-7.5575
-7.51133
-7.54198
-7.47957
-7.41663
-7.46194
-7.48841
-7.50775
-7.54435
-7.53702
-7.6137
-7.56174
-7.54602
-7.53037
-7.50926
-7.52502
-7.49227
-7.53019
-7.64195
-7.68813
-7.6531
-7.58836
-7.60735
-7.53564
-7.5426
-7.48442
-7.48967
-7.57274
-7.66083
-7.64991
-7.67708
-7.65893
-7.7373
-7.73619
-7.68114
-7.65311
-7.67806
-7.60919
-7.5135
-7.5232
-7.62899
-7.57972
-7.58268
-7.59946
-7.4929
-7.50795
-7.50717
-7.48244
-7.49131
-7.59646
-7.72599
-7.69208
-7.67244
-7.61751
-7.51208
-7.45128
-7.47165
-7.44
-7.41864
-7.46986
-7.49133
-7.55217
-7.51342
-7.566
-7.54559
-7.6448
-7.59278
-7.55815
-7.49772
-7.56953
-7.70867
-7.72377
-7.68355
-7.65188
-7.63324
-7.63388
-7.61636
-7.60362
-7.5415
-7.61684
-7.50166
-7.56238
-7.67226
-7.6324
-7.5764
-7.65024
-7.68916
-7.62738
-7.58116
-7.52622
-7.50705
-7.5651
-7.59277
-7.52638
-7.56416
-7.48443
-7.44613
-7.49392
-7.51653
-7.54939
-7.52445
-7.52864
-7.53375
-7.54612
-7.57291
-7.59705
-7.49939
-7.57164
-7.58559
-7.56167
-7.39042
-7.44892
-7.43968
-7.48228
-7.49142
-7.53291
-7.60829
-7.60851
-7.59917
-7.58723
-7.56813
-7.52266
-7.54696
-7.466
-7.51499
-7.55931
-7.54118
-7.51376
-7.48829
-7.51269
-7.54644
-7.5578
-7.58038
-7.54596
-7.50333
-7.61699
-7.62498
-7.5775
-7.56468
-7.58745
-7.58137
-7.53071
-7.55857
-7.50445
-7.54827
-7.53519
-7.53457
-7.49399
-7.55576
-7.57677
-7.49491
-7.53541
-7.55711
-7.57001
-7.57217
-7.58133
-7.5282
-7.52534
-7.55149
-7.49433
-7.54891
-7.57989
-7.61777
-7.61988
-7.57025
-7.54384
-7.54885
-7.51114
-7.5206
-7.48927
-7.46649
-7.52469
-7.56102
-7.44806
-7.47987
-7.47744
-7.45677
-7.44897
-7.43974
-7.50445
-7.47406
-7.46011
-7.48341
-7.54829
-7.54084
-7.48707
-7.44117
-7.51031
-7.45687
-7.46859
-7.5324
-7.52344
-7.53048
-7.51423
-7.53785
-7.62573
-7.62728
-7.61321
-7.68885
-7.66391
-7.70569
-7.7074
-7.69476
-7.60593
-7.59738
-7.58976
-7.58621
-7.53628
-7.52788
-7.54672
-7.55903
-7.60485
-7.54065
-7.42144
-7.42481
-7.44778
-7.45187
-7.43979
-7.45659
-7.39663
-7.50606
-7.53622
-7.56377
-7.52026
-7.45587
-7.47241
-7.43138
-7.38689
-7.4658
-7.5461
-7.57955
-7.51933
-7.57946
-7.52669
-7.56882
-7.51963
-7.47667
-7.43911
-7.43347
-7.38737
-7.35659
-7.4139
-7.442
-7.50154
-7.41386
-7.44027
-7.35072
-7.38838
-7.39668
-7.46039
-7.44881
-7.46075
-7.3922
-7.45167
-7.41588
-7.4302
-7.52902
-7.55117
-7.54105
-7.57576
-7.46337
-7.53605
-7.47985
-7.48446
-7.59539
-7.53416
-7.55427
-7.57871
-7.55672
-7.56222
-7.57908
-7.56515
-7.58647
-7.64741
-7.68331
-7.65199
-7.6518
-7.63721
-7.62149
-7.70178
-7.70157
-7.69034
-7.70772
-7.70415
-7.69631
-7.61245
-7.61859
-7.67452
-7.59843
-7.56818
-7.47368
-7.40345
-7.4379
-7.58172
-7.56332
-7.57575
-7.51701
-7.56573
-7.53404
-7.5137
-7.4707
-7.50644
-7.51981
-7.50208
-7.65543
-7.63699
-7.64133
-7.66966
-7.67916
-7.76542
-7.63823
-7.70189
-7.68342
-7.69252
-7.74898
-7.66645
-7.66806
-7.63828
-7.59757
-7.63411
-7.65646
-7.67841
-7.62773
-7.5955
-7.50566
-7.47909
-7.55011
-7.57062
-7.59467
-7.51392
-7.46174
-7.48182
-7.53719
-7.58621
-7.61493
-7.56673
-7.54184
-7.49259
-7.43593
-7.48076
-7.4832
-7.50787
-7.52843
-7.53898
-7.6005
-7.65891
-7.63835
-7.6344
-7.64387
-7.61069
-7.59099
-7.57097
-7.53816
-7.47607
-7.45934
-7.56113
-7.58839
-7.57799
-7.46585
-7.46094
-7.46961
-7.51176
-7.55296
-7.59529
-7.51093
-7.52661
-7.47682
-7.53207
-7.49442
-7.47883
-7.46258
-7.49544
-7.56738
-7.59626
-7.59079
-7.56911
-7.55536
-7.4699
-7.51623
-7.54378
-7.54204
-7.52042
-7.45478
-7.40834
-7.45775
-7.49117
-7.49683
-7.58785
-7.5178
-7.49698
-7.50328
-7.5459
-7.5693
-7.62419
-7.61662
-7.60252
-7.65601
-7.5938
-7.54791
-7.53726
-7.52778
-7.45118
-7.49909
-7.53933
-7.57182
-7.55159
-7.51195
-7.46392
-7.49939
-7.50998
-7.55978
-7.70156
-7.75149
-7.6458
-7.64348
-7.57921
-7.61785
-7.58854
-7.58743
-7.5887
-7.61119
-7.59826
-7.66182
-7.60849
-7.68061
-7.69895
-7.68798
-7.62553
-7.59211
-7.50786
-7.58353
-7.59085
-7.48642
-7.50778
-7.51345
-7.44129
-7.42435
-7.42401
-7.49508
-7.44818
-7.47116
-7.53599
-7.55322
-7.50683
-7.44459
-7.45337
-7.49818
-7.50664
-7.51158
-7.51356
-7.43093
-7.38278
-7.31356
-7.383
-7.39879
-7.47026
-7.45006
-7.51044
-7.56948
-7.52111
-7.48621
-7.52663
-7.48109
-7.45162
-7.32789
-7.43064
-7.52329
-7.58967
-7.57982
-7.54007
-7.5539
-7.53902
-7.57628
-7.61993
-7.54675
-7.51555
-7.53919
-7.47093
-7.48742
-7.44977
-7.52714
-7.46996
-7.46643
-7.50341
-7.43289
-7.42068
-7.43353
-7.50389
-7.54114
-7.56183
-7.52873
-7.44792
-7.40807
-7.44421
-7.43852
-7.46094
-7.42792
-7.5217
-7.52782
-7.45762
-7.52687
-7.60497
-7.57814
-7.50222
-7.46676
-7.48117
-7.36854
-7.39409
-7.47845
-7.44164
-7.43049
-7.39445
-7.40613
-7.42345
-7.36126
-7.40654
-7.4496
-7.51182
-7.57534
-7.51503
-7.58028
-7.57521
-7.50871
-7.48163
-7.47265
-7.58373
-7.58756
-7.57096
-7.54543
-7.51368
-7.56668
-7.53231
-7.55311
-7.58537
-7.52157
-7.56018
-7.61404
-7.69735
-7.73143
-7.78796
-7.70741
-7.67996
-7.68249
-7.58721
-7.63943
-7.63198
-7.5765
-7.51518
-7.48958
-7.49564
-7.41876
-7.4872
-7.48542
-7.56586
-7.52942
-7.54736
-7.57506
-7.65831
-7.63042
-7.58352
-7.63417
-7.70051
-7.62315
-7.55875
-7.5238
-7.45084
-7.45567
-7.44922
-7.4676
-7.49866
-7.58438
-7.53397
-7.48704
-7.47802
-7.52471
-7.59305
-7.64085
-7.57898
-7.65242
-7.65889
-7.56681
-7.51154
-7.56987
-7.5687
-7.56432
-7.54189
-7.49551
-7.41984
-7.39778
-7.4722
-7.5351
-7.52442
-7.46916
-7.47063
-7.53818
-7.50709
-7.53232
-7.56185
-7.57567
-7.52719
-7.53332
-7.5052
-7.49605
-7.43538
-7.5157
-7.56134
-7.62178
-7.5225
-7.43617
-7.48561
-7.46181
-7.55117
-7.49622
-7.51987
-7.49453
-7.45609
-7.45839
-7.47159
-7.4822
-7.48835
-7.51476
-7.51262
-7.52591
-7.56169
-7.50808
-7.49721
-7.42423
-7.38057
-7.42163
-7.47567
-7.43833
-7.43847
-7.42914
-7.46739
-7.407
-7.46111
-7.43064
-7.46073
-7.42805
-7.48635
-7.49928
-7.5643
-7.57841
-7.6108
-7.63463
-7.64426
-7.72267
-7.75879
-7.7308
-7.67823
-7.64806
-7.62599
-7.58902
-7.57974
-7.51203
-7.58241
-7.54668
-7.50835
-7.50193
-7.57105
-7.53102
-7.53772
-7.58104
-7.56464
-7.5925
-7.48486
-7.44591
-7.45678
-7.35792
-7.39565
-7.37065
-7.32165
-7.33067
-7.4424
-7.46676
-7.46653
-7.4407
-7.49762
-7.51059
-7.51631
-7.49636
-7.44354
-7.43376
-7.49517
-7.57881
-7.5621
-7.61041
-7.60469
-7.58707
-7.54152
-7.57517
-7.56329
-7.47939
-7.50859
-7.51585
-7.52955
-7.56953
-7.43055
-7.46487
-7.43764
-7.50379
-7.54922
-7.54646
-7.5402
-7.55939
-7.53008
-7.50418
-7.56213
-7.44618
-7.42948
-7.53993
-7.53076
-7.50469
-7.45761
-7.48924
-7.55631
-7.60101
-7.55261
-7.59163
-7.65164
-7.6872
-7.73176
-7.73637
-7.72721
-7.73706
-7.78993
-7.7793
-7.76965
-7.711
-7.66485
-7.60871
-7.68055
-7.62212
-7.63522
-7.59256
-7.5662
-7.58593
-7.53689
-7.50679
-7.57859
-7.57128
-7.59793
-7.5611
-7.59425
-7.57487
-7.53379
-7.48317
-7.51792
-7.5111
-7.45643
-7.5157
-7.52997
-7.51715
-7.49045
-7.5118
-7.52162
-7.52669
-7.5489
-7.51966
-7.46828
-7.55791
-7.5456
-7.49742
-7.55246
-7.53375
-7.52817
-7.48174
-7.4684
-7.52028
-7.49164
-7.56186
-7.5319
-7.54551
-7.54684
-7.54892
-7.49432
-7.47008
-7.50036
-7.47774
-7.4747
-7.49076
-7.47109
-7.47032
-7.48711
-7.48397
-7.53718
-7.58578
-7.5698
-7.60476
-7.61445
-7.60474
-7.59399
-7.49793
-7.43802
-7.40637
-7.42058
-7.45927
-7.46458
-7.34521
-7.46133
-7.44246
-7.57628
-7.57162
-7.57025
-7.5639
-7.59146
-7.54499
-7.54647
-7.58082
-7.54148
-7.50135
-7.56089
-7.56625
-7.5164
-7.5637
-7.56818
-7.583
-7.61184
-7.61273
-7.53768
-7.57991
-7.63386
-7.66412
-7.65729
-7.65372
-7.51252
-7.5644
-7.56034
-7.5735
-7.62069
-7.66457
-7.68621
-7.64464
-7.60882
-7.5389
-7.45805
-7.46429
-7.49591
-7.52571
-7.47969
-7.56013
-7.54653
-7.62475
-7.63028
-7.58697
-7.61119
-7.6827
-7.67065
-7.6969
-7.62678
-7.52636
-7.53484
-7.42828
-7.50936
-7.51626
-7.47122
-7.61158
-7.51322
-7.51447
-7.4888
-7.51538
-7.42977
-7.38231
-7.45685
-7.45134
-7.4259
-7.5295
-7.53485
-7.55892
-7.55754
-7.58456
-7.52996
-7.5916
-7.58598
-7.63197
-7.60199
-7.64577
-7.68133
-7.62978
-7.57533
-7.61038
-7.63783
-7.68019
-7.71992
-7.70838
-7.63935
-7.66292
-7.70205
-7.7398
-7.71999
-7.65944
-7.68026
-7.64312
-7.54049
-7.47802
-7.52992
-7.53374
-7.46267
-7.5013
-7.58564
-7.56947
-7.54073
-7.44313
-7.50351
-7.54384
-7.53945
-7.57279
-7.51363
-7.56026
-7.60502
-7.55938
-7.57135
-7.57261
-7.57784
-7.47095
-7.39678
-7.35054
-7.37937
-7.43973
-7.42709
-7.53427
-7.51288
-7.55808
-7.58941
-7.57685
-7.54111
-7.59837
-7.56122
-7.56926
-7.5341
-7.61547
-7.5763
-7.5457
-7.61324
-7.6797
-7.67036
-7.63631
-7.64859
-7.63878
-7.63876
-7.55861
-7.54259
-7.6602
-7.59236
-7.56076
-7.54986
-7.55797
-7.58868
-7.5973
-7.55679
-7.60214
-7.58576
-7.56132
-7.57449
-7.63396
-7.59862
-7.56542
-7.57034
-7.55212
-7.53916
-7.51043
-7.53694
-7.55042
-7.61899
-7.58211
-7.54219
-7.56324
-7.49846
-7.56827
-7.54464
-7.54002
-7.53145
-7.48346
-7.49286
-7.47392
-7.55316
-7.54804
-7.5649
-7.51994
-7.58811
-7.58484
-7.63657
-7.52761
-7.58794
-7.58705
-7.48334
-7.47709
-7.54434
-7.53438
-7.48591
-7.59752
-7.53216
-7.54033
-7.51263
-7.55194
-7.51462
-7.50909
-7.58235
-7.68587
-7.70148
-7.67556
-7.65297
-7.61906
-7.57524
-7.57242
-7.56617
-7.52769
-7.50886
-7.55062
-7.56793
-7.67366
-7.75636
-7.80166
-7.74426
-7.67459
-7.62892
-7.65912
-7.70774
-7.70254
-7.75439
-7.75825
-7.73045
-7.67621
-7.67036
-7.64
-7.65882
-7.63667
-7.68669
-7.64901
-7.54911
-7.54184
-7.50433
-7.46698
-7.53523
-7.5864
-7.54755
-7.56778
-7.55111
-7.57441
-7.48935
-7.54557
-7.49198
-7.4443
-7.537
-7.4891
-7.49915
-7.38789
-7.40451
-7.38451
-7.38654
-7.43909
-7.47967
-7.41953
-7.31637
-7.41
-7.46703
-7.46464
-7.39998
-7.41106
-7.36287
-7.36377
-7.3926
-7.37975
-7.43062
-7.34962
-7.33814
-7.31915
-7.3757
-7.4276
-7.37189
-7.34159
-7.22058
-7.2596
-7.26225
-7.21332
-7.31069
-7.33733
-7.34296
-7.3531
-7.32118
-7.32718
-7.41628
-7.46382
-7.56869
-7.49047
-7.4753
-7.45911
-7.48967
-7.50824
-7.61948
-7.64974
-7.65967
-7.69415
-7.64024
-7.68063
-7.66413
-7.69551
-7.71205
-7.68306
-7.64949
-7.62085
-7.63288
-7.59417
-7.60124
-7.57594
-7.57043
-7.61627
-7.62175
-7.60558
-7.63109
-7.55589
-7.53355
-7.57754
-7.59246
-7.5832
-7.51472
-7.54199
-7.45405
-7.40796
-7.43071
-7.37883
-7.45483
-7.4275
-7.41849
-7.44662
-7.5125
-7.46631
-7.46286
-7.51045
-7.42187
-7.4839
-7.49185
-7.52619
-7.42251
-7.4222
-7.47758
-7.50816
-7.48498
-7.49639
-7.54885
-7.51632
-7.54028
-7.59204
-7.57003
-7.57095
-7.61135
-7.58804
-7.63998
-7.61283
-7.65007
-7.51769
-7.54786
-7.56212
-7.6025
-7.53757
-7.50183
-7.47838
-7.47118
-7.48041
-7.46889
-7.57304
-7.61119
-7.63622
-7.56103
-7.48499
-7.52184
-7.5608
-7.59882
-7.56475
-7.53577
-7.49568
-7.58226
-7.53589
-7.49757
-7.48107
-7.50516
-7.45688
-7.56055
-7.55156
-7.59945
-7.59594
-7.62878
-7.59149
-7.55278
-7.55161
-7.61763
-7.54119
-7.58143
-7.58939
-7.6122
-7.6669
-7.62034
-7.58148
-7.55898
-7.54321
-7.54681
-7.50741
-7.46496
-7.46387
-7.45908
-7.45084
-7.46321
-7.44629
-7.50445
-7.50638
-7.52569
-7.44976
-7.44372
-7.4867
-7.48955
-7.48344
-7.57905
-7.65821
-7.68127
-7.65253
-7.587
-7.50739
-7.521
-7.50704
-7.53563
-7.4711
-7.58525
-7.62935
-7.59895
-7.59418
-7.59737
-7.6343
-7.51467
-7.52958
-7.55674
-7.58239
-7.65257
-7.59613
-7.59578
-7.51032
-7.59245
-7.67325
-7.67245
-7.68686
-7.57323
-7.63156
-7.65999
-7.67079
-7.66186
-7.64646
-7.70569
-7.68419
-7.67836
-7.67741
-7.72411
-7.73442
-7.65186
-7.66187
-7.63767
-7.58956
-7.61948
-7.53108
-7.54901
-7.56496
-7.57006
-7.6091
-7.65253
-7.60104
-7.58646
-7.57578
-7.69016
-7.62386
-7.61782
-7.64489
-7.64318
-7.68665
-7.68058
-7.64125
-7.65261
-7.66218
-7.75188
-7.69422
-7.6275
-7.63974
-7.55978
-7.55884
-7.46904
-7.4901
-7.56921
-7.48622
-7.352
-7.43887
-7.45126
-7.47856
-7.45134
-7.49967
-7.53887
-7.48673
-7.49145
-7.49812
-7.51471
-7.54026
-7.51878
-7.53082
-7.48251
-7.4565
-7.54012
-7.49139
-7.4599
-7.4746
-7.59075
-7.55048
-7.53256
-7.61167
-7.64923
-7.54154
-7.57483
-7.60576
-7.60991
-7.60075
-7.58164
-7.55365
-7.59131
-7.5931
-7.64828
-7.6571
-7.65593
-7.59886
-7.49128
-7.66781
-7.59008
-7.60942
-7.62711
-7.62614
-7.6815
-7.69961
-7.68394
-7.68249
-7.7085
-7.66436
-7.6908
-7.71437
-7.75014
-7.83544
-7.83796
-7.82605
-7.72351
-7.82792
-7.83888
-7.77686
-7.82049
-7.8194
-7.81039
-7.77532
-7.74501
-7.64595
-7.68358
-7.66277
-7.72371
-7.76133
-7.66183
-7.52358
-7.47301
-7.39685
-7.3543
-7.4068
-7.46161
-7.5198
-7.51279
-7.53142
-7.59297
-7.55724
-7.63133
-7.53443
-7.58171
-7.6987
-7.68806
-7.66298
-7.72989
-7.71072
-7.64285
-7.67939
-7.62942
-7.67072
-7.67045
-7.68159
-7.65605
-7.65244
-7.71623
-7.64721
-7.67938
-7.60403
-7.5896
-7.59182
-7.63965
-7.64312
-7.63329
-7.56463
-7.5753
-7.68357
-7.70575
-7.72429
-7.68699
-7.67061
-7.62684
-7.7648
-7.72875
-7.70957
-7.71044
-7.7028
-7.65182
-7.55625
-7.46492
-7.52906
-7.50362
-7.50531
-7.52887
-7.50942
-7.40962
-7.45139
-7.49891
-7.5499
-7.46684
-7.50464
-7.55164
-7.56096
-7.59355
-7.58662
-7.51317
-7.5004
-7.38401
-7.42799
-7.40325
-7.40014
-7.42456
-7.46263
-7.43945
-7.44766
-7.4474
-7.4293
-7.48244
-7.50731
-7.50377
-7.50622
-7.47003
-7.50073
-7.49638
-7.60595
-7.58536
-7.5287
-7.40317
-7.50157
-7.49174
-7.57636
-7.58161
-7.62855
-7.61301
-7.6356
-7.58427
-7.49782
-7.44747
-7.48181
-7.5641
-7.57567
-7.55645
-7.53366
-7.56679
-7.52194
-7.48001
-7.38332
-7.39262
-7.45673
-7.41424
-7.32483
-7.41431
-7.4647
-7.60118
-7.62019
-7.5697
-7.57579
-7.56006
-7.55574
-7.57413
-7.4548
-7.5187
-7.5082
-7.49358
-7.5061
-7.49397
-7.5426
-7.5476
-7.55552
-7.56078
-7.5464
-7.46272
-7.52163
-7.61631
-7.55917
-7.49844
-7.49993
-7.47632
-7.45533
-7.58225
-7.49866
-7.51096
-7.55049
-7.48171
-7.32647
-7.37614
-7.32202
-7.35034
-7.40794
-7.3682
-7.37139
-7.36705
-7.46564
-7.43863
-7.4761
-7.43554
-7.46782
-7.43965
-7.47362
-7.50717
-7.40255
-7.43436
-7.46178
-7.53431
-7.5892
-7.61144
-7.56794
-7.52876
-7.53258
-7.55363
-7.53373
-7.52951
-7.51268
-7.53139
-7.57461
-7.56269
-7.50908
-7.45003
-7.51312
-7.53902
-7.5782
-7.55199
-7.53889
-7.49321
-7.49367
-7.53277
-7.62193
-7.49739
-7.55447
-7.63066
-7.63021
-7.6689
-7.69532
-7.63763
-7.6437
-7.57813
-7.59489
-7.57725
-7.61278
-7.64608
-7.60872
-7.57314
-7.51235
-7.57381
-7.62543
-7.59677
-7.64592
-7.66273
-7.6437
-7.55717
-7.56051
-7.54847
-7.48047
-7.49867
-7.63439
-7.55559
-7.51564
-7.50171
-7.54337
-7.59416
-7.5682
-7.57515
-7.48711
-7.50695
-7.55778
-7.533
-7.5192
-7.45738
-7.47717
-7.45666
-7.44084
-7.45397
-7.46307
-7.38599
-7.41745
-7.48873
-7.41203
-7.40465
-7.4574
-7.47606
-7.47188
-7.4286
-7.38504
-7.35913
-7.25603
-7.29709
-7.36409
-7.41782
-7.36153
-7.31053
-7.43059
-7.48237
-7.4472
-7.36475
-7.40571
-7.40182
-7.38328
-7.33055
-7.32937
-7.36626
-7.44559
-7.46329
-7.54074
-7.53332
-7.61035
-7.60997
-7.58806
-7.61469
-7.52614
-7.57667
-7.61221
-7.59372
-7.5836
-7.63918
-7.70424
-7.66968
-7.65346
-7.58112
-7.63135
-7.64014
-7.6189
-7.47934
-7.48738
-7.55402
-7.56759
-7.57038
-7.52485
-7.52368
-7.51778
-7.55388
-7.55856
-7.63076
-7.61214
-7.61397
-7.66287
-7.66034
-7.64369
-7.59747
-7.63481
-7.64858
-7.63706
-7.53985
-7.58856
-7.49079
-7.47204
-7.53063
-7.48729
-7.42925
-7.40749
-7.50501
-7.5034
-7.49641
-7.46853
-7.47009
-7.46259
-7.40167
-7.40736
-7.39125
-7.35616
-7.35441
-7.31276
-7.36103
-7.4405
-7.34242
-7.3412
-7.30019
-7.34734
-7.36585
-7.37176
-7.36737
-7.33027
-7.2903
-7.31001
-7.33613
-7.35428
-7.40671
-7.36067
-7.41739
-7.38733
-7.37578
-7.39633
-7.42943
-7.36919
-7.39662
-7.50372
-7.47854
-7.46971
-7.44275
-7.37458
-7.32087
-7.31338
-7.18863
-7.11449
-7.18248
-7.27409
-7.28518
-7.291
-7.29389
-7.43794
-7.47857
-7.42436
-7.38096
-7.48882
-7.56139
-7.55469
-7.60981
-7.52385
-7.45664
-7.51718
-7.52548
-7.55563
-7.54877
-7.57307
-7.53655
-7.55194
-7.56705
-7.52003
-7.47258
-7.46341
-7.37117
-7.45625
-7.41242
-7.40663
-7.38646
-7.35996
-7.3282
-7.30605
-7.33882
-7.351
-7.39636
-7.41837
-7.47061
-7.48129
-7.48312
-7.43643
-7.4256
-7.4541
-7.45269
-7.41212
-7.51331
-7.60108
-7.63246
-7.62336
-7.51388
-7.53984
-7.49759
-7.49776
-7.54254
-7.44779
-7.59311
-7.6092
-7.66174
-7.72547
-7.70759
-7.63738
-7.59319
-7.59745
-7.62272
-7.67327
-7.68231
-7.7053
-7.72573
-7.67081
-7.75208
-7.75155
-7.7436
-7.67809
-7.77307
-7.76132
-7.77727
-7.65562
-7.63373
-7.61895
-7.61734
-7.61694
-7.59379
-7.67229
-7.63632
-7.64659
-7.6247
-7.65758
-7.57535
-7.56312
-7.57172
-7.53894
-7.49135
-7.52281
-7.53448
-7.59203
-7.61092
-7.56441
-7.49793
-7.57956
-7.58702
-7.6556
-7.66081
-7.56758
-7.59027
-7.59045
-7.56744
-7.57309
-7.53454
-7.5413
-7.51356
-7.65134
-7.61899
-7.5996
-7.65031
-7.54095
-7.58385
-7.61646
-7.66487
-7.64354
-7.61685
-7.53239
-7.56389
-7.60262
-7.59067
-7.52128
-7.50809
-7.51495
-7.6228
-7.60775
-7.60385
-7.56324
-7.59345
-7.5236
-7.56015
-7.58124
-7.5509
-7.58882
-7.57945
-7.55894
-7.61464
-7.61781
-7.61596
-7.62971
-7.62786
-7.53188
-7.57569
-7.48529
-7.52391
-7.53257
-7.49592
-7.42919
-7.46532
-7.43371
-7.40681
-7.35436
-7.3757
-7.37618
-7.35926
-7.33784
-7.42114
-7.3243
-7.3506
-7.31291
-7.34435
-7.3737
-7.41922
-7.42956
-7.4771
-7.53056
-7.53586
-7.56116
-7.44154
-7.44298
-7.52662
-7.55808
-7.53419
-7.52187
-7.5554
-7.49289
-7.49171
-7.48133
-7.47397
-7.44327
-7.43805
-7.46346
-7.50901
-7.53571
-7.56981
-7.54716
-7.56294
-7.59387
-7.60826
-7.5962
-7.60878
-7.64578
-7.63741
-7.55732
-7.57459
-7.61238
-7.62595
-7.5795
-7.63555
-7.61694
-7.69875
-7.59505
-7.53959
-7.50315
-7.56444
-7.53562
-7.58884
-7.61931
-7.56084
-7.64098
-7.65765
-7.60069
-7.60709
-7.62541
-7.55904
-7.54422
-7.46079
-7.48163
-7.39916
-7.39226
-7.38703
-7.40969
-7.37573
-7.3246
-7.41081
-7.41976
-7.40083
-7.31458
-7.33935
-7.33397
-7.36096
-7.38877
-7.2977
-7.38843
-7.39378
-7.47984
-7.48174
-7.46469
-7.45867
-7.47398
-7.48664
-7.43797
-7.5348
-7.54823
-7.5497
-7.54385
-7.54317
-7.57489
-7.55351
-7.48356
-7.43088
-7.51563
-7.48822
-7.41814
-7.4313
-7.46965
-7.55899
-7.66273
-7.63333
-7.62653
-7.5577
-7.56358
-7.58282
-7.5396
-7.6047
-7.52701
-7.54756
-7.46102
-7.49334
-7.55067
-7.55854
-7.5436
-7.5752
-7.51186
-7.46059
-7.4515
-7.47035
-7.49147
-7.52561
-7.43779
-7.49077
-7.39619
-7.41854
-7.44368
-7.50029
-7.51038
-7.53867
-7.52089
-7.54017
-7.52446
-7.42698
-7.41749
-7.43837
-7.43632
-7.42517
-7.45827
-7.55785
-7.51219
-7.42382
-7.52321
-7.54378
-7.53436
-7.53357
-7.58938
-7.66636
-7.69005
-7.61366
-7.59447
-7.57717
-7.60116
-7.58457
-7.54924
-7.52978
-7.54463
-7.48561
-7.53867
-7.60074
-7.56874
-7.59361
-7.62325
-7.57504
-7.56095
-7.53436
-7.54099
-7.55402
-7.60242
-7.62451
-7.59706
-7.62851
-7.58397
-7.45598
-7.48152
-7.523
-7.59469
-7.49903
-7.55499
-7.47984
-7.5682
-7.53477
-7.53874
-7.56046
-7.54968
-7.55474
-7.56768
-7.56507
-7.57309
-7.59718
-7.59981
-7.65143
-7.60158
-7.6461
-7.48581
-7.4845
-7.54817
-7.57816
-7.51451
-7.50523
-7.51625
-7.48081
-7.48779
-7.4776
-7.457
-7.44385
-7.52764
-7.4381
-7.41381
-7.50239
-7.42134
-7.4647
-7.49904
-7.48578
-7.5393
-7.53899
-7.39141
-7.52945
-7.42568
-7.48859
-7.36283
-7.30474
-7.29381
-7.33388
-7.36361
-7.31037
-7.41174
-7.45347
-7.45753
-7.52819
-7.50069
-7.50381
-7.49628
-7.50706
-7.49781
-7.47518
-7.45425
-7.48551
-7.49399
-7.52408
-7.45245
-7.37062
-7.51761
-7.50957
-7.49748
-7.45098
-7.58241
-7.55008
-7.53086
-7.58712
-7.57748
-7.453
-7.48144
-7.41674
-7.38473
-7.39488
-7.36172
-7.46012
-7.45695
-7.44237
-7.42317
-7.39074
-7.37867
-7.40259
-7.38738
-7.48659
-7.47722
-7.47152
-7.42578
-7.45114
-7.46968
-7.50664
-7.51827
-7.49561
-7.48808
-7.43052
-7.4102
-7.41776
-7.39305
-7.39851
-7.49179
-7.46119
-7.40576
-7.44205
-7.5457
-7.45482
-7.52007
-7.57545
-7.58985
-7.51716
-7.48067
-7.56101
-7.53297
-7.53605
-7.52007
-7.56889
-7.61511
-7.64158
-7.59716
-7.541
-7.49361
-7.46287
-7.48655
-7.52023
-7.47895
-7.51051
-7.47112
-7.54146
-7.51939
-7.49645
-7.50037
-7.45136
-7.33828
-7.33337
-7.39623
-7.31702
-7.45549
-7.50925
-7.52515
-7.48893
-7.50393
-7.51097
-7.48728
-7.55338
-7.56703
-7.57722
-7.51489
-7.46861
-7.43118
-7.42854
-7.49783
-7.4524
-7.52236
-7.5719
-7.53544
-7.4985
-7.37771
-7.41086
-7.41957
-7.38651
-7.4448
-7.41297
-7.35203
-7.37832
-7.40992
-7.4315
-7.48225
-7.51524
-7.49321
-7.54409
-7.57687
-7.52441
-7.4681
-7.45352
-7.46936
-7.43992
-7.45467
-7.58376
-7.60184
-7.53802
-7.54357
-7.59308
-7.59794
-7.56592
-7.58038
-7.54256
-7.56218
-7.56361
-7.56801
-7.54644
-7.54477
-7.57556
-7.55394
-7.62168
-7.62336
-7.66017
-7.62238
-7.61988
-7.70294
-7.66972
-7.62088
-7.66128
-7.67981
-7.66749
-7.64588
-7.68115
-7.68619
-7.71679
-7.64769
-7.69179
-7.68534
-7.67047
-7.60722
-7.58222
-7.58097
-7.66894
-7.63036
-7.53006
-7.53542
-7.49585
-7.47622
-7.47461
-7.42433
-7.55603
-7.58351
-7.58713
-7.50954
-7.47558
-7.58923
-7.65372
-7.63542
-7.65638
-7.5719
-7.62118
-7.60836
-7.64644
-7.58484
-7.61447
-7.67863
-7.60025
-7.61493
-7.6402
-7.71695
-7.65568
-7.65783
-7.62742
-7.58758
-7.51321
-7.56312
-7.57348
-7.51485
-7.51248
-7.52602
-7.61085
-7.59073
-7.5947
-7.7011
-7.61873
-7.54933
-7.5393
-7.50351
-7.40147
-7.39677
-7.55803
-7.51054
-7.49667
-7.50236
-7.50998
-7.44466
-7.50444
-7.46699
-7.54233
-7.54512
-7.50731
-7.48803
-7.51608
-7.47325
-7.51965
-7.55815
-7.62332
-7.57818
-7.59033
-7.51913
-7.5099
-7.54975
-7.49399
-7.45046
-7.50869
-7.51847
-7.55498
-7.5251
-7.5318
-7.59964
-7.64561
-7.63437
-7.6587
-7.60071
-7.61217
-7.59404
-7.48342
-7.54397
-7.56512
-7.51129
-7.53045
-7.52089
-7.49857
-7.51683
-7.5786
-7.61521
-7.63132
-7.71408
-7.72062
-7.70688
-7.62341
-7.59883
-7.57097
-7.58844
-7.62017
-7.63826
-7.55962
-7.60764
-7.61217
-7.65586
-7.6817
-7.64741
-7.68169
-7.82324
-7.74526
-7.67597
-7.58311
-7.59668
-7.60018
-7.53619
-7.57647
-7.60325
-7.6024
-7.64915
-7.69028
-7.68697
-7.68563
-7.66959
-7.59432
-7.6726
-7.64553
-7.61181
-7.62431
-7.64081
-7.61863
-7.6175
-7.59602
-7.59061
-7.66459
-7.62539
-7.60961
-7.61761
-7.68648
-7.65583
-7.63316
-7.67856
-7.65804
-7.63013
-7.60745
-7.63194
-7.7137
-7.76045
-7.75801
-7.69818
-7.70087
-7.67419
-7.63626
-7.65637
-7.68828
-7.71359
-7.70729
-7.70376
-7.73532
-7.72136
-7.76229
-7.71861
-7.69966
-7.64164
-7.68523
-7.75692
-7.81528
-7.74846
-7.75139
-7.75332
-7.75001
-7.69158
-7.7531
-7.7484
-7.77505
-7.77069
-7.75149
-7.67496
-7.67351
-7.66493
-7.64027
-7.55669
-7.57028
-7.65604
-7.64366
-7.57248
-7.53865
-7.43413
-7.55463
-7.53324
-7.46749
-7.44342
-7.45678
-7.4908
-7.53093
-7.49902
-7.59674
-7.58143
-7.56995
-7.55909
-7.60227
-7.56419
-7.60765
-7.62191
-7.59607
-7.60945
-7.61584
-7.57187
-7.60442
-7.54031
-7.48493
-7.44422
-7.40806
-7.41519
-7.47324
-7.39668
-7.516
-7.53348
-7.54046
-7.50637
-7.51527
-7.54078
-7.5705
-7.554
-7.51333
-7.62948
-7.54677
-7.61842
-7.57963
-7.50006
-7.54212
-7.49517
-7.58142
-7.55321
-7.64048
-7.56297
-7.46647
-7.55948
-7.53127
-7.52368
-7.56977
-7.62446
-7.57648
-7.63121
-7.57517
-7.52195
-7.54265
-7.50784
-7.53801
-7.518
-7.55205
-7.4831
-7.5126
-7.50894
-7.45979
-7.46534
-7.45892
-7.46399
-7.50068
-7.48785
-7.5239
-7.53801
-7.53785
-7.5558
-7.60402
-7.5784
-7.53432
-7.61914
-7.60124
-7.60611
-7.60768
-7.57519
-7.67186
-7.61064
-7.64663
-7.66092
-7.65594
-7.68526
-7.60839
-7.5859
-7.57509
-7.60354
-7.61682
-7.63482
-7.73802
-7.7187
-7.75769
-7.68772
-7.75023
-7.67563
-7.63248
-7.53871
-7.44779
-7.3955
-7.42843
-7.46053
-7.47758
-7.54342
-7.55548
-7.54355
-7.50415
-7.42948
-7.47395
-7.37519
-7.44332
-7.5032
-7.47476
-7.41243
-7.37189
-7.39936
-7.41912
-7.44906
-7.42348
-7.52962
-7.44531
-7.42307
-7.47597
-7.49518
-7.49908
-7.46827
-7.51989
-7.5677
-7.60635
-7.55575
-7.5809
-7.61221
-7.54647
-7.51805
-7.52882
-7.5316
-7.55723
-7.56079
-7.56389
-7.4924
-7.5291
-7.51928
-7.47269
-7.45646
-7.39475
-7.45874
-7.48087
-7.58222
-7.5598
-7.52692
-7.62375
-7.55491
-7.56543
-7.65838
-7.61799
-7.52189
-7.60115
-7.58178
-7.67702
-7.61931
-7.58141
-7.55419
-7.58911
-7.60751
-7.59462
-7.57164
-7.58689
-7.59758
-7.61077
-7.69952
-7.653
-7.66708
-7.66633
-7.70808
-7.66494
-7.65501
-7.61894
-7.60807
-7.59905
-7.55406
-7.52341
-7.45869
-7.45385
-7.44113
-7.48212
-7.37467
-7.35261
-7.40977
-7.4019
-7.41035
-7.44252
-7.36009
-7.42007
-7.37455
-7.39537
-7.38177
-7.45384
-7.52753
-7.48233
-7.48121
-7.41695
-7.37335
-7.45775
-7.44939
-7.43075
-7.42999
-7.42553
-7.43012
-7.46616
-7.44382
-7.44356
-7.47921
-7.53486
-7.49185
-7.42272
-7.44403
-7.50258
-7.51742
-7.44812
-7.45888
-7.46396
-7.48513
-7.59144
-7.63939
-7.59007
-7.59743
-7.63941
-7.54602
-7.55239
-7.60741
-7.62252
-7.63756
-7.63604
-7.58089
-7.55331
-7.55674
-7.55091
-7.49011
-7.44397
-7.47969
-7.39491
-7.44313
-7.51006
-7.4995
-7.50621
-7.51958
-7.43901
-7.37993
-7.37074
-7.31533
-7.36691
-7.36295
-7.43401
-7.51134
-7.5763
-7.52647
-7.56448
-7.65048
-7.65481
-7.57859
-7.5864
-7.5837
-7.60024
-7.59394
-7.53248
-7.57469
-7.56392
-7.51567
-7.56178
-7.58107
-7.55878
-7.60826
-7.59385
-7.71084
-7.70574
-7.68892
-7.60948
-7.5741
-7.57469
-7.5419
-7.56458
-7.53342
-7.5589
-7.59562
-7.51037
-7.52866
-7.62377
-7.63119
-7.6507
-7.63412
-7.64204
-7.55118
-7.53593
-7.52276
-7.55851
-7.61597
-7.59163
-7.61901
-7.557
-7.54542
-7.50319
-7.56106
-7.57219
-7.56245
-7.54642
-7.59268
-7.53451
-7.58038
-7.56013
-7.53863
-7.54547
-7.61345
-7.6113
-7.65799
-7.68339
-7.67567
-7.65682
-7.67304
-7.59698
-7.60851
-7.60401
-7.6619
-7.64232
-7.58199
-7.59298
-7.59808
-7.54257
-7.56097
-7.53835
-7.52859
-7.51367
-7.52424
-7.56264
-7.61349
-7.55661
-7.55461
-7.5527
-7.61661
-7.63049
-7.61108
-7.55641
-7.51728
-7.51434
-7.56577
-7.5153
-7.50468
-7.48723
-7.52013
-7.53324
-7.49687
-7.46874
-7.50219
-7.55494
-7.49015
-7.45234
-7.48891
-7.46162
-7.52677
-7.49667
-7.46523
-7.42265
-7.37996
-7.29505
-7.30818
-7.3391
-7.35882
-7.30675
-7.29088
-7.29148
-7.33447
-7.36699
-7.32382
-7.31319
-7.37036
-7.33701
-7.35822
-7.39638
-7.40811
-7.49888
-7.44543
-7.38581
-7.357
-7.40326
-7.3924
-7.40188
-7.41716
-7.36423
-7.39094
-7.44133
-7.42606
-7.47088
-7.46616
-7.4199
-7.40426
-7.49195
-7.57352
-7.56998
-7.54703
-7.5827
-7.57144
-7.58608
-7.57298
-7.60898
-7.63448
-7.57938
-7.55192
-7.54917
-7.56816
-7.64846
-7.70205
-7.7229
-7.66761
-7.60468
-7.61697
-7.65755
-7.60947
-7.66244
-7.66089
-7.63193
-7.66023
-7.69468
-7.68495
-7.62685
-7.68586
-7.67376
-7.66485
-7.69369
-7.68036
-7.62886
-7.72545
-7.65048
-7.56028
-7.54609
-7.52927
-7.59624
-7.55618
-7.5082
-7.45215
-7.5256
-7.48341
-7.42672
-7.44162
-7.44724
-7.43026
-7.46715
-7.55112
-7.55397
-7.48672
-7.50999
-7.4676
-7.56477
-7.54278
-7.54847
-7.50369
-7.48
-7.496
-7.59003
-7.57562
-7.63664
-7.5277
-7.65881
-7.54432
-7.48047
-7.53291
-7.61021
-7.60845
-7.61057
-7.53524
-7.46383
-7.5124
-7.4484
-7.43634
-7.50857
-7.504
-7.51554
-7.44734
-7.40248
-7.41607
-7.39037
-7.45947
-7.6446
-7.71931
-7.62466
-7.6397
-7.6034
-7.5663
-7.48065
-7.49316
-7.58384
-7.60007
-7.58355
-7.60595
-7.60569
-7.47179
-7.38481
-7.50068
-7.42391
-7.39007
-7.39276
-7.42228
-7.38486
-7.41691
-7.3354
-7.39573
-7.39322
-7.47059
-7.55952
-7.51571
-7.45473
-7.4629
-7.57271
-7.57927
-7.5913
-7.59335
-7.64602
-7.63708
-7.62377
-7.59226
-7.56385
-7.51831
-7.54046
-7.54331
-7.55493
-7.48873
-7.57234
-7.5452
-7.55708
-7.49018
-7.4532
-7.43555
-7.51917
-7.49408
-7.53364
-7.57154
-7.66804
-7.66123
-7.65056
-7.58076
-7.59839
-7.59693
-7.62183
-7.51974
-7.535
-7.55643
-7.6339
-7.64079
-7.65606
-7.60526
-7.63398
-7.54266
-7.60449
-7.62535
-7.53531
-7.5225
-7.46867
-7.44247
-7.41407
-7.40788
-7.45929
-7.4903
-7.49564
-7.54021
-7.58469
-7.65613
-7.69752
-7.65524
-7.61783
-7.636
-7.68815
-7.61343
-7.59869
-7.54828
-7.56156
-7.5801
-7.58307
-7.66296
-7.62091
-7.57028
-7.53589
-7.49486
-7.36861
-7.41125
-7.52619
-7.60029
-7.52084
-7.45529
-7.58313
-7.54355
-7.50995
-7.54872
-7.42471
-7.49124
-7.56305
-7.60893
-7.58276
-7.58524
-7.6315
-7.59598
-7.59869
-7.53877
-7.45853
-7.54492
-7.60014
-7.48724
-7.53247
-7.5148
-7.47809
-7.57983
-7.59493
-7.65163
-7.65707
-7.6191
-7.62216
-7.60226
-7.59155
-7.61982
-7.60397
-7.64987
-7.57044
-7.51695
-7.49927
-7.44802
-7.53075
-7.54414
-7.58714
-7.61553
-7.59653
-7.61744
-7.54857
-7.60225
-7.61213
-7.64029
-7.63914
-7.54779
-7.53786
-7.48191
-7.51838
-7.49116
-7.47354
-7.44562
-7.3438
-7.4622
-7.51411
-7.47149
-7.47559
-7.47417
-7.43015
-7.51643
-7.49769
-7.57523
-7.58308
-7.49988
-7.51859
-7.52227
-7.50614
-7.56525
-7.56875
-7.5425
-7.49819
-7.50151
-7.57693
-7.58174
-7.61315
-7.5954
-7.54218
-7.61628
-7.62896
-7.60128
-7.55219
-7.57468
-7.65288
-7.58473
-7.61814
-7.6531
-7.68307
-7.67379
-7.62512
-7.6065
-7.58489
-7.59543
-7.6018
-7.62274
-7.56596
-7.57977
-7.57437
-7.55813
-7.46077
-7.54108
-7.55242
-7.53552
-7.54089
-7.50858
-7.45706
-7.45077
-7.44474
-7.52227
-7.47372
-7.49114
-7.56931
-7.65197
-7.65422
-7.6194
-7.62044
-7.56959
-7.54493
-7.55107
-7.5284
-7.52786
-7.51338
-7.53524
-7.54992
-7.62483
-7.71326
-7.65244
-7.76399
-7.75115
-7.75072
-7.69799
-7.66159
-7.59898
-7.54604
-7.5986
-7.63081
-7.63233
-7.59884
-7.59284
-7.57754
-7.55285
-7.54923
-7.56059
-7.54899
-7.49384
-7.55813
-7.55478
-7.58563
-7.62792
-7.58517
-7.59235
-7.60721
-7.67148
-7.66432
-7.64698
-7.69174
-7.65113
-7.56736
-7.45134
-7.48692
-7.4415
-7.37128
-7.44698
-7.5105
-7.53621
-7.53589
-7.48772
-7.47688
-7.45885
-7.50088
-7.51675
-7.38038
-7.47833
-7.48234
-7.48114
-7.48556
-7.50205
-7.51913
-7.49684
-7.54629
-7.40922
-7.39314
-7.41459
-7.32288
-7.35634
-7.23187
-7.35279
-7.34237
-7.39317
-7.35785
-7.32797
-7.38635
-7.37896
-7.33765
-7.39955
-7.36544
-7.44304
-7.43887
-7.44491
-7.43504
-7.49616
-7.45591
-7.57772
-7.54513
-7.48184
-7.47523
-7.48148
-7.39466
-7.4501
-7.39031
-7.44037
-7.46503
-7.48712
-7.58877
-7.49971
-7.57887
-7.53361
-7.5008
-7.41799
-7.37154
-7.45412
-7.48432
-7.50623
-7.48902
-7.37837
-7.42653
-7.42134
-7.43044
-7.50288
-7.49682
-7.49253
-7.44407
-7.34471
-7.38544
-7.44765
-7.59405
-7.63442
-7.61616
-7.64018
-7.5652
-7.49176
-7.51374
-7.60322
-7.64345
-7.59603
-7.56845
-7.52531
-7.46827
-7.51516
-7.48242
-7.43218
-7.46537
-7.49346
-7.52119
-7.4426
-7.55593
-7.51289
-7.60653
-7.54229
-7.5501
-7.53174
-7.56365
-7.58829
-7.58911
-7.61981
-7.60181
-7.65753
-7.59468
-7.50947
-7.44396
-7.44441
-7.4528
-7.40274
-7.4564
-7.49961
-7.49835
-7.52511
-7.51658
-7.50637
-7.50685
-7.51541
-7.54234
-7.53019
-7.47849
-7.55204
-7.55905
-7.5294
-7.61798
-7.57727
-7.55535
-7.60462
-7.54355
-7.57544
-7.5083
-7.52747
-7.48226
-7.47028
-7.49306
-7.44821
-7.43183
-7.45106
-7.49489
-7.52257
-7.55534
-7.49645
-7.49842
-7.48041
-7.4838
-7.42412
-7.50054
-7.42781
-7.40613
-7.49305
-7.47977
-7.50295
-7.45618
-7.41831
-7.43039
-7.49359
-7.61995
-7.60325
-7.59875
-7.56775
-7.61323
-7.5968
-7.61818
-7.7023
-7.70178
-7.70976
-7.63066
-7.53443
-7.62452
-7.59752
-7.70056
-7.72532
-7.80985
-7.80374
-7.65878
-7.65765
-7.6145
-7.65586
-7.67217
-7.67703
-7.62811
-7.62772
-7.63253
-7.58387
-7.58142
-7.61184
-7.55938
-7.51285
-7.53779
-7.50663
-7.52008
-7.58377
-7.64147
-7.61346
-7.60991
-7.66002
-7.65731
-7.63246
-7.64392
-7.58137
-7.54979
-7.61231
-7.568
-7.58663
-7.62081
-7.57875
-7.63879
-7.61635
-7.56082
-7.60484
-7.6315
-7.60043
-7.53046
-7.51437
-7.4464
-7.42562
-7.45534
-7.40307
-7.49663
-7.58426
-7.64638
-7.65113
-7.53295
-7.41293
-7.38362
-7.33023
-7.33543
-7.35841
-7.41045
-7.48926
-7.50503
-7.52049
-7.62227
-7.59448
-7.53023
-7.57411
-7.586
-7.52243
-7.54927
-7.54364
-7.59346
-7.57498
-7.5996
-7.64725
-7.59028
-7.55967
-7.59731
-7.61906
-7.56448
-7.58728
-7.58474
-7.62229
-7.65165
-7.63253
-7.50885
-7.45599
-7.42394
-7.50808
-7.50745
-7.54216
-7.55292
-7.46985
-7.51637
-7.5398
-7.51261
-7.52004
-7.5788
-7.59397
-7.57957
-7.62043
-7.59468
-7.58903
-7.69327
-7.76818
-7.72409
-7.70796
-7.63186
-7.65353
-7.56565
-7.5271
-7.4947
-7.49041
-7.49997
-7.52245
-7.59253
-7.59423
-7.56349
-7.53204
-7.55148
-7.52747
-7.52594
-7.5775
-7.55154
-7.53436
-7.59642
-7.54947
-7.58392
-7.61037
-7.67482
-7.65664
-7.62444
-7.62497
-7.62902
-7.61899
-7.64612
-7.6208
-7.58737
-7.61835
-7.60626
-7.6054
-7.59398
-7.66707
-7.5876
-7.62476
-7.58966
-7.59168
-7.57329
-7.54036
-7.48573
-7.52227
-7.56174
-7.62879
-7.57185
-7.59815
-7.54203
-7.54487
-7.57745
-7.5478
-7.54376
-7.54649
-7.62636
-7.52904
-7.49415
-7.47342
-7.49089
-7.58621
-7.5976
-7.57272
-7.63969
-7.6703
-7.66602
-7.61362
-7.56432
-7.49853
-7.38777
-7.46402
-7.52649
-7.48543
-7.48291
-7.48595
-7.53106
-7.50527
-7.4792
-7.4484
-7.4436
-7.39017
-7.40195
-7.45245
-7.46638
-7.4132
-7.42121
-7.34844
-7.3561
-7.36636
-7.43313
-7.42269
-7.46935
-7.45729
-7.42854
-7.33961
-7.4253
-7.51503
-7.53348
-7.61003
-7.59806
-7.57344
-7.58974
-7.61747
-7.57671
-7.58832
-7.55335
-7.56628
-7.57258
-7.53906
-7.53053
-7.47977
-7.61795
-7.64571
-7.67912
-7.70031
-7.64062
-7.70888
-7.68538
-7.58247
-7.54585
-7.56137
-7.59627
-7.60197
-7.57454
-7.512
-7.59829
-7.62338
-7.60053
-7.68308
-7.63415
-7.66046
-7.67973
-7.57022
-7.51251
-7.47151
-7.52619
-7.54219
-7.50964
-7.58057
-7.51156
-7.59568
-7.57767
-7.58458
-7.56597
-7.58164
-7.57201
-7.59465
-7.65614
-7.65631
-7.61463
-7.59541
-7.58125
-7.58861
-7.56315
-7.51494
-7.61137
-7.63474
-7.67984
-7.60888
-7.58958
-7.49725
-7.41234
-7.4342
-7.44333
-7.45576
-7.48389
-7.55456
-7.44685
-7.43041
-7.53236
-7.54011
-7.52081
-7.5466
-7.54898
-7.5381
-7.45097
-7.42345
-7.41146
-7.32545
-7.39708
-7.51534
-7.54523
-7.48629
-7.47499
-7.54702
-7.58058
-7.55823
-7.58787
-7.63766
-7.64227
-7.69906
-7.70217
-7.68175
-7.6805
-7.64448
-7.65408
-7.60532
-7.57177
-7.48926
-7.50129
-7.55683
-7.53457
-7.52941
-7.46566
-7.44343
-7.43204
-7.40911
-7.40407
-7.36491
-7.38196
-7.41081
-7.51529
-7.45323
-7.50175
-7.48112
-7.48467
-7.44951
-7.45609
-7.41527
-7.46595
-7.45965
-7.41408
-7.44888
-7.46921
-7.49198
-7.5936
-7.67282
-7.6002
-7.56873
-7.51802
-7.45477
-7.48488
-7.45388
-7.52566
-7.52428
-7.47373
-7.5366
-7.5253
-7.48247
-7.48384
-7.54533
-7.64574
-7.64022
-7.62133
-7.5854
-7.49004
-7.4926
-7.48577
-7.44655
-7.46037
-7.47562
-7.49386
-7.45925
-7.46234
-7.44387
-7.41968
-7.4782
-7.51515
-7.5946
-7.54695
-7.595
-7.59729
-7.54915
-7.50432
-7.62266
-7.57633
-7.52888
-7.60633
-7.56476
-7.52652
-7.42306
-7.4994
-7.47652
-7.57136
-7.57201
-7.52592
-7.57835
-7.63946
-7.57689
-7.57164
-7.55532
-7.58374
-7.54268
-7.5875
-7.59287
-7.63367
-7.62784
-7.6335
-7.6088
-7.60721
-7.58133
-7.58712
-7.57941
-7.56267
-7.59691
-7.53976
-7.50206
-7.40237
-7.49444
-7.42447
-7.44748
-7.46896
-7.46902
-7.52102
-7.58548
-7.52148
-7.63403
-7.60802
-7.5064
-7.53547
-7.59333
-7.63395
-7.61502
-7.61997
-7.66598
-7.64154
-7.63599
-7.65264
-7.64703
-7.66148
-7.64068
-7.65936
-7.58149
-7.59362
-7.61295
-7.63931
-7.63573
-7.61352
-7.62464
-7.66411
-7.59355
-7.55927
-7.58977
-7.62817
-7.59627
-7.61417
-7.59552
-7.57612
-7.54528
-7.64679
-7.61332
-7.62352
-7.60189
-7.62975
-7.60156
-7.63004
-7.66444
-7.62687
-7.59176
-7.5067
-7.57818
-7.54516
-7.53958
-7.62969
-7.61074
-7.62489
-7.59945
-7.54099
-7.55496
-7.52577
-7.5169
-7.45898
-7.46042
-7.43774
-7.47436
-7.46706
-7.43677
-7.43587
-7.45498
-7.39462
-7.46909
-7.54817
-7.50011
-7.51386
-7.58509
-7.60683
-7.62644
-7.61457
-7.632
-7.59128
-7.6458
-7.62984
-7.5857
-7.5435
-7.48427
-7.51523
-7.55525
-7.52166
-7.4132
-7.4762
-7.50183
-7.48254
-7.51137
-7.50862
-7.58126
-7.64165
-7.60956
-7.60078
-7.62682
-7.52774
-7.53254
-7.47285
-7.57176
-7.50811
-7.54029
-7.57308
-7.61338
-7.4869
-7.51071
-7.5053
-7.50302
-7.55321
-7.47906
-7.52582
-7.56317
-7.59634
-7.581
-7.56715
-7.5943
-7.60213
-7.63436
-7.62969
-7.56803
-7.56108
-7.50652
-7.46627
-7.51174
-7.56931
-7.56003
-7.59468
-7.53839
-7.56714
-7.54891
-7.57547
-7.41785
-7.46041
-7.37656
-7.40459
-7.49715
-7.44221
-7.3926
-7.41765
-7.33581
-7.38396
-7.37396
-7.42147
-7.38457
-7.45993
-7.45664
-7.40135
-7.46567
-7.48666
-7.46878
-7.49881
-7.5122
-7.56779
-7.59187
-7.5335
-7.49615
-7.45623
-7.50696
-7.48535
-7.43084
-7.52821
-7.59544
-7.55183
-7.55372
-7.61257
-7.67627
-7.68093
-7.63819
-7.54972
-7.45144
-7.47316
-7.46071
-7.53541
-7.5522
-7.44966
-7.50128
-7.45628
-7.45045
-7.58389
-7.62479
-7.60688
-7.61294
-7.55594
-7.56137
-7.62071
-7.57632
-7.57379
-7.58874
-7.5684
-7.61289
-7.6959
-7.71402
-7.688
-7.76853
-7.76429
-7.7399
-7.78458
-7.73454
-7.68585
-7.70594
-7.64958
-7.68091
-7.69713
-7.75409
-7.71771
-7.67124
-7.67423
-7.61398
-7.61823
-7.62593
-7.59379
-7.52679
-7.51532
-7.53567
-7.5878
-7.56649
-7.52786
-7.54325
-7.48221
-7.50264
-7.53469
-7.53103
-7.5981
-7.56509
-7.6674
-7.70204
-7.64071
-7.58391
-7.63108
-7.60798
-7.67045
-7.60781
-7.64921
-7.63591
-7.63817
-7.61981
-7.55418
-7.57196
-7.60412
-7.60716
-7.59717
-7.56614
-7.66882
-7.64117
-7.59726
-7.67355
-7.61926
-7.72744
-7.72488
-7.66336
-7.60574
-7.59467
-7.51996
-7.65189
-7.66188
-7.51153
-7.55354
-7.55141
-7.59621
-7.5492
-7.50286
-7.54084
-7.61352
-7.63543
-7.70527
-7.62995
-7.64928
-7.63103
-7.51967
-7.49347
-7.42398
-7.54113
-7.62219
-7.57263
-7.57733
-7.63817
-7.60977
-7.5449
-7.53849
-7.62232
-7.6655
-7.64735
-7.65239
-7.60181
-7.6329
-7.60706
-7.65865
-7.67147
-7.63304
-7.56255
-7.59822
-7.56334
-7.56979
-7.62577
-7.58996
-7.59007
-7.6047
-7.54225
-7.47583
-7.49332
-7.59203
-7.56095
-7.59772
-7.57289
-7.63876
-7.63678
-7.61914
-7.61901
-7.50254
-7.55495
-7.52556
-7.51327
-7.50216
-7.50136
-7.48742
-7.51704
-7.48312
-7.42264
-7.42054
-7.45935
-7.45609
-7.44784
-7.50423
-7.49609
-7.62064
-7.68982
-7.58093
-7.56806
-7.52718
-7.55697
-7.60304
-7.61873
-7.57295
-7.56563
-7.59948
-7.69274
-7.6119
-7.54653
-7.49039
-7.51923
-7.53689
-7.53327
-7.59078
-7.59714
-7.59551
-7.59061
-7.6285
-7.67028
-7.75152
-7.66742
-7.69428
-7.58079
-7.58022
-7.64453
-7.61652
-7.56726
-7.57335
-7.57981
-7.46917
-7.52539
-7.62395
-7.63178
-7.67084
-7.68878
-7.67482
-7.71016
-7.71744
-7.59172
-7.56981
-7.51489
-7.6137
-7.61668
-7.62953
-7.57901
-7.60599
-7.64292
-7.63389
-7.55851
-7.52157
-7.52345
-7.48933
-7.49779
-7.5188
-7.48985
-7.52939
-7.49923
-7.51259
-7.51878
-7.55607
-7.58934
-7.55494
-7.5379
-7.5719
-7.57506
-7.5882
-7.52421
-7.58168
-7.60913
-7.64751
-7.56116
-7.58302
-7.57111
-7.58611
-7.61544
-7.5773
-7.62423
-7.64143
-7.57706
-7.56339
-7.57606
-7.54316
-7.47965
-7.47447
-7.48221
-7.44746
-7.38715
-7.41379
-7.43952
-7.47501
-7.51692
-7.55302
-7.50064
-7.47766
-7.47678
-7.52388
-7.50036
-7.49485
-7.51514
-7.45671
-7.57297
-7.57497
-7.6477
-7.59275
-7.62989
-7.58911
-7.52085
-7.52172
-7.47551
-7.47504
-7.43777
-7.45992
-7.44887
-7.36813
-7.3183
-7.3152
-7.35627
-7.37467
-7.33162
-7.25878
-7.29568
-7.25261
-7.30397
-7.33939
-7.40152
-7.41196
-7.41171
-7.31103
-7.24662
-7.24564
-7.25058
-7.27881
-7.35817
-7.38766
-7.41648
-7.40918
-7.32854
-7.41828
-7.43782
-7.37758
-7.37179
-7.44066
-7.42885
-7.48787
-7.54961
-7.63634
-7.60167
-7.63748
-7.61481
-7.60631
-7.55082
-7.55381
-7.4618
-7.39782
-7.34563
-7.39275
-7.45537
-7.51871
-7.49607
-7.47107
-7.45935
-7.48501
-7.50963
-7.51368
-7.55289
-7.59609
-7.569
-7.50605
-7.49111
-7.41735
-7.463
-7.56915
-7.5169
-7.43262
-7.4198
-7.53769
-7.52389
-7.52805
-7.57922
-7.53498
-7.59358
-7.55753
-7.48516
-7.50795
-7.58792
-7.61019
-7.65492
-7.65803
-7.66116
-7.63295
-7.64981
-7.63533
-7.59549
-7.52676
-7.54715
-7.57514
-7.62105
-7.58087
-7.56555
-7.61747
-7.59851
-7.61544
-7.56861
-7.51325
-7.54566
-7.53397
-7.57817
-7.62745
-7.6708
-7.68683
-7.63067
-7.62818
-7.64023
-7.62751
-7.6264
-7.58616
-7.60404
-7.6007
-7.61687
-7.57274
-7.50143
-7.55406
-7.67859
-7.57493
-7.59194
-7.56503
-7.54701
-7.58374
-7.59074
-7.59478
-7.6165
-7.60892
-7.59891
-7.55225
-7.65054
-7.60219
-7.54653
-7.5433
-7.60129
-7.57976
-7.50939
-7.5196
-7.58217
-7.58693
-7.50859
-7.50776
-7.52347
-7.50915
-7.51143
-7.42949
-7.4619
-7.45813
-7.48896
-7.49566
-7.50005
-7.5373
-7.55272
-7.58411
-7.63503
-7.67303
-7.60296
-7.53136
-7.66034
-7.60222
-7.62644
-7.57913
-7.5491
-7.49287
-7.4443
-7.49374
-7.45164
-7.44372
-7.37864
-7.46688
-7.52854
-7.55871
-7.61533
-7.64238
-7.64181
-7.61958
-7.53908
-7.59298
-7.63547
-7.67311
-7.65221
-7.60614
-7.55453
-7.57135
-7.53913
-7.49812
-7.43947
-7.45039
-7.46
-7.38209
-7.37203
-7.41668
-7.48283
-7.5296
-7.57856
-7.51022
-7.49686
-7.48937
-7.56786
-7.56933
-7.57001
-7.56909
-7.60002
-7.63965
-7.58526
-7.57311
-7.59203
-7.64196
-7.58997
-7.66192
-7.6988
-7.68259
-7.64613
-7.66018
-7.62061
-7.6507
-7.651
-7.66139
-7.64694
-7.63987
-7.59589
-7.62982
-7.63364
-7.65431
-7.65034
-7.72949
-7.77038
-7.75135
-7.6942
-7.72364
-7.65408
-7.60278
-7.65911
-7.74553
-7.60946
-7.61081
-7.6374
-7.64384
-7.63224
-7.69679
-7.69609
-7.67278
-7.65888
-7.57861
-7.51812
-7.50352
-7.40501
-7.48643
-7.5048
-7.45989
-7.39584
-7.37568
-7.42786
-7.40973
-7.45704
-7.40852
-7.49294
-7.46102
-7.44261
-7.50844
-7.51376
-7.53032
-7.55795
-7.53997
-7.57239
-7.62714
-7.62125
-7.57781
-7.4949
-7.51856
-7.54929
-7.58704
-7.67754
-7.65576
-7.68013
-7.66847
-7.6214
-7.63234
-7.66836
-7.65087
-7.63212
-7.55974
-7.58973
-7.51934
-7.57706
-7.54591
-7.46581
-7.50807
-7.38839
-7.38908
-7.45218
-7.49826
-7.55873
-7.53828
-7.48083
-7.49395
-7.44978
-7.42401
-7.32418
-7.39229
-7.4012
-7.39489
-7.41326
-7.39981
-7.40694
-7.45631
-7.51725
-7.57484
-7.54563
-7.45038
-7.43556
-7.44685
-7.36764
-7.4446
-7.47329
-7.50125
-7.49418
-7.44597
-7.52526
-7.53152
-7.53053
-7.50556
-7.44254
-7.49103
-7.50425
-7.45507
-7.47245
-7.48241
-7.48739
-7.45904
-7.42382
-7.42788
-7.43676
-7.41884
-7.35785
-7.33614
-7.29804
-7.36886
-7.45112
-7.35944
-7.43522
-7.54532
-7.50748
-7.50026
-7.49566
-7.48619
-7.43263
-7.37185
-7.32241
-7.33032
-7.38165
-7.40359
-7.41813
-7.37178
-7.48288
-7.48417
-7.53017
-7.57662
-7.54296
-7.57739
-7.54593
-7.56139
-7.55867
-7.55456
-7.53033
-7.50039
-7.51722
-7.4578
-7.47978
-7.46478
-7.438
-7.44684
-7.56123
-7.59974
-7.57679
-7.56532
-7.5462
-7.58441
-7.59053
-7.61752
-7.62843
-7.57747
-7.60276
-7.59021
-7.62178
-7.61328
-7.6888
-7.68533
-7.67709
-7.64905
-7.58638
-7.57723
-7.61386
-7.59969
-7.58347
-7.55675
-7.49714
-7.53596
-7.61365
-7.50309
-7.55346
-7.58068
-7.52328
-7.601
-7.62856
-7.65561
-7.59812
-7.60974
-7.62203
-7.63631
-7.62601
-7.63227
-7.56863
-7.56952
-7.65006
-7.63216
-7.62185
-7.5541
-7.60122
-7.56626
-7.53136
-7.48118
-7.46087
-7.51054
-7.53643
-7.56512
-7.58677
-7.58348
-7.54808
-7.54398
-7.58902
-7.56551
-7.54163
-7.55538
-7.51106
-7.40751
-7.3739
-7.45548
-7.49362
-7.46983
-7.48857
-7.46016
-7.4618
-7.54415
-7.64609
-7.56533
-7.5724
-7.53174
-7.46269
-7.47961
-7.49521
-7.54137
-7.56662
-7.57982
-7.49194
-7.44369
-7.43053
-7.4476
-7.47078
-7.39478
-7.33743
-7.44451
-7.60088
-7.63258
-7.57291
-7.61386
-7.56315
-7.57877
-7.45787
-7.51526
-7.60085
-7.58302
-7.65066
-7.64423
-7.56165
-7.52583
-7.48677
-7.56981
-7.54319
-7.53253
-7.5368
-7.48227
-7.4735
-7.45529
-7.54067
-7.48651
-7.45054
-7.4678
-7.44264
-7.47433
-7.45585
-7.52644
-7.53574
-7.57307
-7.51726
-7.57766
-7.59004
-7.59145
-7.67252
-7.63153
-7.63272
-7.68856
-7.74524
-7.74745
-7.68183
-7.72002
-7.63633
-7.51203
-7.47431
-7.54714
-7.46817
-7.49744
-7.46471
-7.41308
-7.40907
-7.42365
-7.38738
-7.42014
-7.40781
-7.41624
-7.45618
-7.58297
-7.58726
-7.56963
-7.57155
-7.52332
-7.57479
-7.54081
-7.59496
-7.5856
-7.55528
-7.55341
-7.59685
-7.60324
-7.63288
-7.67033
-7.67503
-7.7733
-7.71718
-7.65869
-7.66378
-7.64259
-7.62937
-7.61041
-7.54163
-7.52135
-7.47661
-7.57402
-7.539
-7.61736
-7.62248
-7.57609
-7.53674
-7.55084
-7.57445
-7.53399
-7.55883
-7.59443
-7.5809
-7.52883
-7.51815
-7.58934
-7.59757
-7.60666
-7.68191
-7.63731
-7.67157
-7.72706
-7.67865
-7.67365
-7.62027
-7.63562
-7.67141
-7.63655
-7.54303
-7.59617
-7.54985
-7.50833
-7.44869
-7.50302
-7.46582
-7.4237
-7.44796
-7.46968
-7.46143
-7.60504
-7.56546
-7.6523
-7.68409
-7.71229
-7.68677
-7.73583
-7.63062
-7.59726
-7.67953
-7.6975
-7.65566
-7.59112
-7.61237
-7.57024
-7.55274
-7.62923
-7.58785
-7.64805
-7.64529
-7.61317
-7.62871
-7.70107
-7.71352
-7.70441
-7.74149
-7.68722
-7.73117
-7.70914
-7.70156
-7.70868
-7.71975
-7.67793
-7.71713
-7.66737
-7.62668
-7.6287
-7.56175
-7.54765
-7.48452
-7.52133
-7.46941
-7.48049
-7.50934
-7.51925
-7.46895
-7.43676
-7.33669
-7.42507
-7.49311
-7.49545
-7.60628
-7.59271
-7.55295
-7.52818
-7.55623
-7.49259
-7.49415
-7.44175
-7.53837
-7.57584
-7.61503
-7.54527
-7.5974
-7.63047
-7.55342
-7.56467
-7.67921
-7.66598
-7.58759
-7.59647
-7.58119
-7.66111
-7.67641
-7.59128
-7.62685
-7.58209
-7.60353
-7.39771
-7.43544
-7.49499
-7.52887
-7.46255
-7.4136
-7.37677
-7.39976
-7.43905
-7.49064
-7.44997
-7.46444
-7.48003
-7.58667
-7.61442
-7.57343
-7.60205
-7.55228
-7.48024
-7.49092
-7.45698
-7.40111
-7.42749
-7.46149
-7.52146
-7.46454
-7.47791
-7.41063
-7.41489
-7.40362
-7.34006
-7.42245
-7.50288
-7.50574
-7.51038
-7.47266
-7.47229
-7.55215
-7.5486
-7.56994
-7.53761
-7.53499
-7.58372
-7.56097
-7.64167
-7.59369
-7.58063
-7.59461
-7.54593
-7.5798
-7.57956
-7.5734
-7.54812
-7.44839
-7.59519
-7.55414
-7.52726
-7.54253
-7.46566
-7.53504
-7.67685
-7.70184
-7.65673
-7.67768
-7.59486
-7.60809
-7.58704
-7.55178
-7.56972
-7.5697
-7.65751
-7.6382
-7.68631
-7.62449
-7.61074
-7.58572
-7.5543
-7.53683
-7.4735
-7.54809
-7.5581
-7.44252
-7.39644
-7.51977
-7.51302
-7.41492
-7.44755
-7.45677
-7.49197
-7.48406
-7.50114
-7.49192
-7.45703
-7.48496
-7.4539
-7.32495
-7.35928
-7.37086
-7.43361
-7.43304
-7.33187
-7.37765
-7.32227
-7.30463
-7.33923
-7.36335
-7.38388
-7.39254
-7.41391
-7.45581
-7.44998
-7.46805
-7.42644
-7.53475
-7.54342
-7.58599
-7.56104
-7.53181
-7.59084
-7.60823
-7.6331
-7.5192
-7.52588
-7.47331
-7.51807
-7.52689
-7.45308
-7.46448
-7.45366
-7.48563
-7.53717
-7.49445
-7.51981
-7.44707
-7.44617
-7.48088
-7.47202
-7.4449
-7.38499
-7.37978
-7.3889
-7.4114
-7.40922
-7.45018
-7.48582
-7.41856
-7.40486
-7.34181
-7.38214
-7.34807
-7.43812
-7.42897
-7.33813
-7.36266
-7.34792
-7.37771
-7.35659
-7.37879
-7.38424
-7.46711
-7.45794
-7.42008
-7.44347
-7.48202
-7.46072
-7.38732
-7.42589
-7.467
-7.39707
-7.39197
-7.44028
-7.45205
-7.49073
-7.55977
-7.49247
-7.48697
-7.51714
-7.5295
-7.46479
-7.42193
-7.36506
-7.34999
-7.32987
-7.36811
-7.40008
-7.46577
-7.56032
-7.57432
-7.51986
-7.46448
-7.47978
-7.41997
-7.46486
-7.54414
-7.54604
-7.65456
-7.62291
-7.51456
-7.47011
-7.52865
-7.602
-7.62514
-7.58798
-7.63204
-7.65916
-7.69804
-7.5956
-7.62815
-7.5612
-7.50495
-7.49945
-7.57285
-7.60489
-7.64312
-7.54013
-7.57721
-7.5382
-7.55037
-7.5556
-7.48006
-7.51739
-7.57508
-7.55822
-7.51857
-7.42384
-7.40491
-7.39935
-7.43451
-7.34979
-7.38857
-7.42139
-7.4665
-7.41896
-7.43479
-7.38412
-7.37757
-7.32601
-7.33488
-7.4692
-7.37732
-7.35678
-7.43861
-7.40426
-7.41997
-7.38327
-7.46447
-7.45151
-7.39506
-7.39633
-7.46813
-7.39415
-7.39865
-7.36588
-7.29189
-7.28475
-7.25818
-7.33504
-7.33996
-7.32355
-7.28605
-7.34194
-7.27098
-7.31814
-7.31555
-7.30987
-7.27333
-7.32057
-7.34117
-7.41002
-7.43194
-7.42628
-7.41184
-7.47652
-7.45116
-7.3974
-7.34547
-7.34596
-7.36191
-7.39937
-7.46057
-7.54608
-7.5841
-7.59805
-7.61529
-7.5262
-7.45821
-7.46518
-7.51632
-7.52654
-7.55174
-7.47954
-7.52112
-7.55053
-7.5699
-7.52935
-7.59006
-7.58073
-7.5957
-7.59044
-7.61756
-7.58226
-7.52093
-7.47537
-7.46144
-7.48998
-7.47437
-7.50942
-7.55653
-7.51787
-7.49887
-7.58712
-7.63512
-7.48863
-7.5369
-7.42406
-7.37543
-7.43167
-7.40746
-7.36228
-7.37505
-7.3716
-7.34849
-7.42617
-7.4568
-7.45762
-7.44928
-7.45744
-7.49763
-7.5065
-7.43058
-7.47593
-7.51409
-7.49593
-7.49174
-7.53365
-7.52709
-7.48293
-7.43115
-7.48448
-7.4666
-7.47573
-7.45371
-7.52145
-7.52679
-7.5482
-7.49742
-7.51039
-7.53377
-7.57959
-7.59951
-7.6283
-7.53562
-7.51373
-7.60112
-7.49328
-7.51394
-7.4775
-7.41976
-7.4861
-7.5593
-7.63418
-7.53134
-7.50914
-7.521
-7.49249
-7.48737
-7.47793
-7.50863
-7.48168
-7.46893
-7.50692
-7.50695
-7.52264
-7.50587
-7.46062
-7.43833
-7.4858
-7.46602
-7.44744
-7.49053
-7.4404
-7.55489
-7.55434
-7.5313
-7.51178
-7.44733
-7.47796
-7.4678
-7.49082
-7.47098
-7.45344
-7.45958
-7.52852
-7.54397
-7.48863
-7.40515
-7.45231
-7.45929
-7.52956
-7.57411
-7.54954
-7.50599
-7.56747
-7.53564
-7.56291
-7.48301
-7.43693
-7.50387
-7.52433
-7.50962
-7.53717
-7.52204
-7.53334
-7.54775
-7.51489
-7.56443
-7.52961
-7.42305
-7.43308
-7.42363
-7.4511
-7.51244
-7.50117
-7.47346
-7.51275
-7.51013
-7.57909
-7.568
-7.59165
-7.64521
-7.68992
-7.61358
-7.62122
-7.6177
-7.64229
-7.6389
-7.60085
-7.58287
-7.53917
-7.5575
-7.58791
-7.54992
-7.56057
-7.61131
-7.56271
-7.6364
-7.57057
-7.5119
-7.50847
-7.54841
-7.48543
-7.52933
-7.55161
-7.56287
-7.51011
-7.61139
-7.57666
-7.52104
-7.52306
-7.47917
-7.56032
-7.63894
-7.59991
-7.65383
-7.67942
-7.64994
-7.65949
-7.6264
-7.53244
-7.46873
-7.48264
-7.44567
-7.4661
-7.40216
-7.49233
-7.58852
-7.61683
-7.58476
-7.48936
-7.46484
-7.50598
-7.64622
-7.63549
-7.64173
-7.55109
-7.54132
-7.54933
-7.5288
-7.54684
-7.5035
-7.53256
-7.50294
-7.58232
-7.58381
-7.61935
-7.55411
-7.51823
-7.52353
-7.564
-7.55993
-7.57582
-7.57646
-7.59375
-7.61137
-7.64787
-7.65389
-7.57024
-7.47701
-7.50572
-7.5112
-7.6272
-7.65509
-7.68126
-7.69881
-7.63911
-7.58814
-7.64984
-7.69485
-7.69436
-7.72202
-7.6931
-7.69559
-7.65142
-7.5966
-7.60332
-7.56487
-7.53282
-7.54976
-7.49338
-7.48764
-7.54222
-7.55452
-7.5503
-7.58437
-7.6484
-7.648
-7.62951
-7.62836
-7.67494
-7.73671
-7.64572
-7.56747
-7.49597
-7.41738
-7.48679
-7.48515
-7.53854
-7.55919
-7.60469
-7.61544
-7.67988
-7.63115
-7.67328
-7.6154
-7.58758
-7.68954
-7.66928
-7.69967
-7.75748
-7.68552
-7.64747
-7.64119
-7.58618
-7.67721
-7.65295
-7.50844
-7.62771
-7.66313
-7.57971
-7.58664
-7.61255
-7.71381
-7.71806
-7.57104
-7.50858
-7.52945
-7.54707
-7.64935
-7.55934
-7.53672
-7.55546
-7.57513
-7.56097
-7.62835
-7.58789
-7.55532
-7.50744
-7.50579
-7.51214
-7.49589
-7.48767
-7.57543
-7.67022
-7.6719
-7.67742
-7.63223
-7.54473
-7.51424
-7.45885
-7.55937
-7.56038
-7.56215
-7.51646
-7.52126
-7.57505
-7.52559
-7.54198
-7.58155
-7.61484
-7.53578
-7.48386
-7.45841
-7.46653
-7.43273
-7.45717
-7.4465
-7.51094
-7.51673
-7.48128
-7.50781
-7.55403
-7.51192
-7.53973
-7.56545
-7.55533
-7.56382
-7.54139
-7.60734
-7.57614
-7.61774
-7.59461
-7.58646
-7.5908
-7.59038
-7.5937
-7.54459
-7.51353
-7.50488
-7.46234
-7.43835
-7.55846
-7.55413
-7.51648
-7.57423
-7.59847
-7.61164
-7.50143
-7.66935
-7.72036
-7.72428
-7.68505
-7.61386
-7.64956
-7.6319
-7.52454
-7.54247
-7.57224
-7.59778
-7.61883
-7.58844
-7.57219
-7.68396
-7.69816
-7.66486
-7.68065
-7.65178
-7.78073
-7.74527
-7.66772
-7.6772
-7.6362
-7.54155
-7.52526
-7.58353
-7.56281
-7.66327
-7.71731
-7.71557
-7.65437
-7.58913
-7.50042
-7.45374
-7.46707
-7.50264
-7.49693
-7.51156
-7.53575
-7.5331
-7.5676
-7.6395
-7.60564
-7.63224
-7.6344
-7.62932
-7.6439
-7.60003
-7.58881
-7.57438
-7.6127
-7.64538
-7.63539
-7.6909
-7.7125
-7.70122
-7.66905
-7.61854
-7.54538
-7.62974
-7.64971
-7.59182
-7.50552
-7.57792
-7.59183
-7.58243
-7.57372
-7.56552
-7.56354
-7.57487
-7.57733
-7.63505
-7.6237
-7.57318
-7.67759
-7.59028
-7.60754
-7.599
-7.60437
-7.64994
-7.61326
-7.53063
-7.54947
-7.54201
-7.47277
-7.42987
-7.48171
-7.52374
-7.50749
-7.49519
-7.52634
-7.53508
-7.51446
-7.46441
-7.48967
-7.51799
-7.5656
-7.51562
-7.54407
-7.49476
-7.39315
-7.36077
-7.38395
-7.40742
-7.42675
-7.45456
-7.38534
-7.49171
-7.48423
-7.41268
-7.48879
-7.45591
-7.51149
-7.52967
-7.53688
-7.55663
-7.51305
-7.44384
-7.5084
-7.55567
-7.61338
-7.60861
-7.66591
-7.64483
-7.72538
-7.63412
-7.6467
-7.55001
-7.59211
-7.67276
-7.61275
-7.6663
-7.64406
-7.62113
-7.6114
-7.60413
-7.58269
-7.51385
-7.59339
-7.61379
-7.67615
-7.62222
-7.54974
-7.54324
-7.55581
-7.51872
-7.54642
-7.61604
-7.59955
-7.59336
-7.54193
-7.50263
-7.56113
-7.55926
-7.50105
-7.52147
-7.56227
-7.60419
-7.52959
-7.63839
-7.66035
-7.63195
-7.64681
-7.71248
-7.6968
-7.71512
-7.75547
-7.80617
-7.78465
-7.71949
-7.75812
-7.68954
-7.75728
-7.71301
-7.60835
-7.56961
-7.56663
-7.54645
-7.52289
-7.48371
-7.51422
-7.52426
-7.41298
-7.36959
-7.36116
-7.36899
-7.45481
-7.55589
-7.5627
-7.59446
-7.55852
-7.51747
-7.57024
-7.52692
-7.56301
-7.49474
-7.57146
-7.62107
-7.58468
-7.59317
-7.60585
-7.62121
-7.59901
-7.57466
-7.63904
-7.62313
-7.58731
-7.58984
-7.61275
-7.59684
-7.57398
-7.53961
-7.63121
-7.59156
-7.64217
-7.65852
-7.67049
-7.63069
-7.57554
-7.60612
-7.60996
-7.59175
-7.58128
-7.57886
-7.61215
-7.54146
-7.56163
-7.59549
-7.65281
-7.66939
-7.63106
-7.60826
-7.63461
-7.59824
-7.66516
-7.64765
-7.63176
-7.60181
-7.65419
-7.6178
-7.59433
-7.66667
-7.61614
-7.62528
-7.68423
-7.64049
-7.65504
-7.60193
-7.60105
-7.61758
-7.63321
-7.68272
-7.62926
-7.58546
-7.55009
-7.56108
-7.60052
-7.57905
-7.56611
-7.5738
-7.58634
-7.55344
-7.5412
-7.51693
-7.56626
-7.53733
-7.53151
-7.61553
-7.57343
-7.54017
-7.59545
-7.66005
-7.63625
-7.69646
-7.70664
-7.71517
-7.74575
-7.7013
-7.69604
-7.65847
-7.61926
-7.51943
-7.59309
-7.61619
-7.63294
-7.56892
-7.58863
-7.52403
-7.5252
-7.48326
-7.58302
-7.61762
-7.6274
-7.53407
-7.52356
-7.55874
-7.50381
-7.493
-7.47682
-7.50395
-7.57579
-7.5504
-7.58603
-7.60141
-7.59777
-7.56886
-7.4496
-7.51582
-7.51943
-7.57583
-7.53936
-7.54132
-7.53646
-7.54743
-7.58444
-7.47898
-7.54479
-7.49709
-7.47532
-7.36683
-7.4213
-7.4203
-7.45411
-7.46861
-7.49539
-7.52447
-7.55013
-7.52567
-7.50695
-7.56536
-7.54894
-7.57678
-7.56257
-7.51079
-7.51424
-7.6365
-7.61544
-7.6187
-7.47402
-7.53423
-7.48903
-7.50929
-7.54673
-7.57806
-7.56412
-7.45721
-7.43892
-7.47157
-7.50266
-7.51393
-7.50782
-7.45303
-7.46572
-7.50503
-7.53477
-7.54153
-7.50897
-7.5007
-7.61792
-7.60152
-7.58196
-7.50415
-7.57768
-7.58242
-7.53951
-7.53824
-7.62044
-7.65371
-7.72728
-7.67592
-7.64957
-7.63364
-7.60082
-7.56174
-7.58308
-7.54854
-7.57293
-7.59588
-7.61206
-7.60298
-7.56966
-7.60801
-7.63136
-7.62414
-7.57359
-7.56529
-7.5529
-7.55447
-7.58744
-7.54928
-7.60185
-7.6417
-7.73278
-7.75074
-7.64318
-7.71763
-7.7688
-7.67877
-7.6506
-7.60682
-7.61219
-7.59342
-7.63101
-7.61034
-7.60656
-7.57976
-7.60561
-7.6529
-7.63068
-7.57716
-7.59668
-7.66464
-7.60661
-7.63347
-7.6029
-7.63003
-7.66902
-7.66658
-7.59623
-7.65355
-7.72795
-7.6467
-7.59605
-7.6042
-7.6504
-7.73198
-7.75599
-7.80389
-7.8076
-7.7349
-7.70538
-7.70316
-7.69605
-7.68172
-7.6058
-7.58247
-7.61104
-7.65298
-7.62342
-7.61488
-7.66086
-7.60831
-7.65188
-7.65269
-7.60149
-7.53325
-7.55395
-7.49083
-7.53529
-7.46583
-7.42416
-7.42771
-7.43577
-7.38138
-7.35544
-7.44773
-7.51257
-7.51783
-7.55664
-7.71715
-7.60382
-7.71101
-7.67931
-7.67315
-7.58023
-7.59165
-7.5962
-7.64746
-7.64779
-7.60227
-7.62162
-7.62254
-7.67424
-7.59858
-7.51114
-7.53452
-7.55572
-7.62277
-7.63939
-7.63247
-7.60965
-7.61208
-7.62635
-7.60872
-7.63098
-7.5815
-7.57935
-7.58495
-7.71026
-7.59047
-7.63342
-7.61895
-7.65368
-7.66047
-7.66945
-7.70639
-7.62011
-7.68258
-7.62738
-7.67269
-7.68612
-7.74543
-7.66764
-7.75407
-7.72642
-7.75307
-7.68902
-7.69675
-7.69256
-7.73973
-7.6976
-7.72714
-7.71931
-7.73647
-7.6087
-7.6221
-7.55632
-7.54953
-7.61797
-7.64744
-7.63677
-7.59722
-7.54945
-7.54164
-7.5314
-7.59669
-7.55032
-7.50844
-7.55427
-7.62667
-7.67015
-7.63807
-7.52671
-7.54412
-7.60997
-7.5574
-7.68671
-7.57121
-7.58635
-7.52561
-7.5374
-7.6066
-7.60604
-7.60246
-7.55763
-7.50716
-7.59059
-7.56793
-7.51217
-7.46555
-7.41219
-7.42114
-7.36628
-7.41609
-7.43249
-7.43079
-7.40532
-7.5091
-7.52956
-7.63532
-7.66885
-7.67708
-7.64198
-7.66387
-7.69548
-7.67481
-7.7206
-7.64008
-7.60931
-7.6611
-7.62758
-7.60667
-7.69722
-7.71843
-7.65301
-7.62394
-7.65603
-7.66972
-7.69813
-7.65857
-7.56918
-7.48873
-7.53521
-7.47554
-7.41567
-7.41091
-7.36897
-7.47631
-7.42384
-7.49236
-7.52318
-7.45624
-7.49179
-7.54719
-7.5438
-7.66334
-7.5738
-7.53763
-7.6342
-7.65277
-7.6816
-7.72476
-7.74075
-7.67787
-7.68425
-7.70742
-7.68264
-7.60262
-7.55629
-7.5434
-7.52698
-7.51255
-7.55778
-7.494
-7.47695
-7.51208
-7.5415
-7.52975
-7.5337
-7.56754
-7.46159
-7.54802
-7.42912
-7.51783
-7.54544
-7.52655
-7.5391
-7.54277
-7.51939
-7.57589
-7.59007
-7.64311
-7.6036
-7.61892
-7.58521
-7.6153
-7.66821
-7.65736
-7.66462
-7.62451
-7.69999
-7.68375
-7.72106
-7.67601
-7.68884
-7.69852
-7.6607
-7.62938
-7.62392
-7.57272
-7.6633
-7.71378
-7.70741
-7.64384
-7.69669
-7.69584
-7.65713
-7.64085
-7.51938
-7.50932
-7.52064
-7.54492
-7.58867
-7.53671
-7.57629
-7.5659
-7.58138
-7.49434
-7.44481
-7.3734
-7.39066
-7.39695
-7.40662
-7.55915
-7.52701
-7.57457
-7.63444
-7.5469
-7.51909
-7.49483
-7.41633
-7.46441
-7.43057
-7.53768
-7.61239
-7.57595
-7.61298
-7.64827
-7.65399
-7.68601
-7.62495
-7.60019
-7.60553
-7.55321
-7.6313
-7.66403
-7.63764
-7.59273
-7.69856
-7.69835
-7.64882
-7.66182
-7.61303
-7.56701
-7.53377
-7.57057
-7.51673
-7.47228
-7.47525
-7.49134
-7.49214
-7.4428
-7.477
-7.41235
-7.54481
-7.52915
-7.53547
-7.55932
-7.56556
-7.5787
-7.58474
-7.49504
-7.51697
-7.56233
-7.5437
-7.49695
-7.49443
-7.42626
-7.39011
-7.48551
-7.38649
-7.42352
-7.55487
-7.49509
-7.57389
-7.5418
-7.68048
-7.69047
-7.70138
-7.63744
-7.59132
-7.55694
-7.63114
-7.55831
-7.59244
-7.52962
-7.54038
-7.52847
-7.50063
-7.59195
-7.48585
-7.50631
-7.44893
-7.46415
-7.49937
-7.48674
-7.47309
-7.42291
-7.34693
-7.38937
-7.29677
-7.35087
-7.33411
-7.28759
-7.328
-7.41607
-7.497
-7.49456
-7.49649
-7.43834
-7.38976
-7.39308
-7.42345
-7.45409
-7.40907
-7.363
-7.31445
-7.3174
-7.34214
-7.34044
-7.34323
-7.32533
-7.40473
-7.38681
-7.27934
-7.28661
-7.38736
-7.3784
-7.46919
-7.53888
-7.59284
-7.58347
-7.61612
-7.60789
-7.53858
-7.48989
-7.57862
-7.59725
-7.57843
-7.54683
-7.53048
-7.5858
-7.57343
-7.52671
-7.51719
-7.37091
-7.42566
-7.51674
-7.53097
-7.49148
-7.38774
-7.42099
-7.37629
-7.39224
-7.41091
-7.43495
-7.5207
-7.51632
-7.49198
-7.59815
-7.54
-7.53125
-7.49724
-7.51879
-7.56946
-7.57159
-7.52159
-7.42531
-7.41584
-7.39597
-7.409
-7.46483
-7.56843
-7.55444
-7.49411
-7.51449
-7.52298
-7.52795
-7.58057
-7.63314
-7.65456
-7.61858
-7.59541
-7.56764
-7.62219
-7.57415
-7.54277
-7.57259
-7.58656
-7.53981
-7.53949
-7.62216
-7.55491
-7.50647
-7.56147
-7.55244
-7.55037
-7.53058
-7.64438
-7.63442
-7.63542
-7.69435
-7.60233
-7.57317
-7.60949
-7.62836
-7.62554
-7.64628
-7.68223
-7.65423
-7.63708
-7.67449
-7.74143
-7.72459
-7.66966
-7.65961
-7.64244
-7.63917
-7.60512
-7.59226
-7.56031
-7.57863
-7.60693
-7.58608
-7.6066
-7.62318
-7.62396
-7.57269
-7.6372
-7.63826
-7.65533
-7.69757
-7.78365
-7.77211
-7.73286
-7.64692
-7.69628
-7.67561
-7.66392
-7.63335
-7.64038
-7.6579
-7.62439
-7.64201
-7.57886
-7.51501
-7.50015
-7.46828
-7.525
-7.43328
-7.48534
-7.55473
-7.55331
-7.57825
-7.52457
-7.51028
-7.47159
-7.46469
-7.48567
-7.52915
-7.55909
-7.60467
-7.66041
-7.62483
-7.64317
-7.60045
-7.51051
-7.47645
-7.51704
-7.52421
-7.47596
-7.50233
-7.51247
-7.54183
-7.5951
-7.49796
-7.51834
-7.51413
-7.52182
-7.51241
-7.52271
-7.56093
-7.60287
-7.65203
-7.59698
-7.51866
-7.54749
-7.6329
-7.60491
-7.49674
-7.49913
-7.46899
-7.44732
-7.48207
-7.47369
-7.54687
-7.6474
-7.61726
-7.67091
-7.67802
-7.661
-7.71579
-7.71373
-7.66513
-7.6194
-7.66163
-7.59098
-7.55916
-7.58221
-7.54701
-7.55648
-7.44641
-7.5143
-7.54806
-7.52735
-7.61323
-7.67268
-7.56867
-7.49336
-7.44748
-7.44292
-7.44032
-7.46222
-7.47845
-7.45507
-7.5453
-7.55386
-7.57771
-7.54874
-7.58272
-7.52471
-7.48684
-7.46312
-7.51297
-7.61842
-7.63087
-7.70336
-7.67931
-7.61718
-7.58758
-7.57689
-7.54292
-7.51973
-7.47636
-7.40839
-7.48065
-7.46026
-7.53044
-7.52853
-7.54172
-7.59119
-7.633
-7.65125
-7.64695
-7.61261
-7.72207
-7.68019
-7.6563
-7.63989
-7.59538
-7.57396
-7.54164
-7.61472
-7.59327
-7.57552
-7.63996
-7.58864
-7.65382
-7.66359
-7.69482
-7.73018
-7.72915
-7.67392
-7.74747
-7.66629
-7.66634
-7.70529
-7.73714
-7.62309
-7.66264
-7.69257
-7.69683
-7.64543
-7.55558
-7.5892
-7.47336
-7.47573
-7.48048
-7.47717
-7.57743
-7.42484
-7.39535
-7.3683
-7.39846
-7.42448
-7.45202
-7.45251
-7.45792
-7.48557
-7.55124
-7.45296
-7.45744
-7.43522
-7.39025
-7.54816
-7.60035
-7.61241
-7.57604
-7.63826
-7.65276
-7.64766
-7.65641
-7.66345
-7.58642
-7.63588
-7.59302
-7.60826
-7.5254
-7.55059
-7.59034
-7.55484
-7.56573
-7.60303
-7.57789
-7.57608
-7.57686
-7.53726
-7.49247
-7.55894
-7.57383
-7.51476
-7.58758
-7.52822
-7.47164
-7.4406
-7.40881
-7.36874
-7.36286
-7.39215
-7.30696
-7.34379
-7.40292
-7.41504
-7.39172
-7.30195
-7.30742
-7.3458
-7.37009
-7.42275
-7.43147
-7.4055
-7.42924
-7.46162
-7.46017
-7.4396
-7.46023
-7.42406
-7.43585
-7.40247
-7.44039
-7.39662
-7.50843
-7.48816
-7.48898
-7.53394
-7.45363
-7.58551
-7.59902
-7.68639
-7.63928
-7.62818
-7.67801
-7.61849
-7.6291
-7.62471
-7.48956
-7.47723
-7.60984
-7.58155
-7.55001
-7.50157
-7.52872
-7.51357
-7.44382
-7.40791
-7.45223
-7.45888
-7.58715
-7.49626
-7.46381
-7.40387
-7.35042
-7.37018
-7.40637
-7.45648
-7.46454
-7.49151
-7.50911
-7.57171
-7.59546
-7.53884
-7.58581
-7.61542
-7.67779
-7.68877
-7.65764
-7.59685
-7.58853
-7.63488
-7.54143
-7.643
-7.69457
-7.71122
-7.74536
-7.75784
-7.71279
-7.72576
-7.68332
-7.69809
-7.64776
-7.67143
-7.62035
-7.56105
-7.5694
-7.62063
-7.51869
-7.51973
-7.55177
-7.52631
-7.54298
-7.55562
-7.55761
-7.59165
-7.63779
-7.5633
-7.52058
-7.42989
-7.52863
-7.55749
-7.5551
-7.523
-7.48283
-7.52175
-7.53405
-7.46473
-7.43195
-7.43469
-7.42252
-7.3942
-7.5453
-7.54495
-7.44094
-7.47041
-7.43937
-7.41488
-7.46019
-7.3874
-7.24242
-7.29388
-7.32412
-7.3658
-7.34426
-7.35625
-7.32049
-7.28704
-7.35863
-7.41138
-7.4158
-7.45649
-7.46729
-7.45866
-7.46283
-7.47573
-7.43344
-7.4805
-7.53074
-7.60461
-7.58967
-7.57285
-7.4704
-7.56414
-7.62475
-7.54684
-7.52338
-7.45636
-7.47527
-7.51059
-7.46386
-7.458
-7.43363
-7.44348
-7.50826
-7.58478
-7.53025
-7.55829
-7.54879
-7.54567
-7.54716
-7.58082
-7.55629
-7.55617
-7.59471
-7.50307
-7.5162
-7.48398
-7.48083
-7.57343
-7.55137
-7.53051
-7.53745
-7.56509
-7.53126
-7.53826
-7.59966
-7.70352
-7.636
-7.61433
-7.57538
-7.5928
-7.6183
-7.65941
-7.66987
-7.72184
-7.73163
-7.74632
-7.68359
-7.69165
-7.63414
-7.66744
-7.62581
-7.68663
-7.59098
-7.66169
-7.57713
-7.61146
-7.61104
-7.59057
-7.54082
-7.57328
-7.59081
-7.54398
-7.5478
-7.54298
-7.50213
-7.438
-7.52074
-7.50922
-7.48004
-7.48439
-7.31125
-7.34805
-7.39232
-7.43205
-7.42446
-7.36221
-7.27976
-7.38973
-7.4105
-7.39567
-7.43813
-7.36677
-7.39438
-7.41769
-7.46035
-7.518
-7.52122
-7.52809
-7.52303
-7.46638
-7.50236
-7.56279
-7.53676
-7.52353
-7.57116
-7.52941
-7.51158
-7.50552
-7.47593
-7.47775
-7.39783
-7.42421
-7.33506
-7.43657
-7.45226
-7.52041
-7.42084
-7.47802
-7.49425
-7.51339
-7.52316
-7.51047
-7.4447
-7.47048
-7.45377
-7.41411
-7.35774
-7.42669
-7.50098
-7.49868
-7.58847
-7.6107
-7.50327
-7.48301
-7.49943
-7.51192
-7.44102
-7.54007
-7.42888
-7.489
-7.43538
-7.46679
-7.46879
-7.44253
-7.42342
-7.53276
-7.51664
-7.41853
-7.47526
-7.5011
-7.51201
-7.36634
-7.36808
-7.44523
-7.51906
-7.55274
-7.58787
-7.5498
-7.53974
-7.53183
-7.56309
-7.56528
-7.54775
-7.51601
-7.51754
-7.48772
-7.48726
-7.45952
-7.52181
-7.52925
-7.5665
-7.48139
-7.58942
-7.54545
-7.50939
-7.46775
-7.47594
-7.4481
-7.56949
-7.56273
-7.57981
-7.52855
-7.45918
-7.45132
-7.43179
-7.45627
-7.44631
-7.5483
-7.50122
-7.46723
-7.54009
-7.53395
-7.55445
-7.48392
-7.45803
-7.45414
-7.53155
-7.54076
-7.54429
-7.56314
-7.52162
-7.48959
-7.48215
-7.5255
-7.53356
-7.56236
-7.5828
-7.52504
-7.56318
-7.61217
-7.56274
-7.56139
-7.57654
-7.61152
-7.63708
-7.63052
-7.56585
-7.54802
-7.58373
-7.6333
-7.62549
-7.58281
-7.62033
-7.66925
-7.67648
-7.67462
-7.64602
-7.70241
-7.6933
-7.64158
-7.73126
-7.74668
-7.64684
-7.61698
-7.63775
-7.66985
-7.70941
-7.72056
-7.73128
-7.7228
-7.68113
-7.63934
-7.65089
-7.68037
-7.65743
-7.62154
-7.61573
-7.66063
-7.58198
-7.54259
-7.58589
-7.60736
-7.60558
-7.57558
-7.53527
-7.51996
-7.55857
-7.64774
-7.59548
-7.62213
-7.6172
-7.60299
-7.57824
-7.60393
-7.662
-7.67172
-7.67926
-7.6217
-7.67803
-7.64334
-7.65004
-7.633
-7.62619
-7.60287
-7.5308
-7.41072
-7.38946
-7.31906
-7.4335
-7.40265
-7.44608
-7.49146
-7.53233
-7.56959
-7.52479
-7.55945
-7.5938
-7.48922
-7.43216
-7.47754
-7.54529
-7.62622
-7.61537
-7.41556
-7.49251
-7.36719
-7.35008
-7.34925
-7.3914
-7.50083
-7.42782
-7.44568
-7.52246
-7.50977
-7.60845
-7.55536
-7.46086
-7.45073
-7.55945
-7.63966
-7.5982
-7.61447
-7.51183
-7.5927
-7.58653
-7.58223
-7.52929
-7.5376
-7.49247
-7.55204
-7.58861
-7.56798
-7.48374
-7.55957
-7.50783
-7.46079
-7.41695
-7.38412
-7.436
-7.50203
-7.49141
-7.38515
-7.46208
-7.45239
-7.43011
-7.47033
-7.39468
-7.47239
-7.46755
-7.48142
-7.5535
-7.52209
-7.52126
-7.52054
-7.3882
-7.42574
-7.43403
-7.50156
-7.47361
-7.41017
-7.43097
-7.48567
-7.51914
-7.55939
-7.50241
-7.57443
-7.59752
-7.59316
-7.5712
-7.6344
-7.55508
-7.5467
-7.54859
-7.53355
-7.54559
-7.50088
-7.41778
-7.44189
-7.37451
-7.45129
-7.45493
-7.38661
-7.39674
-7.51858
-7.51967
-7.56587
-7.45824
-7.48698
-7.46333
-7.38985
-7.51513
-7.63006
-7.62332
-7.57724
-7.51342
-7.54634
-7.52746
-7.50874
-7.44299
-7.43472
-7.48819
-7.43089
-7.33667
-7.42945
-7.44919
-7.57481
-7.53686
-7.55999
-7.48689
-7.43382
-7.40465
-7.38477
-7.41373
-7.46518
-7.47666
-7.51528
-7.56808
-7.55282
-7.59434
-7.57375
-7.53625
-7.4444
-7.46752
-7.4439
-7.47179
-7.38835
-7.38767
-7.39975
-7.4759
-7.46561
-7.50445
-7.45923
-7.30051
-7.40046
-7.46384
-7.53489
-7.53564
-7.53744
-7.61388
-7.62353
-7.60902
-7.48016
-7.51793
-7.5677
-7.582
-7.53971
-7.60051
-7.56111
-7.52102
-7.54912
-7.57969
-7.58058
-7.56476
-7.57009
-7.55277
-7.56687
-7.59207
-7.58742
-7.52021
-7.48811
-7.63749
-7.62591
-7.64233
-7.66713
-7.63188
-7.58755
-7.60484
-7.62263
-7.52741
-7.60064
-7.59489
-7.62438
-7.57192
-7.5838
-7.5043
-7.52043
-7.63909
-7.58975
-7.53922
-7.61005
-7.53226
-7.55357
-7.53701
-7.64041
-7.5183
-7.59162
-7.60184
-7.52519
-7.48188
-7.55156
-7.56606
-7.5869
-7.60304
-7.64311
-7.67087
-7.67134
-7.66804
-7.69356
-7.67713
-7.68983
-7.63159
-7.60131
-7.60326
-7.61441
-7.61625
-7.67318
-7.68068
-7.67916
-7.72922
-7.74977
-7.72616
-7.61698
-7.63931
-7.55196
-7.5114
-7.41896
-7.54627
-7.60092
-7.68397
-7.66884
-7.66531
-7.56673
-7.54229
-7.56019
-7.59327
-7.53353
-7.50542
-7.49213
-7.46268
-7.48788
-7.40059
-7.52834
-7.47812
-7.4578
-7.51195
-7.53064
-7.50385
-7.57036
