           0           0           0
  0.00231823           0           0
  0.00463647           0           0
   0.0069547           0           0
  0.00927294           0           0
   0.0115912           0           0
   0.0139094           0           0
   0.0162276           0           0
   0.0185459           0           0
   0.0208641           0           0
   0.0231823           0           0
   0.0255006           0           0
   0.0278188           0           0
    0.030137           0           0
   0.0324553           0           0
   0.0347735           0           0
   0.0370917           0           0
     0.03941           0           0
   0.0417282           0           0
   0.0440464           0           0
   0.0463647           0           0
   0.0486829           0           0
   0.0510011           0           0
   0.0533194           0           0
   0.0556376           0           0
   0.0579559           0           0
   0.0602741           0           0
   0.0625923           0           0
   0.0649106           0           0
   0.0672288           0           0
    0.069547           0           0
   0.0718653           0           0
   0.0741835           0           0
   0.0765017           0           0
     0.07882           0           0
   0.0811382           0           0
   0.0834564           0           0
   0.0857747           0           0
   0.0880929           0           0
   0.0904111           0           0
   0.0927294           0           0
   0.0950476           0           0
   0.0973658           0           0
   0.0996841           0           0
    0.102002           0           0
    0.104321           0           0
    0.106639           0           0
    0.108957           0           0
    0.111275           0           0
    0.113593           0           0
    0.115912           0           0
     0.11823           0           0
    0.120548           0           0
    0.122866           0           0
    0.125185           0           0
    0.127503           0           0
    0.129821           0           0
    0.132139           0           0
    0.134458           0           0
    0.136776           0           0
    0.139094           0           0
    0.141412           0           0
    0.143731           0           0
    0.146049           0           0
    0.148367           0           0
    0.150685           0           0
    0.153003           0           0
    0.155322           0           0
     0.15764           0           0
    0.159958           0           0
    0.162276           0           0
    0.164595           0           0
    0.166913           0           0
    0.169231           0           0
    0.171549           0           0
    0.173868           0           0
    0.176186           0           0
    0.178504           0           0
    0.180822           0           0
     0.18314           0           0
    0.185459           0           0
    0.187777           0           0
    0.190095           0           0
    0.192413           0           0
    0.194732           0           0
     0.19705           0           0
    0.199368           0           0
    0.201686           0           0
    0.204005           0           0
    0.206323           0           0
    0.208641           0           0
    0.210959           0           0
    0.213278           0           0
    0.215596           0           0
    0.217914           0           0
    0.220232           0           0
     0.22255           0           0
    0.224869           0           0
    0.227187           0           0
    0.229505           0           0
    0.231823           0           0
    0.234142           0           0
     0.23646           0           0
    0.238778           0           0
    0.241096           0           0
    0.243415           0           0
    0.245733           0           0
    0.248051           0           0
    0.250369           0           0
    0.252688           0           0
    0.255006           0           0
    0.257324           0           0
    0.259642           0           0
     0.26196           0           0
    0.264279           0           0
    0.266597           0           0
    0.268915           0           0
    0.271233           0           0
    0.273552           0           0
     0.27587           0           0
    0.278188           0           0
    0.280506           0           0
    0.282825           0           0
    0.285143           0           0
    0.287461           0           0
    0.289779           0           0
    0.292097           0           0
    0.294416           0           0
    0.296734           0           0
    0.299052           0           0
     0.30137           0           0
    0.303689           0           0
    0.306007           0           0
    0.308325           0           0
    0.310643           0           0
    0.312962           0           0
     0.31528           0           0
    0.317598           0           0
    0.319916           0           0
    0.322235           0           0
    0.324553           0           0
    0.326871           0           0
    0.329189           0           0
    0.331507           0           0
    0.333826           0           0
    0.336144           0           0
    0.338462           0           0
     0.34078           0           0
    0.343099           0           0
    0.345417           0           0
    0.347735           0           0
    0.350053           0           0
    0.352372           0           0
     0.35469           0           0
    0.357008           0           0
    0.359326           0           0
    0.361645           0           0
    0.363963           0           0
    0.366281           0           0
    0.368599           0           0
    0.370917           0           0
    0.373236           0           0
    0.375554           0           0
    0.377872           0           0
     0.38019           0           0
    0.382509           0           0
    0.384827           0           0
    0.387145           0           0
    0.389463           0           0
    0.391782           0           0
      0.3941           0           0
    0.396418           0           0
    0.398736           0           0
    0.401054           0           0
    0.403373           0           0
    0.405691           0           0
    0.408009           0           0
    0.410327           0           0
    0.412646           0           0
    0.414964           0           0
    0.417282           0           0
      0.4196           0           0
    0.421919           0           0
    0.424237           0           0
    0.426555           0           0
    0.428873           0           0
    0.431192           0           0
     0.43351           0           0
    0.435828           0           0
    0.438146           0           0
    0.440464           0           0
    0.442783           0           0
    0.445101           0           0
    0.447419           0           0
    0.449737           0           0
    0.452056           0           0
    0.454374           0           0
    0.456692           0           0
     0.45901           0           0
    0.461329           0           0
    0.463647           0           0
    0.465965           0           0
    0.468283           0           0
    0.470602           0           0
     0.47292           0           0
    0.475238           0           0
    0.477556           0           0
    0.479874           0           0
    0.482193           0           0
    0.484511           0           0
    0.486829           0           0
    0.489147           0           0
    0.491466           0           0
    0.493784           0           0
    0.496102           0           0
     0.49842           0           0
    0.500739           0           0
    0.503057           0           0
    0.505375           0           0
    0.507693           0           0
    0.510011           0           0
     0.51233           0           0
    0.514648           0           0
    0.516966           0           0
    0.519284           0           0
    0.521603           0           0
    0.523921           0           0
    0.526239           0           0
    0.528557           0           0
    0.530876           0           0
    0.533194           0           0
    0.535512           0           0
     0.53783           0           0
    0.540149           0           0
    0.542467           0           0
    0.544785           0           0
    0.547103           0           0
    0.549421           0           0
     0.55174           0           0
    0.554058           0           0
    0.556376           0           0
    0.558694           0           0
    0.561013           0           0
    0.563331           0           0
    0.565649           0           0
    0.567967           0           0
    0.570286           0           0
    0.572604           0           0
    0.574922           0           0
     0.57724           0           0
    0.579559           0           0
    0.581877           0           0
    0.584195           0           0
    0.586513           0           0
    0.588831           0           0
     0.59115           0           0
    0.593468           0           0
    0.595786           0           0
    0.598104           0           0
    0.600423           0           0
    0.602741           0           0
    0.605059           0           0
    0.607377           0           0
    0.609696           0           0
    0.612014           0           0
    0.614332           0           0
     0.61665           0           0
    0.618968           0           0
    0.621287           0           0
    0.623605           0           0
    0.625923           0           0
    0.628241           0           0
     0.63056           0           0
    0.632878           0           0
    0.635196           0           0
    0.637514           0           0
    0.639833           0           0
    0.642151           0           0
    0.644469           0           0
    0.646787           0           0
    0.649106           0           0
    0.651424           0           0
    0.653742           0           0
     0.65606           0           0
    0.658378           0           0
    0.660697           0           0
    0.663015           0           0
    0.665333           0           0
    0.667651           0           0
     0.66997           0           0
    0.672288           0           0
    0.674606           0           0
    0.676924           0           0
    0.679243           0           0
    0.681561           0           0
    0.683879           0           0
    0.686197           0           0
    0.688516           0           0
    0.690834           0           0
    0.693152           0           0
     0.69547           0           0
    0.697788           0           0
    0.700107           0           0
    0.702425           0           0
    0.704743           0           0
    0.707061           0           0
     0.70938           0           0
    0.711698           0           0
    0.714016           0           0
    0.716334           0           0
    0.718653           0           0
    0.720971           0           0
    0.723289           0           0
    0.725607           0           0
    0.727925           0           0
    0.730244           0           0
    0.732562           0           0
     0.73488           0           0
    0.737198           0           0
    0.739517           0           0
    0.741835           0           0
    0.744153           0           0
    0.746471           0           0
     0.74879           0           0
    0.751108           0           0
    0.753426           0           0
    0.755744           0           0
    0.758063           0           0
    0.760381           0           0
    0.762699           0           0
    0.765017           0           0
    0.767335           0           0
    0.769654           0           0
    0.771972           0           0
     0.77429           0           0
    0.776608           0           0
    0.778927           0           0
    0.781245           0           0
    0.783563           0           0
    0.785881           0           0
      0.7882           0           0
    0.790518           0           0
    0.792836           0           0
    0.795154           0           0
    0.797473           0           0
    0.799791           0           0
    0.802109           0           0
    0.804427           0           0
    0.806745           0           0
    0.809064           0           0
    0.811382           0           0
      0.8137           0           0
    0.816018           0           0
    0.818337           0           0
    0.820655           0           0
    0.822973           0           0
    0.825291           0           0
     0.82761           0           0
    0.829928           0           0
    0.832246           0           0
    0.834564           0           0
    0.836882           0           0
    0.839201           0           0
    0.841519           0           0
    0.843837           0           0
    0.846155           0           0
    0.848474           0           0
    0.850792           0           0
     0.85311           0           0
    0.855428           0           0
    0.857747           0           0
    0.860065           0           0
    0.862383           0           0
    0.864701           0           0
     0.86702           0           0
    0.869338           0           0
    0.871656           0           0
    0.873974           0           0
    0.876292           0           0
    0.878611           0           0
    0.880929 7.42715e-05  7.3525e-05
    0.883247 5.91061e-05 5.85121e-05
    0.885565 2.93987e-05 2.91033e-05
    0.887884 0.000124294   9.788e-05
    0.890202 7.27342e-05 5.14309e-05
     0.89252 5.06502e-05 3.83016e-05
    0.894838 0.000136769 8.69124e-05
    0.897157 0.000214837 0.000104269
    0.899475 0.000527207 0.000187479
    0.901793 0.000843458 0.000217054
    0.904111  0.00126929 0.000292111
     0.90643  0.00131193 0.000274385
    0.908748  0.00158445 0.000267654
    0.911066  0.00219447 0.000373256
    0.913384  0.00355832 0.000497881
    0.915702  0.00549957 0.000596218
    0.918021  0.00692191 0.000658158
    0.920339   0.0092282 0.000692329
    0.922657   0.0116061 0.000890685
    0.924975   0.0164934  0.00101215
    0.927294    0.022096  0.00130527
    0.929612    0.029417  0.00136995
     0.93193    0.038371  0.00179998
    0.934248    0.047368  0.00175371
    0.936567   0.0564597  0.00175968
    0.938885   0.0700585  0.00177787
    0.941203   0.0875251  0.00255849
    0.943521    0.107118  0.00265591
    0.945839    0.133891  0.00291182
    0.948158    0.158997  0.00282276
    0.950476    0.192835  0.00384158
    0.952794    0.228546  0.00331174
    0.955112    0.273275  0.00416031
    0.957431     0.31565  0.00467536
    0.959749    0.368974  0.00548393
    0.962067    0.420448  0.00580668
    0.964385    0.485582  0.00606215
    0.966704    0.552032  0.00586303
    0.969022    0.618148  0.00614155
     0.97134    0.697682  0.00570673
    0.973658    0.775627  0.00583026
    0.975977    0.865184  0.00656038
    0.978295    0.959765  0.00719464
    0.980613     1.06895  0.00810094
    0.982931     1.16879  0.00642832
    0.985249     1.29212  0.00858984
    0.987568      1.4059  0.00973792
    0.989886     1.52934  0.00931588
    0.992204     1.67667   0.0107602
    0.994522      1.8114   0.0100591
    0.996841     1.92294  0.00983894
    0.999159     2.08164    0.011346
     1.00148     2.22003   0.0116628
      1.0038     2.36926   0.0135897
     1.00611     2.50751   0.0133999
     1.00843     2.66298   0.0144834
     1.01075     2.80821   0.0129898
     1.01307     2.94592   0.0141908
     1.01539     3.09534   0.0139373
      1.0177     3.23114   0.0132415
     1.02002     3.38249   0.0131209
     1.02234     3.52457   0.0146951
     1.02466      3.6476   0.0121561
     1.02698     3.78614   0.0139954
      1.0293     3.89748   0.0153996
     1.03161     3.98308   0.0175038
     1.03393     4.09039   0.0168116
     1.03625     4.19352   0.0164516
     1.03857     4.29079   0.0123682
     1.04089     4.36151   0.0147933
     1.04321       4.435   0.0159383
     1.04552     4.53513   0.0160116
     1.04784     4.60179   0.0174068
     1.05016     4.64659   0.0165785
     1.05248     4.71254   0.0148165
      1.0548     4.74559   0.0153204
     1.05711     4.77751   0.0123149
     1.05943     4.81977   0.0134058
     1.06175     4.85634   0.0156028
     1.06407     4.87939   0.0149301
     1.06639     4.87341   0.0150632
     1.06871     4.89339   0.0147703
     1.07102      4.8849   0.0151241
     1.07334     4.88725   0.0131714
     1.07566     4.83551   0.0150171
     1.07798     4.80549   0.0136192
      1.0803     4.75924   0.0147126
     1.08262     4.73466   0.0159123
     1.08493     4.67913    0.011517
     1.08725     4.64555   0.0142249
     1.08957     4.59585    0.014826
     1.09189     4.55178   0.0162641
     1.09421     4.47016   0.0166122
     1.09652       4.401   0.0148934
     1.09884     4.31111     0.01378
     1.10116     4.22099   0.0141344
     1.10348     4.14818   0.0155258
      1.1058     4.07841   0.0142182
     1.10812     3.98033   0.0120736
     1.11043     3.88261   0.0126569
     1.11275     3.80281   0.0137479
     1.11507     3.71682   0.0148519
     1.11739     3.63135   0.0116945
     1.11971     3.54149   0.0122946
     1.12203     3.44567    0.014014
     1.12434     3.33825   0.0132762
     1.12666     3.24722   0.0141865
     1.12898     3.15246   0.0132981
      1.1313     3.07552   0.0135683
     1.13362     2.99212   0.0107862
     1.13593     2.89055  0.00904439
     1.13825     2.78906  0.00857155
     1.14057     2.70647   0.0114091
     1.14289     2.60685   0.0120134
     1.14521     2.50937   0.0128688
     1.14753     2.41425   0.0110153
     1.14984     2.33963   0.0113018
     1.15216     2.24426   0.0114963
     1.15448     2.18117   0.0127907
      1.1568     2.08318   0.0114466
     1.15912     1.99315  0.00843789
     1.16144     1.90036   0.0108005
     1.16375     1.82514  0.00965908
     1.16607     1.75175  0.00809529
     1.16839     1.65627  0.00833526
     1.17071     1.59827  0.00899411
     1.17303     1.52745  0.00914508
     1.17534     1.45284  0.00863758
     1.17766     1.38288  0.00695403
     1.17998     1.31743  0.00726383
      1.1823     1.24999  0.00667315
     1.18462     1.19067  0.00721902
     1.18694     1.13558  0.00674704
     1.18925     1.07535  0.00647971
     1.19157     1.01396  0.00616898
     1.19389    0.975474  0.00645571
     1.19621     0.92866  0.00598886
     1.19853    0.890013  0.00570765
     1.20085    0.834978  0.00620095
     1.20316    0.777715  0.00595415
     1.20548    0.731538  0.00523568
      1.2078    0.697219  0.00599927
     1.21012    0.658355  0.00529604
     1.21244    0.621714  0.00450398
     1.21475    0.584018  0.00534348
     1.21707    0.553777  0.00523501
     1.21939    0.523404  0.00475415
     1.22171    0.489907  0.00512436
     1.22403    0.453595  0.00454084
     1.22635    0.429006  0.00477527
     1.22866    0.404579  0.00485554
     1.23098    0.383953  0.00434552
      1.2333    0.360704  0.00411746
     1.23562    0.340168  0.00444336
     1.23794    0.318398  0.00394102
     1.24026    0.296132  0.00383641
     1.24257    0.279518  0.00385669
     1.24489    0.261414  0.00350937
     1.24721    0.246672  0.00315642
     1.24953    0.227611  0.00368554
     1.25185    0.210438  0.00389626
     1.25416    0.195029   0.0033569
     1.25648     0.18248  0.00336255
      1.2588    0.167124  0.00317094
     1.26112    0.154876  0.00264188
     1.26344    0.144342   0.0022734
     1.26576    0.137064  0.00241745
     1.26807    0.129274  0.00257351
     1.27039    0.119392   0.0025863
     1.27271    0.109543  0.00229506
     1.27503    0.101427   0.0023642
     1.27735   0.0939431  0.00246803
     1.27967   0.0859698  0.00229304
     1.28198    0.082297  0.00249195
      1.2843   0.0743239  0.00231087
     1.28662    0.070199  0.00193858
     1.28894   0.0667074  0.00181004
     1.29126   0.0632369  0.00154469
     1.29357   0.0597012  0.00149924
     1.29589   0.0557232  0.00152799
     1.29821   0.0527418  0.00161876
     1.30053   0.0508181  0.00141441
     1.30285   0.0482043  0.00153145
     1.30517   0.0467329  0.00160603
     1.30748   0.0441986  0.00139248
      1.3098   0.0439012  0.00152698
     1.31212    0.042644  0.00164197
     1.31444   0.0430648  0.00147452
     1.31676   0.0408872  0.00144658
     1.31908   0.0394209  0.00135374
     1.32139   0.0406572  0.00153485
     1.32371   0.0398566  0.00139689
     1.32603    0.042224  0.00161362
     1.32835   0.0425869  0.00136142
     1.33067   0.0427092  0.00153561
     1.33298   0.0460673  0.00140322
      1.3353   0.0468427  0.00134772
     1.33762   0.0491858  0.00166123
     1.33994   0.0527881  0.00175992
     1.34226    0.054633  0.00158783
     1.34458   0.0585613  0.00169854
     1.34689   0.0636898  0.00187317
     1.34921   0.0646312  0.00199862
     1.35153    0.065231  0.00216421
     1.35385   0.0692319  0.00203627
     1.35617   0.0734341  0.00195453
     1.35849   0.0771853  0.00197515
      1.3608   0.0825118  0.00198227
     1.36312   0.0892672  0.00216842
     1.36544   0.0967282  0.00212117
     1.36776    0.101369  0.00204154
     1.37008    0.105846  0.00215867
     1.37239    0.110518  0.00219251
     1.37471    0.116951  0.00227986
     1.37703    0.125381  0.00243155
     1.37935     0.13429  0.00267449
     1.38167    0.140368  0.00261294
     1.38399    0.149405  0.00252312
      1.3863    0.159716  0.00282388
     1.38862    0.166068  0.00335825
     1.39094    0.174202  0.00281766
     1.39326    0.181906  0.00266584
     1.39558    0.194947  0.00310025
      1.3979     0.20281  0.00348642
     1.40021    0.213981  0.00325987
     1.40253    0.224027  0.00353788
     1.40485    0.233421  0.00324254
     1.40717    0.242851  0.00314336
     1.40949    0.250382  0.00324797
      1.4118    0.266764  0.00363346
     1.41412    0.280296  0.00376341
     1.41644    0.296295  0.00351538
     1.41876    0.307535  0.00380443
     1.42108    0.327172  0.00399938
      1.4234    0.340309   0.0039253
     1.42571    0.355301  0.00412762
     1.42803    0.368024  0.00381562
     1.43035    0.382309  0.00362368
     1.43267    0.400956  0.00324593
     1.43499    0.416423  0.00380654
     1.43731    0.437903  0.00370519
     1.43962    0.453167  0.00366513
     1.44194    0.469303  0.00376719
     1.44426    0.489567  0.00437827
     1.44658    0.505399  0.00448859
      1.4489    0.517377  0.00355306
     1.45121    0.537471  0.00456845
     1.45353    0.555657  0.00478651
     1.45585     0.57471  0.00421657
     1.45817    0.594035  0.00498383
     1.46049    0.607965  0.00491594
     1.46281    0.623961   0.0050546
     1.46512    0.644122  0.00464123
     1.46744     0.66426  0.00501093
     1.46976    0.680218  0.00573505
     1.47208    0.695937  0.00490852
      1.4744    0.711007  0.00413982
     1.47672    0.726458  0.00440121
     1.47903    0.742742  0.00483869
     1.48135    0.756999   0.0047658
     1.48367    0.771211  0.00410909
     1.48599    0.786778  0.00556583
     1.48831    0.803729  0.00513026
     1.49062    0.822612  0.00559956
     1.49294    0.839852  0.00567868
     1.49526     0.84709  0.00649257
     1.49758    0.851119  0.00558227
      1.4999    0.864143  0.00577763
     1.50222     0.88307  0.00602307
     1.50453    0.891181   0.0054686
     1.50685    0.904224  0.00572609
     1.50917    0.920344  0.00549699
     1.51149    0.936491  0.00540293
     1.51381    0.937915  0.00565293
     1.51613    0.945817  0.00586267
     1.51844    0.951197  0.00601487
     1.52076    0.953494  0.00598014
     1.52308    0.955284  0.00617613
      1.5254    0.961166  0.00659508
     1.52772     0.96479   0.0069211
     1.53003    0.974451  0.00672828
     1.53235    0.965664   0.0071432
     1.53467    0.965762  0.00835308
     1.53699    0.965435  0.00733262
     1.53931    0.960578  0.00605986
     1.54163    0.950247  0.00546062
     1.54394    0.947187  0.00540642
     1.54626    0.946528  0.00555783
     1.54858    0.937594  0.00539364
      1.5509    0.930983  0.00486671
     1.55322    0.925788  0.00586502
     1.55554    0.917335  0.00620085
     1.55785    0.908075  0.00537452
     1.56017    0.896154  0.00541703
     1.56249    0.885428  0.00530692
     1.56481    0.878253  0.00570678
     1.56713    0.867228  0.00582599
     1.56944    0.857576  0.00644471
     1.57176    0.846045  0.00587009
     1.57408    0.828261  0.00482154
      1.5764    0.810517  0.00507043
     1.57872    0.798196  0.00509404
     1.58104    0.780687  0.00505619
     1.58335    0.770689  0.00488568
     1.58567    0.759355  0.00517582
     1.58799     0.74432  0.00523799
     1.59031    0.725077    0.004425
     1.59263    0.710263  0.00439634
     1.59495    0.695696  0.00460619
     1.59726    0.676763  0.00446834
     1.59958    0.658602  0.00430515
      1.6019     0.63853  0.00386515
     1.60422    0.619855  0.00379488
     1.60654     0.60396  0.00416405
     1.60885    0.587791  0.00467812
     1.61117    0.571313  0.00438324
     1.61349    0.555478  0.00380683
     1.61581    0.536344   0.0033969
     1.61813     0.52332  0.00331279
     1.62045    0.501578  0.00425139
     1.62276    0.480138   0.0037838
     1.62508    0.467501  0.00341254
      1.6274    0.453638  0.00338575
     1.62972    0.435963  0.00367431
     1.63204    0.419521  0.00446525
     1.63436     0.40408   0.0032656
     1.63667    0.389212  0.00334275
     1.63899     0.37773  0.00338341
     1.64131    0.358889  0.00318808
     1.64363    0.343006  0.00332375
     1.64595    0.332168  0.00342868
     1.64826     0.31738  0.00315248
     1.65058    0.308292  0.00285515
      1.6529    0.300107  0.00313019
     1.65522    0.285516  0.00305408
     1.65754    0.273332  0.00272981
     1.65986    0.261623  0.00301864
     1.66217    0.255879  0.00317837
     1.66449    0.246748  0.00285521
     1.66681    0.235143  0.00298195
     1.66913    0.229236  0.00317726
     1.67145    0.222759   0.0029033
     1.67376    0.217543  0.00298339
     1.67608    0.211543  0.00288076
      1.6784     0.20802  0.00299876
     1.68072    0.202098  0.00310747
     1.68304    0.198458  0.00366824
     1.68536    0.197913  0.00313988
     1.68767    0.196462  0.00333782
     1.68999    0.198757   0.0033401
     1.69231    0.198971  0.00326115
     1.69463    0.198061  0.00311852
     1.69695    0.198318  0.00307723
     1.69927    0.201014  0.00340308
     1.70158    0.204704  0.00318009
      1.7039    0.211191  0.00311717
     1.70622    0.216977  0.00315307
     1.70854    0.225808  0.00326337
     1.71086    0.234509  0.00293259
     1.71317    0.243923  0.00325422
     1.71549    0.252891  0.00267459
     1.71781    0.262802  0.00286032
     1.72013    0.277635  0.00326563
     1.72245    0.293914  0.00352354
     1.72477    0.308313   0.0036309
     1.72708    0.326395  0.00403851
      1.7294    0.342745  0.00478303
     1.73172    0.362965  0.00456636
     1.73404    0.383525  0.00423104
     1.73636    0.407511  0.00478037
     1.73868     0.43012  0.00449601
     1.74099    0.453595  0.00461673
     1.74331    0.476957  0.00434056
     1.74563    0.507442  0.00448277
     1.74795    0.533871  0.00472409
     1.75027    0.567616  0.00461089
     1.75258     0.60362   0.0051075
      1.7549    0.636001  0.00512799
     1.75722    0.669759  0.00495226
     1.75954    0.705454  0.00491359
     1.76186    0.742631  0.00567942
     1.76418    0.780385   0.0047965
     1.76649    0.824261  0.00506965
     1.76881    0.865673  0.00489342
     1.77113    0.906495  0.00502332
     1.77345    0.947635  0.00512735
     1.77577    0.992236  0.00467876
     1.77809     1.03877  0.00579246
      1.7804     1.08641  0.00595967
     1.78272     1.13058  0.00596619
     1.78504     1.17763  0.00572434
     1.78736     1.22459  0.00596654
     1.78968     1.27617   0.0055778
     1.79199     1.32762  0.00410453
     1.79431      1.3761   0.0045047
     1.79663      1.4347  0.00581543
     1.79895     1.48711  0.00588322
     1.80127     1.53537  0.00604674
     1.80359     1.59218  0.00624991
      1.8059     1.63674  0.00556972
     1.80822     1.70083  0.00682292
     1.81054     1.75686  0.00636636
     1.81286     1.81097  0.00633892
     1.81518     1.85312  0.00598505
      1.8175     1.90787  0.00624244
     1.81981     1.96423   0.0071301
     1.82213     2.02088  0.00692758
     1.82445     2.05667  0.00592086
     1.82677     2.11769  0.00599007
     1.82909     2.16497  0.00611979
      1.8314      2.2093  0.00546495
     1.83372     2.25397  0.00643371
     1.83604      2.2896  0.00728526
     1.83836      2.3293  0.00668993
     1.84068      2.3769  0.00698347
       1.843     2.40393  0.00632662
     1.84531     2.44281   0.0073063
     1.84763     2.48076  0.00805013
     1.84995     2.51133  0.00727864
     1.85227     2.53873  0.00766837
     1.85459     2.56206  0.00861308
     1.85691     2.57974  0.00759482
     1.85922     2.59941  0.00791647
     1.86154     2.61765  0.00846025
     1.86386     2.63814  0.00791432
     1.86618     2.65657  0.00842945
      1.8685     2.66607  0.00836979
     1.87081      2.6778  0.00875946
     1.87313     2.67735  0.00884266
     1.87545     2.68484  0.00858643
     1.87777     2.68159  0.00932353
     1.88009     2.68002   0.0081445
     1.88241     2.67575  0.00960271
     1.88472     2.65927  0.00920587
     1.88704     2.65185  0.00847034
     1.88936     2.63706  0.00770044
     1.89168      2.6281  0.00890593
       1.894     2.62083  0.00839873
     1.89632     2.60108  0.00745271
     1.89863     2.57744   0.0083477
     1.90095     2.54535  0.00830608
     1.90327     2.51558  0.00808691
     1.90559     2.49015  0.00779628
     1.90791     2.45831  0.00725791
     1.91022      2.4204  0.00738535
     1.91254     2.38107  0.00842977
     1.91486     2.34798  0.00857045
     1.91718     2.30307   0.0079768
      1.9195     2.26604  0.00757731
     1.92182     2.22754  0.00750334
     1.92413     2.18697  0.00810421
     1.92645     2.13386  0.00722103
     1.92877     2.09664  0.00705733
     1.93109     2.05163  0.00755463
     1.93341     1.99829  0.00661271
     1.93573     1.95005   0.0078528
     1.93804     1.90558  0.00702824
     1.94036     1.85732  0.00659653
     1.94268     1.79746   0.0061308
       1.945     1.74577  0.00569732
     1.94732     1.69068  0.00543853
     1.94963     1.64267  0.00608349
     1.95195     1.59447  0.00522396
     1.95427     1.54211  0.00485902
     1.95659     1.49504  0.00439515
     1.95891     1.45146  0.00477472
     1.96123     1.39847  0.00435634
     1.96354     1.35005  0.00449495
     1.96586     1.30402  0.00522265
     1.96818       1.261   0.0045944
      1.9705     1.21849  0.00358635
     1.97282     1.17079  0.00383188
     1.97514     1.12073  0.00369041
     1.97745     1.08558  0.00362204
     1.97977     1.04366  0.00427844
     1.98209     1.00323  0.00406705
     1.98441    0.966856  0.00341622
     1.98673    0.932498  0.00425917
     1.98904    0.898593  0.00440093
     1.99136    0.856615  0.00469289
     1.99368    0.822736  0.00417315
       1.996    0.789787  0.00381809
     1.99832    0.758648  0.00430604
     2.00064     0.72644  0.00402629
     2.00295    0.699096  0.00392136
     2.00527      0.6715  0.00390191
     2.00759    0.646529  0.00407957
     2.00991    0.623522  0.00374936
     2.01223    0.602515  0.00375889
     2.01455    0.582775  0.00430008
     2.01686    0.562605  0.00406436
     2.01918    0.543413  0.00380289
      2.0215    0.524629   0.0043423
     2.02382     0.51236    0.003782
     2.02614    0.497289  0.00457087
     2.02845    0.483044  0.00396375
     2.03077    0.473402  0.00405594
     2.03309    0.463449  0.00392689
     2.03541    0.458342  0.00405948
     2.03773    0.451614  0.00422396
     2.04005     0.44423  0.00374482
     2.04236    0.443876  0.00380722
     2.04468    0.443709  0.00374286
       2.047    0.445704  0.00357284
     2.04932     0.44508  0.00417556
     2.05164    0.444072  0.00398634
     2.05396    0.450908  0.00365631
     2.05627    0.455831  0.00348177
     2.05859    0.462281  0.00416698
     2.06091    0.462349  0.00371017
     2.06323    0.471498  0.00349065
     2.06555    0.477723  0.00384142
     2.06786    0.489145   0.0034746
     2.07018    0.501144  0.00349691
      2.0725    0.511968  0.00340596
     2.07482     0.52421  0.00306779
     2.07714    0.535523  0.00324963
     2.07946    0.547042  0.00395174
     2.08177    0.564846  0.00329015
     2.08409     0.58114  0.00314663
     2.08641     0.59776  0.00320311
     2.08873    0.612271  0.00330839
     2.09105    0.630017   0.0039309
     2.09337    0.645301  0.00380607
     2.09568    0.663484  0.00317287
       2.098    0.678853  0.00334495
     2.10032    0.695887  0.00314477
     2.10264    0.716614  0.00289266
     2.10496    0.732687  0.00243613
     2.10727    0.747505  0.00273782
     2.10959    0.760246  0.00306808
     2.11191    0.777965   0.0032929
     2.11423    0.797612  0.00309303
     2.11655    0.815275  0.00275456
     2.11887    0.827341  0.00328194
     2.12118    0.842363  0.00328256
      2.1235    0.858664  0.00340732
     2.12582    0.871006  0.00332965
     2.12814    0.885836  0.00298241
     2.13046    0.899985  0.00321111
     2.13278    0.912229  0.00357708
     2.13509    0.926414  0.00422881
     2.13741    0.936704  0.00468425
     2.13973    0.945512  0.00389249
     2.14205    0.956849   0.0042566
     2.14437    0.969758  0.00398321
     2.14668    0.976242  0.00357899
       2.149     0.98055  0.00383597
     2.15132    0.987118  0.00350227
     2.15364    0.998784  0.00370403
     2.15596     1.00605  0.00491897
     2.15828     1.00457  0.00488293
     2.16059      1.0084  0.00493068
     2.16291     1.00826  0.00505806
     2.16523     1.00989  0.00414254
     2.16755     1.00758  0.00397605
     2.16987     1.00836   0.0047074
     2.17219     1.00538  0.00435292
      2.1745     1.00029  0.00378477
     2.17682     1.00152  0.00411264
     2.17914    0.996097  0.00383361
     2.18146    0.987859  0.00381471
     2.18378     0.98328  0.00374057
     2.18609    0.974985  0.00312049
     2.18841    0.968348  0.00385815
     2.19073    0.960189  0.00460628
     2.19305    0.951561  0.00482268
     2.19537     0.94407  0.00403343
     2.19769      0.9371  0.00369847
         2.2    0.925449  0.00353559
     2.20232    0.910863  0.00346524
     2.20464    0.899797  0.00316183
     2.20696    0.888622  0.00273073
     2.20928    0.874359  0.00280336
      2.2116    0.864426  0.00268088
     2.21391    0.851954  0.00324241
     2.21623    0.840676  0.00360633
     2.21855    0.829014  0.00374949
     2.22087    0.813243  0.00415655
     2.22319     0.80346  0.00377167
      2.2255     0.79226  0.00362491
     2.22782    0.778856  0.00393326
     2.23014    0.762094  0.00334274
     2.23246    0.747281  0.00351271
     2.23478    0.730337  0.00355723
      2.2371    0.717313   0.0036335
     2.23941    0.707236  0.00369968
     2.24173    0.693773  0.00317915
     2.24405    0.680837  0.00307271
     2.24637    0.669767  0.00273049
     2.24869      0.6638  0.00329278
     2.25101    0.652838  0.00325992
     2.25332    0.641802  0.00281051
     2.25564    0.630738  0.00325907
     2.25796    0.618517  0.00360994
     2.26028    0.611641  0.00385013
      2.2626    0.606985  0.00359452
     2.26491    0.597708  0.00390248
     2.26723    0.591732  0.00393701
     2.26955    0.587316  0.00393618
     2.27187     0.58386  0.00376791
     2.27419    0.581239  0.00406839
     2.27651    0.578388  0.00434577
     2.27882    0.576952  0.00390732
     2.28114    0.575316  0.00385269
     2.28346    0.574856  0.00389629
     2.28578    0.575325  0.00422065
      2.2881    0.577769  0.00404278
     2.29042    0.581337  0.00457123
     2.29273    0.582684  0.00476608
     2.29505    0.586687  0.00508314
     2.29737    0.591814   0.0044413
     2.29969    0.599169  0.00471312
     2.30201    0.608144  0.00482026
     2.30432    0.613372  0.00472555
