-0.0351882
-0.219337
-0.299922
-0.390889
-0.406361
-0.390093
-0.399315
-0.387001
-0.369878
-0.364402
-0.375958
-0.466436
-0.405301
-0.447245
-0.385832
-0.434035
-0.433346
-0.426962
-0.420795
-0.416678
-0.362571
-0.40811
-0.427944
-0.42262
-0.382028
-0.405133
-0.449936
-0.453742
-0.391907
-0.401024
-0.430396
-0.454708
-0.476264
-0.449502
-0.419593
-0.392649
-0.352746
-0.364062
-0.394372
-0.448962
-0.471179
-0.348686
-0.400972
-0.39346
-0.382744
-0.401855
-0.419874
-0.394304
-0.422947
-0.428078
-0.413552
-0.483768
-0.398274
-0.364763
-0.367318
-0.388304
-0.41435
-0.495102
-0.554762
-0.577343
-0.50825
-0.443817
-0.456104
-0.457191
-0.45899
-0.446757
-0.469791
-0.484784
-0.419003
-0.432988
-0.385051
-0.431313
-0.452337
-0.426586
-0.370653
-0.450143
-0.406393
-0.416188
-0.535807
-0.474605
-0.465235
-0.50107
-0.447155
-0.408322
-0.368592
-0.368868
-0.398737
-0.318664
-0.329756
-0.43438
-0.349629
-0.352948
-0.375326
-0.36631
-0.299364
-0.374892
-0.357756
-0.394882
-0.452353
-0.433289
-0.423331
-0.478446
-0.436309
-0.530719
-0.501852
-0.457333
-0.415769
-0.359127
-0.383414
-0.37319
-0.311356
-0.357718
-0.37268
-0.396466
-0.395421
-0.380903
-0.424212
-0.435195
-0.420639
-0.408476
-0.467436
-0.52355
-0.567638
-0.529167
-0.497416
-0.464294
-0.453882
-0.374493
-0.432953
-0.365722
-0.421259
-0.40859
-0.485199
-0.425593
-0.391748
-0.381316
-0.417781
-0.411107
-0.429396
-0.439395
-0.471704
-0.441862
-0.387384
-0.389084
-0.440753
-0.484272
-0.400979
-0.414183
-0.373894
-0.40232
-0.42807
-0.386187
-0.387907
-0.366054
-0.378079
-0.336985
-0.375497
-0.381196
-0.39334
-0.383225
-0.394146
-0.37117
-0.368299
-0.383235
-0.434189
-0.454664
-0.405818
-0.46316
-0.477776
-0.49048
-0.462466
-0.404006
-0.418815
-0.357087
-0.336333
-0.342554
-0.314054
-0.316843
-0.343424
-0.456128
-0.439095
-0.422461
-0.426647
-0.400936
-0.508297
-0.536047
-0.576227
-0.555494
-0.561085
-0.518584
-0.592045
-0.47275
-0.525127
-0.503155
-0.470586
-0.474328
-0.448796
-0.466322
-0.472281
-0.462931
-0.423952
-0.410259
-0.412785
-0.397028
-0.379912
-0.361183
-0.362675
-0.433341
-0.437005
-0.370168
-0.369666
-0.416498
-0.348103
-0.435809
-0.449208
-0.509177
-0.515731
-0.450744
-0.487622
-0.520761
-0.46136
-0.463802
-0.548895
-0.48377
-0.465277
-0.505773
-0.507708
-0.559227
-0.506835
-0.455883
-0.434111
-0.417435
-0.377356
-0.396132
-0.445427
-0.43414
-0.477461
-0.412007
-0.34854
-0.399826
-0.374778
-0.371937
-0.374455
-0.450369
-0.429629
-0.374198
-0.456087
-0.401206
-0.341551
-0.400083
-0.402675
-0.383431
-0.391727
-0.311189
-0.370216
-0.443996
-0.435788
-0.511272
-0.426018
-0.435211
-0.38813
-0.392702
-0.37583
-0.341236
-0.31319
-0.294178
-0.290447
-0.340118
-0.323445
-0.374877
-0.432567
-0.42739
-0.421307
-0.409549
-0.380786
-0.425912
-0.391224
-0.356398
-0.400983
-0.408199
-0.34519
-0.359689
-0.374585
-0.426206
-0.411514
-0.412936
-0.422439
-0.401626
-0.404219
-0.404378
-0.370676
-0.437694
-0.370498
-0.357089
-0.352237
-0.332399
-0.334134
-0.340487
-0.395943
-0.307743
-0.431637
-0.406414
-0.416712
-0.397569
-0.458191
-0.416698
-0.403476
-0.372795
-0.41477
-0.439771
-0.477813
-0.486342
-0.39792
-0.399231
-0.410463
-0.368291
-0.3973
-0.361534
-0.349172
-0.382547
-0.31707
-0.396116
-0.361665
-0.475282
-0.498013
-0.44769
-0.438224
-0.401423
-0.318398
-0.308379
-0.324363
-0.307991
-0.354592
-0.376493
-0.374241
-0.355844
-0.327192
-0.390186
-0.342154
-0.299016
-0.340459
-0.40568
-0.381164
-0.453166
-0.43719
-0.454352
-0.511336
-0.495699
-0.508123
-0.441274
-0.445438
-0.393026
-0.425272
-0.384515
-0.407237
-0.349359
-0.342833
-0.36992
-0.3867
-0.415012
-0.438775
-0.463458
-0.34215
-0.399395
-0.418983
-0.318539
-0.377868
-0.395835
-0.39
-0.420249
-0.391449
-0.370368
-0.373141
-0.409257
-0.416569
-0.385657
-0.32795
-0.337193
-0.341411
-0.346857
-0.372245
-0.404073
-0.374265
-0.390893
-0.381093
-0.455862
-0.470043
-0.455953
-0.507485
-0.453413
-0.452861
-0.448632
-0.413913
-0.418199
-0.421865
-0.438384
-0.423182
-0.385705
-0.454751
-0.485289
-0.573515
-0.500329
-0.458574
-0.474886
-0.432906
-0.416793
-0.379297
-0.516176
-0.469753
-0.421352
-0.434128
-0.405878
-0.389608
-0.369819
-0.366376
-0.456726
-0.403078
-0.375388
-0.4136
-0.490345
-0.440393
-0.399483
-0.482245
-0.478931
-0.43334
-0.390646
-0.425357
-0.446686
-0.451519
-0.43198
-0.448517
-0.371169
-0.380624
-0.469541
-0.463264
-0.362539
-0.370011
-0.338713
-0.359343
-0.401107
-0.350603
-0.372987
-0.376483
-0.385072
-0.398451
-0.401472
-0.404546
-0.365987
-0.419279
-0.380646
-0.397421
-0.363538
-0.407095
-0.363161
-0.431627
-0.442275
-0.368679
-0.419428
-0.437673
-0.4829
-0.420008
-0.390336
-0.400098
-0.424892
-0.342746
-0.39365
-0.459945
-0.482258
-0.525947
-0.495947
-0.434676
-0.42294
-0.47899
-0.430663
-0.408427
-0.443398
-0.440178
-0.350108
-0.328931
-0.333752
-0.312304
-0.30584
-0.357183
-0.368397
-0.445127
-0.42021
-0.350134
-0.358062
-0.336046
-0.33752
-0.386924
-0.416722
-0.430871
-0.454799
-0.476807
-0.453568
-0.424674
-0.454713
-0.451864
-0.48434
-0.437704
-0.439905
-0.445014
-0.476108
-0.37754
-0.422884
-0.424349
-0.391479
-0.392082
-0.392508
-0.421267
-0.402094
-0.463539
-0.5274
-0.54468
-0.439383
-0.486045
-0.499634
-0.37315
-0.455217
-0.475635
-0.466943
-0.486655
-0.513693
-0.513584
-0.5121
-0.512043
-0.485503
-0.38469
-0.40651
-0.423114
-0.413104
-0.474059
-0.444658
-0.32953
-0.393749
-0.446532
-0.399274
-0.367819
-0.345922
-0.381553
-0.339467
-0.384041
-0.453645
-0.397363
-0.39932
-0.366241
-0.455774
-0.389597
-0.416505
-0.471135
-0.475382
-0.463186
-0.44141
-0.472617
-0.457214
-0.461525
-0.499534
-0.500817
-0.422263
-0.389066
-0.43727
-0.383407
-0.391541
-0.337958
-0.356179
-0.380939
-0.399284
-0.391634
-0.432163
-0.46521
-0.445738
-0.420261
-0.362113
-0.402544
-0.417856
-0.463134
-0.452534
-0.494929
-0.45012
-0.415505
-0.40534
-0.414856
-0.516021
-0.50644
-0.491789
-0.454116
-0.405636
-0.45094
-0.422717
-0.453778
-0.401529
-0.420038
-0.427791
-0.354202
-0.366745
-0.380453
-0.367104
-0.369597
-0.359304
-0.390475
-0.36961
-0.482912
-0.437957
-0.463366
-0.436234
-0.440906
-0.423691
-0.502207
-0.500307
-0.45769
-0.452874
-0.461585
-0.492431
-0.435127
-0.392067
-0.421492
-0.404872
-0.417173
-0.33995
-0.317666
-0.406
-0.398961
-0.410381
-0.38042
-0.339343
-0.417432
-0.353836
-0.374964
-0.339596
-0.268373
-0.326087
-0.36655
-0.37184
-0.386673
-0.443979
-0.360109
-0.330453
-0.371875
-0.388613
-0.401367
-0.437613
-0.491089
-0.53773
-0.46159
-0.421094
-0.442642
-0.423285
-0.46919
-0.476889
-0.439214
-0.398606
-0.439077
-0.432836
-0.486798
-0.487394
-0.522893
-0.485211
-0.394343
-0.44315
-0.396459
-0.390141
-0.447812
-0.502536
-0.465082
-0.451038
-0.455098
-0.460507
-0.375937
-0.392195
-0.400735
-0.401952
-0.498386
-0.387832
-0.375236
-0.374391
-0.345705
-0.322491
-0.374999
-0.388921
-0.392114
-0.353223
-0.404168
-0.419771
-0.467865
-0.411189
-0.413102
-0.456009
-0.507284
-0.470282
-0.452919
-0.42569
-0.336282
-0.355452
-0.391316
-0.47674
-0.391508
-0.420749
-0.443272
-0.405056
-0.383184
-0.400663
-0.429697
-0.522778
-0.509184
-0.419106
-0.391898
-0.400951
-0.420008
-0.389601
-0.379474
-0.360479
-0.403939
-0.380562
-0.408659
-0.370799
-0.331528
-0.357694
-0.370818
-0.382058
-0.405102
-0.329253
-0.363857
-0.434733
-0.441166
-0.484548
-0.435316
-0.445172
-0.378398
-0.324802
-0.405742
-0.353409
-0.356598
-0.399901
-0.389373
-0.318719
-0.336714
-0.454677
-0.455084
-0.39649
-0.438236
-0.460803
-0.378868
-0.30627
-0.353891
-0.388207
-0.395845
-0.320409
-0.343449
-0.382062
-0.438144
-0.368346
-0.358869
-0.361394
-0.387403
-0.437672
-0.473236
-0.408639
-0.281872
-0.28729
-0.348619
-0.376192
-0.45431
-0.42339
-0.358348
-0.446182
-0.493041
-0.476545
-0.417048
-0.448047
-0.378399
-0.378597
-0.465016
-0.518976
-0.473522
-0.397719
-0.445878
-0.533232
-0.496485
-0.405823
-0.491853
-0.485879
-0.444946
-0.443277
-0.417261
-0.44281
-0.399319
-0.414882
-0.345329
-0.37343
-0.430161
-0.439318
-0.404241
-0.440419
-0.417349
-0.447217
-0.423085
-0.452823
-0.407087
-0.387965
-0.416907
-0.348403
-0.393696
-0.367474
-0.395095
-0.440978
-0.46379
-0.41539
-0.402969
-0.470357
-0.381004
-0.436381
-0.44061
-0.469499
-0.377781
-0.391633
-0.352849
-0.411392
-0.367935
-0.395736
-0.368781
-0.408849
-0.35287
-0.407498
-0.443863
-0.419883
-0.439245
-0.450505
-0.464345
-0.461504
-0.486143
-0.465548
-0.477725
-0.485137
-0.474611
-0.456628
-0.421692
-0.357743
-0.334941
-0.377732
-0.395645
-0.425089
-0.428017
-0.497743
-0.502626
-0.463607
-0.495992
-0.439271
-0.408395
-0.488232
-0.528425
-0.557389
-0.478948
-0.472823
-0.41925
-0.432938
-0.47409
-0.436104
-0.333197
-0.383971
-0.393525
-0.394429
-0.487521
-0.41525
-0.427631
-0.402839
-0.363525
-0.439561
-0.443828
-0.466446
-0.464841
-0.455172
-0.427095
-0.39207
-0.424128
-0.377973
-0.33392
-0.421646
-0.385004
-0.416278
-0.386587
-0.347203
-0.343439
-0.385256
-0.426877
-0.424213
-0.273005
-0.376064
-0.401597
-0.439425
-0.367256
-0.405621
-0.357898
-0.484107
-0.483759
-0.433537
-0.441394
-0.351803
-0.421636
-0.455597
-0.483582
-0.447289
-0.481871
-0.45221
-0.364805
-0.354373
-0.400108
-0.427246
-0.417569
-0.487191
-0.379719
-0.44042
-0.392631
-0.396379
-0.366949
-0.402855
-0.403304
-0.433029
-0.469363
-0.411294
-0.410183
-0.467367
-0.461554
-0.437693
-0.435035
-0.472881
-0.473766
-0.501378
-0.339412
-0.425765
-0.396111
-0.370408
-0.327862
-0.342321
-0.422939
-0.409354
-0.350346
-0.373717
-0.383094
-0.392759
-0.392909
-0.31957
-0.332397
-0.314038
-0.408321
-0.423398
-0.411956
-0.461705
-0.489929
-0.459351
-0.454637
-0.477848
-0.437688
-0.441066
-0.473134
-0.343833
-0.368451
-0.450899
-0.422425
-0.419999
-0.390285
-0.465499
-0.44063
-0.396267
-0.421891
-0.396766
-0.422773
-0.370996
-0.384921
-0.40043
-0.394785
-0.402524
-0.406362
-0.446028
-0.458834
-0.432044
-0.450657
-0.48552
-0.406676
-0.374943
-0.460744
-0.384303
-0.402266
-0.429877
-0.48561
-0.477593
-0.438112
-0.36456
-0.313482
-0.391772
-0.370663
-0.351754
-0.364001
-0.399477
-0.423212
-0.425276
-0.464126
-0.460721
-0.430043
-0.336477
-0.3693
-0.354499
-0.396228
-0.424801
-0.426004
-0.393854
-0.434162
-0.458104
-0.397827
-0.352713
-0.421436
-0.453642
-0.427254
-0.460579
-0.429372
-0.406329
-0.429542
-0.474371
-0.453676
-0.367591
-0.438695
-0.455619
-0.443127
-0.391305
-0.383901
-0.465368
-0.404205
-0.429285
-0.420386
-0.446765
-0.412042
-0.378973
-0.31633
-0.316253
-0.366868
-0.347389
-0.351246
-0.385494
-0.405327
-0.452716
-0.393671
-0.463285
-0.466559
-0.492514
-0.472813
-0.392377
-0.339368
-0.333388
-0.366132
-0.375519
-0.400713
-0.419458
-0.363253
-0.35211
-0.389795
-0.464332
-0.484801
-0.472529
-0.375215
-0.40644
-0.383874
-0.43085
-0.447038
-0.517237
-0.451345
-0.465935
-0.491116
-0.504793
-0.472815
-0.481901
-0.420825
-0.437351
-0.475799
-0.523558
-0.475577
-0.475786
-0.464677
-0.466766
-0.451775
-0.404042
-0.394943
-0.462213
-0.497821
-0.482006
-0.437214
-0.555587
-0.535852
-0.555052
-0.543869
-0.484414
-0.481446
-0.415034
-0.361067
-0.36386
-0.415466
-0.431556
-0.391841
-0.374465
-0.406674
-0.471988
-0.446701
-0.455461
-0.435905
-0.504442
-0.482327
-0.447172
-0.420323
-0.458529
-0.432802
-0.325264
-0.350562
-0.345206
-0.371261
-0.353556
-0.338571
-0.349099
-0.374473
-0.368334
-0.344821
-0.350191
-0.399321
-0.414458
-0.354116
-0.357353
-0.421438
-0.382746
-0.357747
-0.324808
-0.364798
-0.36424
-0.446494
-0.45976
-0.485021
-0.497471
-0.489573
-0.498775
-0.410091
-0.477125
-0.474209
-0.501358
-0.413927
-0.396207
-0.340264
-0.383934
-0.390776
-0.46632
-0.509276
-0.441194
-0.403255
-0.344043
-0.363984
-0.418406
-0.438277
-0.484057
-0.400978
-0.424271
-0.436304
-0.386486
-0.366681
-0.384502
-0.384244
-0.423204
-0.408514
-0.404154
-0.440177
-0.446502
-0.415248
-0.393308
-0.377055
-0.505951
-0.43965
-0.45013
-0.490857
-0.483298
-0.416825
-0.459261
-0.415819
-0.347083
-0.354844
-0.355967
-0.364558
-0.323984
-0.364347
-0.4064
-0.385632
-0.388309
-0.370229
-0.327955
-0.379178
-0.333321
-0.372362
-0.385258
-0.373395
-0.378702
-0.447416
-0.409914
-0.419764
-0.395761
-0.329756
-0.358716
-0.358434
-0.411258
-0.398308
-0.418696
-0.443225
-0.480503
-0.41793
-0.462159
-0.420769
-0.42262
-0.401276
-0.433202
-0.421589
-0.457884
-0.391783
-0.413623
-0.442677
-0.416187
-0.50444
-0.482912
-0.492722
-0.540611
-0.530714
-0.482348
-0.462863
-0.505078
-0.450035
-0.454783
-0.439173
-0.4673
-0.45698
-0.507947
-0.559888
-0.499424
-0.505523
-0.482802
-0.497618
-0.541371
-0.541813
-0.535377
-0.534247
-0.462497
-0.463133
-0.536808
-0.505253
-0.533757
-0.445855
-0.396284
-0.402742
-0.445935
-0.419365
-0.415084
-0.352097
-0.315621
-0.277297
-0.313974
-0.365292
-0.394179
-0.424129
-0.340822
-0.350375
-0.370796
-0.304095
-0.334931
-0.317229
-0.390201
-0.392269
-0.370684
-0.405214
-0.444678
-0.445742
-0.377183
-0.371999
-0.431908
-0.388058
-0.372467
-0.361406
-0.381665
-0.422507
-0.347769
-0.31864
-0.393952
-0.409748
-0.386818
-0.404115
-0.395814
-0.364008
-0.372594
-0.343511
-0.323226
-0.381506
-0.412871
-0.42792
-0.491648
-0.438068
-0.464153
-0.439385
-0.47288
-0.459292
-0.433172
-0.367504
-0.414164
-0.378161
-0.360509
-0.366727
-0.359208
-0.400398
-0.357002
-0.42479
-0.399583
-0.422986
-0.358897
-0.352997
-0.367609
-0.387962
-0.379305
-0.440065
-0.374651
-0.393276
-0.389106
-0.382219
-0.433768
-0.366114
-0.406851
-0.392232
-0.391379
-0.379026
-0.410664
-0.350453
-0.382059
-0.44209
-0.501956
-0.486198
-0.412635
-0.475061
-0.398533
-0.391044
-0.312672
-0.375561
-0.360108
-0.32695
-0.400747
-0.423582
-0.389934
-0.407298
-0.388053
-0.390475
-0.409907
-0.34937
-0.353563
-0.411864
-0.34309
-0.424102
-0.42596
-0.406917
-0.408183
-0.387375
-0.36051
-0.34248
-0.416634
-0.393953
-0.482333
-0.421198
-0.459343
-0.448144
-0.390802
-0.440315
-0.389679
-0.418243
-0.380728
-0.471119
-0.415897
-0.451247
-0.422959
-0.397212
-0.430399
-0.476216
-0.40378
-0.449092
-0.432103
-0.424362
-0.414219
-0.412649
-0.418276
-0.384192
-0.384892
-0.492977
-0.406583
-0.427085
-0.413191
-0.429517
-0.362876
-0.425071
-0.429262
-0.411641
-0.493925
-0.459633
-0.391737
-0.422323
-0.378892
-0.44853
-0.40424
-0.395897
-0.385468
-0.376667
-0.367661
-0.340232
-0.34139
-0.328981
-0.371478
-0.352209
-0.377938
-0.355674
-0.330319
-0.383532
-0.353622
-0.364683
-0.397283
-0.347169
-0.312582
-0.350594
-0.380778
-0.359755
-0.3812
-0.477377
-0.514515
-0.48849
-0.539213
-0.495858
-0.473735
-0.545623
-0.493021
-0.407694
-0.377137
-0.397665
-0.32672
-0.328626
-0.383684
-0.451638
-0.481078
-0.443895
-0.484006
-0.415669
-0.37707
-0.422264
-0.356726
-0.369301
-0.298102
-0.41461
-0.383791
-0.346143
-0.369844
-0.396598
-0.354681
-0.370805
-0.347464
-0.352946
-0.393837
-0.410453
-0.407539
-0.377623
-0.337307
-0.38649
-0.436677
-0.322595
-0.396275
-0.438075
-0.413163
-0.423809
-0.435201
-0.417195
-0.342309
-0.372714
-0.432485
-0.40955
-0.455758
-0.430957
-0.431847
-0.409554
-0.325939
-0.335365
-0.354201
-0.375237
-0.354159
-0.373287
-0.374768
-0.391382
-0.450901
-0.446515
-0.378672
-0.427576
-0.407432
-0.353648
-0.455768
-0.42457
-0.468603
-0.441709
-0.46431
-0.444343
-0.417287
-0.455122
-0.51647
-0.466819
-0.385171
-0.414928
-0.473465
-0.500279
-0.458983
-0.434859
-0.48692
-0.46542
-0.428478
-0.434493
-0.457664
-0.406611
-0.432083
-0.344599
-0.408051
-0.489866
-0.485972
-0.469291
-0.409604
-0.454526
-0.46155
-0.437836
-0.467865
-0.405683
-0.351777
-0.33684
-0.345462
-0.371374
-0.348762
-0.391833
-0.346483
-0.398731
-0.378367
-0.360921
-0.36109
-0.429808
-0.468453
-0.43249
-0.413775
-0.436249
-0.375407
-0.411332
-0.382523
-0.356797
-0.377224
-0.410571
-0.38072
-0.322506
-0.369282
-0.300336
-0.368851
-0.385128
-0.459746
-0.420918
-0.438036
-0.408013
-0.387412
-0.381287
-0.388761
-0.397075
-0.448388
-0.498113
-0.408474
-0.398265
-0.384009
-0.425475
-0.39004
-0.398288
-0.412924
-0.431231
-0.53646
-0.486578
-0.513709
-0.502684
-0.447571
-0.356795
-0.394837
-0.434206
-0.534681
-0.504591
-0.455498
-0.470991
-0.344981
-0.352414
-0.361144
-0.483303
-0.473635
-0.453559
-0.407249
-0.427426
-0.38636
-0.433919
-0.433431
-0.414587
-0.42785
-0.44368
-0.402084
-0.459044
-0.461639
-0.402192
-0.387335
-0.394752
-0.387637
-0.414944
-0.468335
-0.496986
-0.506115
-0.486618
-0.42133
-0.440967
-0.423061
-0.399433
-0.462184
-0.423513
-0.401443
-0.436444
-0.472193
-0.480184
-0.45166
-0.422144
-0.375106
-0.376413
-0.414569
-0.392097
-0.328705
-0.37096
-0.372203
-0.366838
-0.361784
-0.401675
-0.409762
-0.454157
-0.43308
-0.382859
-0.334953
-0.4542
-0.475037
-0.478169
-0.350257
-0.370196
-0.401993
-0.384697
-0.411599
-0.411981
-0.400511
-0.366414
-0.332622
-0.343888
-0.351333
-0.373536
-0.44521
-0.459275
-0.418122
-0.383354
-0.437342
-0.487467
-0.434233
-0.360339
-0.393165
-0.390841
-0.470921
-0.394603
-0.364493
-0.400345
-0.343947
-0.397704
-0.454747
-0.452985
-0.391129
-0.375404
-0.376812
-0.42077
-0.444636
-0.40852
-0.413071
-0.361614
-0.400947
-0.385962
-0.403361
-0.449158
-0.46008
-0.477877
-0.499476
-0.437836
-0.396479
-0.348032
-0.430888
-0.387789
-0.470245
-0.484648
-0.357308
-0.383338
-0.398611
-0.410794
-0.451
-0.390472
-0.391445
-0.426389
-0.296912
-0.350532
-0.382896
-0.402283
-0.479557
-0.473416
-0.406233
-0.390356
-0.414031
-0.448483
-0.393552
-0.392716
-0.283876
-0.288056
-0.338673
-0.297862
-0.325681
-0.338045
-0.35987
-0.389968
-0.359177
-0.413908
-0.432566
-0.426149
-0.358042
-0.367
-0.478629
-0.492713
-0.47952
-0.486561
-0.328497
-0.387596
-0.41409
-0.390285
-0.37688
-0.374521
-0.430372
-0.408668
-0.447181
-0.434073
-0.432995
-0.373579
-0.397378
-0.306051
-0.377847
-0.443639
-0.385453
-0.425464
-0.390578
-0.428553
-0.425354
-0.438009
-0.398052
-0.391087
-0.306734
-0.375947
-0.383925
-0.373956
-0.399413
-0.408528
-0.397964
-0.350502
-0.344353
-0.360212
-0.365119
-0.428845
-0.415501
-0.485984
-0.458184
-0.485037
-0.438459
-0.369519
-0.431094
-0.332504
-0.348422
-0.403408
-0.390891
-0.358134
-0.34953
-0.377113
-0.352597
-0.415094
-0.433563
-0.418262
-0.463703
-0.449291
-0.502959
-0.452288
-0.379455
-0.362772
-0.358276
-0.337915
-0.395358
-0.373376
-0.413887
-0.343683
-0.399221
-0.409445
-0.450784
-0.442272
-0.417321
-0.472855
-0.495516
-0.567579
-0.568175
-0.481934
-0.421301
-0.465635
-0.439741
-0.493707
-0.49146
-0.42037
-0.456183
-0.40894
-0.437162
-0.44705
-0.45587
-0.47445
-0.477442
-0.445361
-0.445111
-0.373734
-0.424774
-0.440247
-0.456258
-0.423563
-0.408444
-0.412471
-0.483074
-0.402524
-0.382355
-0.384633
-0.423153
-0.4088
-0.369163
-0.355547
-0.326775
-0.348896
-0.337118
-0.408736
-0.396897
-0.401003
-0.380038
-0.393464
-0.370143
-0.361024
-0.373841
-0.351851
-0.342021
-0.38316
-0.411024
-0.372311
-0.386747
-0.388265
-0.44973
-0.450873
-0.457721
-0.426382
-0.45583
-0.39717
-0.394884
-0.419569
-0.386832
-0.39648
-0.380802
-0.373532
-0.379581
-0.409159
-0.442553
-0.347708
-0.434491
-0.453839
-0.472128
-0.460625
-0.432378
-0.435365
-0.435743
-0.422813
-0.445618
-0.521683
-0.478385
-0.485861
-0.417816
-0.382861
-0.414308
-0.420641
-0.396649
-0.443278
-0.374852
-0.387969
-0.416868
-0.458271
-0.431724
-0.500777
-0.439109
-0.460741
-0.385289
-0.371763
-0.381446
-0.464391
-0.42022
-0.439025
-0.451233
-0.480337
-0.458642
-0.455785
-0.448382
-0.417408
-0.421326
-0.387273
-0.356718
-0.385238
-0.342705
-0.347224
-0.346689
-0.294583
-0.415828
-0.323011
-0.365161
-0.382296
-0.385157
-0.353388
-0.397271
-0.379809
-0.347207
-0.352494
-0.402432
-0.400353
-0.408223
-0.381303
-0.422299
-0.391623
-0.366703
-0.349608
-0.356405
-0.358517
-0.3035
-0.37815
-0.351783
-0.346775
-0.365141
-0.405187
-0.340579
-0.275616
-0.332275
-0.317702
-0.382483
-0.36621
-0.348179
-0.344664
-0.398902
-0.339778
-0.395376
-0.368075
-0.401283
-0.359253
-0.365504
-0.397749
-0.368438
-0.38138
-0.446745
-0.399132
-0.343864
-0.394413
-0.39629
-0.38449
-0.409062
-0.405689
-0.450105
-0.455321
-0.351248
-0.334784
-0.406408
-0.467715
-0.470258
-0.462818
-0.446715
-0.431767
-0.372813
-0.400477
-0.335377
-0.312963
-0.401171
-0.395247
-0.466189
-0.470814
-0.519242
-0.46065
-0.533777
-0.580815
-0.499196
-0.434384
-0.427246
-0.393076
-0.405252
-0.455982
-0.427549
-0.375113
-0.432042
-0.449168
-0.441145
-0.381653
-0.366238
-0.386983
-0.344426
-0.36878
-0.404738
-0.444902
-0.381333
-0.363678
-0.405762
-0.404754
-0.406214
-0.386983
-0.347969
-0.337434
-0.408166
-0.405804
-0.372085
-0.40043
-0.415034
-0.412072
-0.420132
-0.427006
-0.418082
-0.491895
-0.506876
-0.437006
-0.409352
-0.389967
-0.352496
-0.399293
-0.395718
-0.435273
-0.413077
-0.366474
-0.340567
-0.459867
-0.45279
-0.483998
-0.484492
-0.496526
-0.440601
-0.417112
-0.43123
-0.368805
-0.314139
-0.280488
-0.408581
-0.490353
-0.471914
-0.493676
-0.533916
-0.493071
-0.428126
-0.499208
-0.396312
-0.378032
-0.365109
-0.450052
-0.40661
-0.394276
-0.376061
-0.388975
-0.474167
-0.375534
-0.443741
-0.38737
-0.347022
-0.439392
-0.421795
-0.346997
-0.400411
-0.418254
-0.392633
-0.450399
-0.383956
-0.379759
-0.381676
-0.418256
-0.393056
-0.426002
-0.462094
-0.510057
-0.45975
-0.42721
-0.419066
-0.374677
-0.415752
-0.394502
-0.417991
-0.466532
-0.518081
-0.471992
-0.465624
-0.392479
-0.429375
-0.377888
-0.4064
-0.439924
-0.307161
-0.307709
-0.332066
-0.36129
-0.432119
-0.364827
-0.37575
-0.375443
-0.358478
-0.36994
-0.440287
-0.458933
-0.401728
-0.435897
-0.464597
-0.41984
-0.375225
-0.369202
-0.416359
-0.447907
-0.463682
-0.468279
-0.454616
-0.453185
-0.474658
-0.436792
-0.352067
-0.397105
-0.401466
-0.443977
-0.418559
-0.398327
-0.399108
-0.371109
-0.333206
-0.293462
-0.372621
-0.385349
-0.373651
-0.43579
-0.45461
-0.422426
-0.427956
-0.444747
-0.454882
-0.469409
-0.517883
-0.53033
-0.496606
-0.477554
-0.52267
-0.464417
-0.477639
-0.413208
-0.455433
-0.471596
-0.44006
-0.403945
-0.408656
-0.471131
-0.383623
-0.338152
-0.35792
-0.364282
-0.395406
-0.37662
-0.347939
-0.386081
-0.426385
-0.41952
-0.40222
-0.357759
-0.398077
-0.413032
-0.47284
-0.485182
-0.475336
-0.458284
-0.421355
-0.450948
-0.455447
-0.438565
-0.421328
-0.41659
-0.318912
-0.349787
-0.356421
-0.377766
-0.381425
-0.459558
-0.439664
-0.444296
-0.432281
-0.484541
-0.468336
-0.536217
-0.497374
-0.489847
-0.518277
-0.464464
-0.387296
-0.348512
-0.337729
-0.325363
-0.381942
-0.339334
-0.390139
-0.429643
-0.426832
-0.42245
-0.444102
-0.358893
-0.342449
-0.373298
-0.4089
-0.39242
-0.368771
-0.396691
-0.399577
-0.346139
-0.338274
-0.313955
-0.322631
-0.34376
-0.361802
-0.485319
-0.451529
-0.468078
-0.481841
-0.421933
-0.440723
-0.447411
-0.487548
-0.423056
-0.488073
-0.45247
-0.466691
-0.425911
-0.411011
-0.402438
-0.349728
-0.350158
-0.348529
-0.394928
-0.389442
-0.404122
-0.410887
-0.450096
-0.406413
-0.377934
-0.396045
-0.400982
-0.45971
-0.426138
-0.426826
-0.410962
-0.351858
-0.36766
-0.323022
-0.369165
-0.38362
-0.357467
-0.377675
-0.41705
-0.393942
-0.435088
-0.488197
-0.502584
-0.524844
-0.458243
-0.471328
-0.462172
-0.470117
-0.407491
-0.36088
-0.353359
-0.362105
-0.345013
-0.371686
-0.353972
-0.348277
-0.42368
-0.414918
-0.446557
-0.404137
-0.312024
-0.331167
-0.407348
-0.370473
-0.347949
-0.35352
-0.365627
-0.373257
-0.301748
-0.35722
-0.357787
-0.361997
-0.372074
-0.393916
-0.405263
-0.392759
-0.404818
-0.430208
-0.404561
-0.445701
-0.370953
-0.386115
-0.424165
-0.423575
-0.397507
-0.396479
-0.38139
-0.401654
-0.343912
-0.351906
-0.423973
-0.4056
-0.393142
-0.380004
-0.395378
-0.396706
-0.362169
-0.358589
-0.338796
-0.354748
-0.31392
-0.301864
-0.33509
-0.318688
-0.378019
-0.39862
-0.47852
-0.457441
-0.503865
-0.454145
-0.420266
-0.467157
-0.476592
-0.468165
-0.447528
-0.385499
-0.435313
-0.387313
-0.420181
-0.403224
-0.369534
-0.363689
-0.349529
-0.371148
-0.45606
-0.43705
-0.4315
-0.454664
-0.4527
-0.416386
-0.418537
-0.463392
-0.534726
-0.577985
-0.596633
-0.595988
-0.612648
-0.632167
-0.554195
-0.490067
-0.535706
-0.50604
-0.547836
-0.575329
-0.494629
-0.548258
-0.462225
-0.508004
-0.536841
-0.580653
-0.599091
-0.507285
-0.484057
-0.475881
-0.446523
-0.441565
-0.433727
-0.432293
-0.416915
-0.34273
-0.385104
-0.427518
-0.437449
-0.440711
-0.401056
-0.403158
-0.382484
-0.356074
-0.382976
-0.370596
-0.357415
-0.372638
-0.397542
-0.408221
-0.393756
-0.389904
-0.336817
-0.40303
-0.459954
-0.462697
-0.41008
-0.440651
-0.44552
-0.41741
-0.367256
-0.3711
-0.403427
-0.48037
-0.390912
-0.372082
-0.421909
-0.436295
-0.483712
-0.438303
-0.476024
-0.499282
-0.418363
-0.403754
-0.444519
-0.497396
-0.47921
-0.433455
-0.461825
-0.406324
-0.412541
-0.380788
-0.353595
-0.419099
-0.355598
-0.36546
-0.397432
-0.392544
-0.396197
-0.384732
-0.362773
-0.399628
-0.376525
-0.369062
-0.380289
-0.415245
-0.351256
-0.326978
-0.339488
-0.319954
-0.410445
-0.451901
-0.517297
-0.429927
-0.38369
-0.38631
-0.305079
-0.404241
-0.298345
-0.414204
-0.45545
-0.443959
-0.457709
-0.448287
-0.451196
-0.429653
-0.444699
-0.358293
-0.386069
-0.356676
-0.315735
-0.350284
-0.362989
-0.415453
-0.384588
-0.408349
-0.36546
-0.383808
-0.432595
-0.433181
-0.451245
-0.435779
-0.404538
-0.44188
-0.418448
-0.384402
-0.355249
-0.371569
-0.387704
-0.396874
-0.368098
-0.407378
-0.43115
-0.351024
-0.420339
-0.450276
-0.471191
-0.472983
-0.47743
-0.464045
-0.502109
-0.461861
-0.483722
-0.508438
-0.481514
-0.464494
-0.463804
-0.466351
-0.451843
-0.472589
-0.494508
-0.420303
-0.392333
-0.442028
-0.455203
-0.380006
-0.411681
-0.405647
-0.336918
-0.390807
-0.448211
-0.465565
-0.475577
-0.424872
-0.436327
-0.41223
-0.474234
-0.491785
-0.427345
-0.501653
-0.418942
-0.48516
-0.483092
-0.497789
-0.556518
-0.508716
-0.447005
-0.537829
-0.482307
-0.423142
-0.445168
-0.321106
-0.318225
-0.368653
-0.46074
-0.415264
-0.49991
-0.481806
-0.430578
-0.432268
-0.471507
-0.426517
-0.486997
-0.462457
-0.471978
-0.402514
-0.475314
-0.45565
-0.416148
-0.444966
-0.448497
-0.475239
-0.432371
-0.481605
-0.45861
-0.37914
-0.33142
-0.379597
-0.419991
-0.434257
-0.372725
-0.418573
-0.370505
-0.402331
-0.365756
-0.353257
-0.416586
-0.439368
-0.384045
-0.472539
-0.489293
-0.501181
-0.561261
-0.544899
-0.552412
-0.471645
-0.560003
-0.479537
-0.539875
-0.552118
-0.469988
-0.438452
-0.457407
-0.481837
-0.474706
-0.45511
-0.466917
-0.506448
-0.515162
-0.460977
-0.420739
-0.384674
-0.395798
-0.43967
-0.445883
-0.405229
-0.450836
-0.388236
-0.301578
-0.359437
-0.392402
-0.328243
-0.38011
-0.373937
-0.456379
-0.408716
-0.408199
-0.381352
-0.405582
-0.412004
-0.413188
-0.327065
-0.296329
-0.356951
-0.347837
-0.358736
-0.357307
-0.440963
-0.403639
-0.372117
-0.35726
-0.385004
-0.413659
-0.420133
-0.443926
-0.407321
-0.396668
-0.373496
-0.370032
-0.370273
-0.335348
-0.33558
-0.403131
-0.358385
-0.415029
-0.375186
-0.39059
-0.414227
-0.386951
-0.428456
-0.368467
-0.371517
-0.40796
-0.426668
-0.510424
-0.327966
-0.390034
-0.432309
-0.449366
-0.419836
-0.350014
-0.416191
-0.444041
-0.421677
-0.411786
-0.485513
-0.477785
-0.474522
-0.464816
-0.449096
-0.428771
-0.391631
-0.41197
-0.420876
-0.406912
-0.451743
-0.395302
-0.430384
-0.393372
-0.417491
-0.447454
-0.41992
-0.468891
-0.50673
-0.475616
-0.483075
-0.497399
-0.459074
-0.475955
-0.461941
-0.424678
-0.348564
-0.399434
-0.409763
-0.405659
-0.405903
-0.369727
-0.394771
-0.398697
-0.399997
-0.412841
-0.422059
-0.413248
-0.439224
-0.46241
-0.423613
-0.403546
-0.474405
-0.420502
-0.455982
-0.43802
-0.385544
-0.4363
-0.376276
-0.37401
-0.37628
-0.326144
-0.370394
-0.386341
-0.390151
-0.425462
-0.421184
-0.404555
-0.381832
-0.405722
-0.473563
-0.421721
-0.405155
-0.387216
-0.27071
-0.345964
-0.409427
-0.375534
-0.349615
-0.31421
-0.390082
-0.42899
-0.430838
-0.4386
-0.456935
-0.429304
-0.425919
-0.3985
-0.354372
-0.370152
-0.415831
-0.44483
-0.395137
-0.364272
-0.376398
-0.302434
-0.304817
-0.314127
-0.367121
-0.32697
-0.396922
-0.380984
-0.392435
-0.398823
-0.382402
-0.428891
-0.353049
-0.408856
-0.385172
-0.367144
-0.432566
-0.364238
-0.370468
-0.456303
-0.439447
-0.385166
-0.418101
-0.394738
-0.372142
-0.344545
-0.372435
-0.433422
-0.410611
-0.379998
-0.379088
-0.482347
-0.466825
-0.495179
-0.450294
-0.34274
-0.408452
-0.418693
-0.407424
-0.412918
-0.384394
-0.411473
-0.360995
-0.426535
-0.451834
-0.419168
-0.430899
-0.418817
-0.408514
-0.494656
-0.43373
-0.392159
-0.381868
-0.394658
-0.509557
-0.433583
-0.464466
-0.445573
-0.412095
-0.40198
-0.396251
-0.407314
-0.480255
-0.455741
-0.416652
-0.405593
-0.363839
-0.390982
-0.369734
-0.361317
-0.354566
-0.361046
-0.372031
-0.375157
-0.482378
-0.500913
-0.410464
-0.467502
-0.461477
-0.388719
-0.402381
-0.378031
-0.34043
-0.371292
-0.381113
-0.417483
-0.43512
-0.426165
-0.397435
-0.336395
-0.33574
-0.312973
-0.311648
-0.332225
-0.344118
-0.358947
-0.390787
-0.380063
-0.39983
-0.278677
-0.331755
-0.330042
-0.349265
-0.372243
-0.351018
-0.406294
-0.390167
-0.360835
-0.327276
-0.361021
-0.3878
-0.370508
-0.292861
-0.377677
-0.374306
-0.407742
-0.399914
-0.48998
-0.452746
-0.412182
-0.445129
-0.368483
-0.445322
-0.471095
-0.410099
-0.445015
-0.435184
-0.375212
-0.359648
-0.378949
-0.384814
-0.404315
-0.395726
-0.432297
-0.389112
-0.404019
-0.406778
-0.423344
-0.441809
-0.46941
-0.42326
-0.417138
-0.406989
-0.367
-0.413271
-0.509628
-0.486064
-0.50344
-0.49924
-0.428746
-0.419297
-0.407355
-0.36708
-0.451157
-0.358134
-0.392324
-0.444742
-0.468524
-0.397371
-0.364875
-0.364915
-0.3592
-0.371778
-0.410548
-0.412835
-0.366485
-0.366945
-0.393259
-0.321261
-0.333571
-0.404881
-0.38843
-0.384261
-0.407358
-0.416643
-0.301074
-0.36599
-0.387367
-0.463753
-0.532693
-0.535873
-0.473232
-0.480206
-0.397679
-0.379108
-0.38984
-0.373764
-0.354349
-0.410254
-0.403029
-0.397493
-0.483349
-0.526157
-0.462407
-0.43147
-0.414422
-0.38462
-0.384853
-0.335325
-0.388134
-0.37225
-0.411916
-0.348268
-0.363825
-0.301612
-0.370538
-0.384187
-0.390587
-0.348943
-0.378742
-0.381998
-0.456432
-0.511821
-0.411725
-0.371317
-0.375923
-0.495037
-0.382489
-0.462015
-0.380267
-0.39318
-0.44353
-0.451166
-0.388628
-0.37425
-0.470893
-0.483656
-0.511582
-0.427762
-0.416989
-0.362978
-0.320471
-0.412546
-0.447905
-0.421299
-0.431935
-0.405802
-0.348604
-0.409869
-0.410783
-0.458725
-0.466602
-0.466933
-0.43516
-0.444463
-0.468579
-0.336015
-0.454679
-0.435088
-0.455374
-0.477144
-0.459027
-0.55648
-0.500316
-0.432397
-0.43553
-0.375551
-0.417128
-0.403016
-0.303299
-0.357143
-0.316037
-0.347737
-0.392207
-0.447121
-0.421386
-0.357373
-0.357853
-0.390445
-0.408699
-0.361187
-0.390686
-0.468891
-0.483988
-0.468383
-0.443007
-0.462418
-0.509304
-0.437961
-0.436819
-0.490728
-0.447525
-0.40392
-0.458809
-0.404352
-0.423161
-0.37512
-0.474138
-0.480834
-0.4851
-0.478796
-0.459949
-0.490158
-0.441788
-0.422138
-0.416616
-0.415663
-0.410113
-0.410808
-0.397052
-0.446492
-0.454546
-0.452145
-0.484062
-0.503212
-0.461533
-0.420153
-0.43402
-0.502181
-0.467116
-0.420088
-0.39285
-0.40177
-0.398506
-0.395423
-0.433633
-0.4444
-0.44272
-0.363705
-0.40063
-0.391141
-0.461314
-0.412176
-0.475325
-0.329736
-0.42614
-0.384199
-0.392806
-0.430827
-0.425928
-0.463181
-0.443073
-0.377397
-0.380709
-0.309728
-0.35748
-0.3599
-0.364134
-0.327112
-0.360018
-0.387037
-0.41195
-0.464845
-0.400877
-0.467717
-0.39335
-0.405953
-0.39093
-0.387349
-0.410755
-0.3755
-0.346215
-0.353429
-0.301196
-0.353289
-0.360174
-0.331641
-0.356114
-0.429791
-0.385431
-0.296211
-0.349393
-0.342681
-0.39737
-0.431071
-0.465235
-0.401706
-0.328748
-0.467423
-0.439759
-0.390534
-0.378557
-0.43692
-0.430783
-0.437112
-0.44747
-0.464981
-0.466672
-0.490771
-0.518226
-0.576912
-0.540846
-0.545113
-0.482534
-0.477618
-0.426771
-0.448709
-0.431136
-0.411619
-0.3471
-0.319748
-0.354851
-0.319076
-0.356629
-0.343172
-0.357879
-0.375461
-0.419309
-0.409937
-0.41437
-0.407477
-0.392694
-0.390191
-0.393238
-0.393023
-0.359053
-0.360612
-0.37355
-0.391142
-0.422718
-0.383213
-0.394918
-0.386717
-0.408623
-0.471752
-0.49776
-0.449395
-0.417643
-0.415828
-0.471732
-0.41361
-0.359598
-0.407949
-0.430148
-0.442232
-0.490181
-0.465812
-0.47479
-0.483464
-0.392512
-0.420693
-0.356955
-0.373947
-0.353792
-0.387245
-0.454431
-0.45011
-0.478857
-0.356184
-0.363929
-0.407441
-0.428964
-0.44523
-0.384014
-0.443964
-0.434628
-0.429441
-0.448539
-0.492758
-0.407436
-0.401154
-0.37514
-0.315317
-0.37347
-0.452334
-0.474509
-0.467516
-0.441053
-0.461277
-0.468029
-0.441795
-0.456382
-0.443611
-0.42445
-0.341232
-0.346387
-0.393925
-0.387733
-0.407743
-0.412233
-0.366524
-0.366807
-0.388865
-0.378402
-0.398564
-0.391837
-0.392716
-0.443138
-0.420661
-0.42094
-0.431316
-0.508503
-0.466006
-0.443942
-0.469619
-0.459285
-0.487869
-0.495924
-0.467695
-0.437508
-0.46123
-0.511677
-0.514158
-0.460156
-0.536932
-0.442814
-0.481899
-0.420419
-0.368968
-0.449782
-0.442095
-0.418419
-0.391128
-0.416175
-0.399837
-0.380062
-0.394537
-0.336504
-0.329259
-0.369684
-0.386628
-0.41474
-0.403442
-0.396445
-0.356688
-0.297988
-0.321647
-0.385425
-0.336816
-0.401539
-0.437789
-0.419226
-0.474986
-0.498422
-0.477437
-0.452098
-0.465976
-0.536759
-0.468492
-0.437093
-0.420804
-0.328417
-0.348281
-0.401052
-0.424686
-0.378222
-0.358835
-0.380606
-0.447364
-0.477972
-0.465447
-0.475261
-0.458161
-0.417129
-0.400898
-0.34855
-0.422075
-0.413451
-0.378727
-0.370393
-0.290378
-0.434067
-0.425527
-0.409247
-0.399864
-0.408618
-0.411898
-0.426473
-0.427996
-0.44012
-0.461605
-0.47598
-0.490338
-0.462145
-0.460018
-0.438401
-0.440922
-0.394807
-0.428405
-0.464956
-0.398644
-0.32284
-0.330792
-0.347314
-0.380788
-0.476769
-0.45216
-0.431714
-0.475197
-0.527717
-0.490754
-0.46053
-0.481029
-0.445721
-0.413986
-0.381096
-0.406879
-0.392674
-0.413839
-0.433126
-0.459174
-0.509663
-0.428502
-0.465599
-0.501404
-0.444472
-0.460751
-0.394206
-0.453533
-0.454887
-0.456542
-0.376139
-0.363522
-0.373329
-0.362041
-0.405232
-0.382717
-0.325119
-0.449804
-0.463662
-0.441641
-0.41405
-0.377946
-0.404155
-0.38593
-0.433736
-0.3967
-0.370283
-0.366514
-0.384313
-0.425568
-0.391935
-0.377793
-0.377621
-0.34733
-0.395847
-0.349095
-0.346538
-0.263369
-0.340767
-0.32304
-0.364324
-0.386433
-0.396086
-0.422283
-0.355045
-0.433064
-0.457783
-0.538207
-0.485995
-0.474788
-0.387125
-0.449258
-0.475456
-0.420613
-0.397024
-0.542115
-0.445893
-0.39186
-0.427253
-0.401418
-0.454362
-0.361945
-0.386999
-0.391184
-0.412973
-0.394924
-0.363966
-0.395377
-0.482565
-0.497382
-0.504202
-0.460223
-0.434719
-0.40406
-0.268825
-0.292069
-0.324954
-0.371611
-0.415337
-0.447394
-0.457776
-0.452679
-0.469739
-0.409737
-0.406021
-0.416912
-0.388285
-0.30099
-0.337298
-0.289073
-0.34882
-0.409958
-0.406729
-0.444854
-0.42243
-0.428626
-0.404623
-0.379961
-0.406068
-0.381069
-0.439399
-0.51303
-0.462723
-0.480942
-0.444467
-0.416566
-0.408917
-0.377985
-0.385422
-0.474079
-0.493309
-0.442594
-0.433122
-0.42226
-0.482452
-0.430061
-0.491343
-0.448459
-0.364952
-0.371846
-0.37375
-0.382485
-0.391308
-0.347406
-0.358055
-0.382077
-0.393746
-0.475125
-0.510473
-0.500446
-0.51763
-0.499916
-0.461015
-0.458111
-0.45669
-0.409598
-0.418211
-0.494702
-0.414645
-0.449141
-0.4357
-0.405382
-0.420368
-0.462786
-0.447066
-0.364317
-0.351832
-0.420776
-0.396879
-0.37088
-0.345635
-0.422672
-0.451186
-0.404578
-0.357829
-0.393548
-0.424871
-0.41852
-0.460259
-0.434723
-0.407165
-0.402071
-0.351708
-0.410798
-0.410687
-0.472964
-0.522059
-0.491414
-0.463786
-0.472129
-0.418895
-0.419797
-0.447363
-0.446931
-0.462827
-0.477322
-0.460088
-0.403555
-0.397657
-0.405713
-0.29942
-0.337322
-0.352656
-0.412738
-0.4362
-0.426016
-0.325854
-0.368349
-0.383988
-0.392496
-0.417093
-0.367203
-0.416298
-0.394496
-0.325844
-0.346188
-0.416762
-0.437146
-0.425133
-0.367485
-0.423501
-0.359381
-0.450393
-0.480351
-0.421583
-0.507121
-0.45652
-0.439766
-0.501062
-0.434586
-0.439175
-0.39776
-0.479357
-0.374336
-0.401397
-0.402527
-0.390419
-0.30456
-0.365088
-0.346387
-0.425178
-0.3676
-0.416937
-0.364361
-0.339447
-0.389125
-0.383263
-0.376765
-0.392097
-0.403542
-0.382138
-0.394535
-0.393451
-0.380878
-0.287919
-0.313505
-0.326713
-0.377948
-0.423433
-0.525432
-0.338347
-0.36288
-0.338983
-0.351428
-0.376873
-0.420268
-0.4289
-0.42635
-0.436202
-0.389272
-0.386826
-0.384375
-0.411774
-0.377938
-0.384318
-0.406589
-0.384561
-0.370493
-0.354364
-0.395153
-0.413303
-0.360415
-0.415966
-0.436108
-0.453964
-0.438718
-0.355767
-0.437135
-0.474488
-0.448997
-0.474446
-0.402891
-0.434654
-0.456709
-0.443319
-0.469439
-0.501129
-0.498824
-0.493591
-0.392389
-0.414397
-0.375512
-0.401316
-0.363497
-0.464463
-0.507298
-0.457171
-0.412087
-0.370922
-0.340633
-0.408216
-0.438981
-0.413653
-0.446871
-0.483001
-0.463673
-0.461711
-0.475281
-0.4641
-0.442803
-0.357525
-0.389478
-0.462446
-0.466083
-0.434428
-0.403968
-0.395364
-0.365819
-0.333963
-0.372651
-0.390597
-0.395451
-0.442383
-0.438314
-0.458455
-0.451763
-0.403134
-0.452805
-0.466213
-0.488913
-0.440169
-0.487224
-0.425503
-0.441259
-0.422087
-0.483449
-0.465268
-0.380948
-0.409771
-0.362984
-0.38914
-0.391185
-0.505202
-0.427889
-0.42671
-0.464872
-0.41838
-0.37704
-0.443774
-0.377648
-0.382995
-0.425417
-0.365712
-0.342334
-0.349388
-0.382429
-0.393463
-0.479248
-0.521855
-0.516455
-0.52218
-0.517438
-0.517697
-0.48939
-0.465499
-0.48132
-0.487091
-0.466153
-0.358152
-0.353949
-0.370789
-0.414627
-0.317947
-0.31537
-0.386199
-0.438542
-0.444349
-0.513372
-0.47209
-0.558834
-0.530428
-0.519065
-0.493099
-0.468651
-0.512986
-0.438111
-0.498404
-0.537045
-0.447797
-0.450966
-0.457148
-0.393312
-0.436203
-0.430134
-0.352333
-0.422501
-0.423339
-0.489428
-0.51507
-0.49603
-0.476277
-0.470149
-0.462762
-0.397252
-0.332532
-0.370365
-0.366389
-0.360427
-0.386003
-0.444493
-0.480246
-0.422756
-0.383235
-0.402011
-0.444922
-0.399763
-0.427148
-0.408947
-0.382384
-0.380105
-0.37208
-0.360222
-0.366034
-0.393273
-0.338854
-0.386114
-0.377035
-0.446861
-0.410209
-0.391169
-0.470759
-0.464521
-0.386571
-0.457057
-0.464858
-0.441858
-0.428024
-0.414491
-0.440709
-0.415622
-0.349414
-0.363486
-0.354843
-0.312976
-0.304333
-0.327231
-0.333413
-0.43573
-0.342798
-0.400634
-0.357262
-0.328783
-0.374593
-0.381943
-0.376752
-0.403563
-0.443175
-0.430143
-0.461486
-0.474186
-0.434721
-0.400283
-0.377864
-0.388773
-0.378959
-0.379411
-0.400524
-0.402482
-0.455699
-0.357626
-0.419948
-0.426649
-0.385118
-0.417451
-0.34246
-0.459395
-0.408632
-0.361989
-0.333328
-0.405201
-0.374865
-0.380038
-0.384328
-0.376047
-0.350305
-0.328418
-0.35577
-0.30572
-0.380546
-0.385415
-0.402197
-0.40862
-0.408012
-0.381264
-0.395636
-0.376731
-0.449168
-0.419347
-0.428182
-0.416994
-0.434133
-0.438829
-0.451137
-0.485584
-0.41918
-0.449903
-0.405055
-0.397233
-0.358503
-0.36245
-0.375901
-0.419023
-0.363299
-0.349762
-0.441975
-0.424454
-0.379985
-0.36951
-0.37841
-0.332089
-0.40049
-0.393437
-0.410847
-0.356116
-0.330226
-0.361575
-0.351647
-0.350365
-0.376816
-0.358199
-0.379164
-0.416332
-0.390832
-0.422786
-0.420448
-0.435029
-0.314655
-0.428992
-0.428186
-0.416641
-0.420147
-0.41678
-0.491085
-0.459203
-0.508275
-0.524342
-0.502566
-0.531247
-0.461435
-0.505993
-0.483735
-0.468399
-0.441419
-0.450466
-0.38329
-0.368261
-0.469997
-0.437153
-0.387456
-0.505108
-0.450105
-0.508609
-0.549359
-0.553906
-0.47648
-0.389726
-0.410988
-0.397444
-0.437597
-0.460029
-0.424726
-0.458916
-0.485254
-0.448514
-0.443694
-0.371804
-0.412271
-0.445847
-0.374879
-0.392176
-0.407346
-0.381344
-0.418677
-0.404349
-0.51681
-0.496885
-0.465768
-0.441406
-0.381436
-0.423121
-0.405304
-0.455282
-0.412265
-0.460825
-0.41957
-0.433355
-0.37002
-0.378839
-0.419605
-0.379441
-0.334707
-0.375241
-0.426549
-0.420037
-0.415324
-0.377139
-0.38605
-0.482525
-0.482049
-0.468835
-0.493993
-0.490894
-0.474978
-0.432937
-0.483269
-0.470962
-0.429128
-0.37148
-0.408501
-0.390116
-0.416572
-0.364911
-0.357527
-0.358202
-0.292887
-0.392009
-0.369373
-0.389715
-0.413032
-0.370646
-0.425717
-0.387615
-0.412718
-0.385962
-0.44886
-0.433498
-0.374552
-0.383444
-0.433442
-0.37939
-0.397029
-0.392532
-0.422042
-0.439454
-0.39112
-0.395639
-0.391419
-0.414064
-0.406677
-0.446166
-0.437116
-0.422392
-0.454123
-0.426431
-0.475769
-0.398256
-0.392029
-0.380514
-0.391874
-0.436461
-0.399496
-0.420092
-0.503582
-0.443343
-0.376069
-0.41752
-0.393545
-0.419266
-0.411789
-0.436982
-0.422209
-0.419331
-0.436739
-0.459408
-0.4294
-0.431555
-0.415482
-0.439588
-0.442854
-0.468527
-0.472309
-0.478492
-0.512989
-0.533589
-0.551489
-0.531929
-0.479825
-0.509283
-0.472084
-0.443468
-0.406367
-0.431621
-0.375789
-0.384142
-0.415849
-0.45314
-0.459389
-0.421658
-0.392712
-0.438434
-0.439269
-0.427863
-0.411413
-0.486284
-0.457242
-0.430723
-0.451164
-0.435281
-0.41824
-0.367505
-0.465098
-0.407345
-0.453413
-0.392537
-0.42226
-0.476644
-0.456619
-0.445611
-0.458742
-0.46804
-0.320148
-0.47647
-0.432298
-0.41013
-0.374713
-0.415746
-0.494166
-0.417234
-0.4284
-0.351952
-0.462771
-0.409196
-0.414444
-0.387904
-0.408732
-0.441857
-0.451449
-0.368649
-0.384069
-0.39819
-0.461222
-0.401013
-0.387239
-0.368801
-0.385829
-0.421211
-0.402386
-0.394389
-0.39173
-0.417577
-0.416536
-0.411252
-0.386584
-0.448348
-0.394244
-0.428859
-0.372894
-0.438361
-0.443159
-0.366135
-0.405663
-0.382523
-0.414971
-0.341287
-0.461216
-0.46381
-0.495325
-0.40087
-0.455397
-0.446777
-0.427359
-0.497885
-0.446009
-0.468492
-0.317386
-0.386074
-0.406837
-0.38823
-0.417319
-0.498061
-0.534165
-0.479141
-0.396189
-0.446522
-0.474882
-0.481569
-0.445207
-0.459562
-0.476962
-0.414359
-0.443915
-0.370302
-0.342352
-0.32886
-0.327208
-0.389383
-0.352206
-0.346476
-0.338831
-0.275462
-0.378935
-0.395862
-0.375792
-0.317639
-0.329741
-0.388733
-0.366654
-0.440732
-0.410414
-0.437992
-0.416711
-0.364819
-0.356423
-0.355455
-0.388984
-0.387057
-0.348816
-0.354511
-0.418711
-0.476921
-0.460293
-0.446986
-0.452099
-0.367451
-0.422071
-0.44754
-0.455628
-0.402583
-0.497967
-0.428499
-0.461241
-0.414812
-0.435642
-0.499623
-0.441858
-0.41795
-0.425429
-0.445813
-0.436004
-0.476336
-0.489635
-0.40663
-0.427151
-0.419317
-0.405687
-0.343979
-0.335556
-0.396006
-0.424519
-0.400796
-0.397733
-0.397195
-0.393141
-0.409898
-0.448045
-0.455558
-0.458624
-0.467818
-0.356163
-0.349945
-0.389457
-0.371208
-0.412296
-0.397132
-0.42801
-0.367795
-0.338274
-0.372041
-0.399151
-0.444416
-0.373447
-0.319939
-0.336597
-0.39297
-0.361057
-0.357541
-0.375831
-0.42416
-0.405473
-0.395789
-0.438442
-0.476124
-0.514062
-0.528964
-0.495467
-0.458426
-0.412842
-0.467198
-0.430831
-0.472104
-0.482963
-0.498631
-0.504948
-0.480516
-0.408978
-0.357865
-0.36005
-0.409628
-0.442653
-0.380737
-0.41584
-0.488102
-0.547381
-0.548027
-0.571236
-0.520891
-0.459538
-0.516079
-0.501536
-0.517335
-0.51415
-0.519256
-0.501141
-0.445577
-0.422324
-0.436114
-0.382256
-0.439058
-0.500628
-0.425571
-0.396244
-0.416874
-0.414682
-0.507517
-0.44138
-0.434618
-0.426151
-0.436848
-0.377662
-0.462432
-0.449203
-0.389329
-0.398268
-0.399477
-0.442148
-0.46297
-0.424197
-0.456326
-0.358584
-0.377522
-0.380711
-0.395201
-0.40983
-0.392669
-0.432808
-0.383033
-0.437018
-0.436288
-0.446927
-0.526597
-0.428822
-0.408811
-0.386564
-0.411065
-0.421917
-0.427183
-0.428589
-0.396868
-0.402762
-0.499965
-0.433113
-0.545617
-0.472673
-0.526003
-0.535203
-0.55944
-0.486241
-0.405429
-0.409909
-0.406344
-0.413674
-0.406555
-0.429326
-0.379637
-0.335851
-0.36197
-0.420288
-0.401531
-0.418052
-0.381968
-0.442681
-0.40618
-0.435742
-0.414873
-0.431103
-0.455563
-0.494334
-0.431667
-0.487282
-0.428629
-0.39599
-0.483633
-0.391958
-0.389512
-0.392645
-0.400275
-0.351812
-0.288608
-0.31251
-0.369494
-0.393942
-0.390204
-0.305863
-0.368465
-0.377252
-0.333704
-0.351226
-0.361884
-0.391348
-0.355759
-0.374412
-0.50234
-0.474886
-0.541803
-0.538374
-0.55452
-0.548214
-0.480924
-0.405488
-0.410366
-0.421157
-0.458195
-0.386467
-0.410351
-0.400631
-0.446499
-0.378876
-0.367259
-0.390223
-0.367961
-0.404684
-0.415215
-0.505116
-0.447498
-0.402639
-0.361871
-0.372299
-0.386261
-0.32145
-0.416598
-0.331196
-0.399695
-0.364689
-0.380541
-0.347729
-0.385113
-0.420611
-0.501027
-0.49026
-0.437374
-0.443553
-0.442991
-0.381479
-0.4225
-0.405085
-0.434524
-0.382692
-0.344436
-0.419092
-0.399164
-0.405672
-0.433369
-0.389468
-0.45613
-0.404144
-0.390696
-0.353078
-0.375409
-0.358526
-0.447676
-0.443431
-0.448267
-0.41445
-0.435624
-0.480022
-0.533031
-0.546107
-0.544673
-0.539812
-0.512036
-0.443684
-0.467924
-0.406698
-0.386092
-0.469606
-0.479351
-0.444827
-0.418948
-0.3907
-0.333795
-0.343659
-0.344068
-0.342069
-0.370242
-0.372273
-0.369693
-0.423476
-0.375248
-0.44268
-0.426652
-0.411684
-0.433037
-0.432909
-0.406349
-0.409273
-0.38213
-0.337251
-0.362727
-0.311566
-0.321547
-0.403656
-0.431178
-0.432834
-0.465767
-0.446206
-0.376098
-0.351807
-0.482826
-0.460427
-0.451628
-0.464745
-0.461524
-0.452414
-0.396392
-0.399677
-0.455738
-0.430155
-0.388508
-0.36966
-0.372148
-0.475615
-0.445722
-0.414461
-0.346519
-0.327812
-0.404824
-0.399595
-0.401464
-0.405204
-0.389837
-0.369189
-0.345535
-0.303625
-0.360583
-0.41968
-0.437392
-0.386066
-0.406027
-0.380986
-0.410181
-0.367455
-0.354021
-0.376953
-0.333309
-0.355226
-0.433573
-0.413913
-0.382411
-0.407995
-0.400296
-0.49132
-0.535556
-0.458761
-0.409239
-0.433911
-0.41385
-0.418048
-0.410085
-0.45403
-0.413448
-0.39591
-0.515344
-0.440253
-0.443132
-0.479258
-0.499522
-0.46833
-0.432586
-0.336432
-0.420291
-0.427542
-0.408179
-0.397327
-0.404264
-0.420766
-0.417653
-0.376343
-0.394345
-0.370271
-0.417977
-0.368227
-0.363243
-0.401228
-0.404
-0.430271
-0.335416
-0.356721
-0.37257
-0.364666
-0.361131
-0.381682
-0.458542
-0.477667
-0.531546
-0.382686
-0.352907
-0.360729
-0.366643
-0.442917
-0.380353
-0.389141
-0.447995
-0.408015
-0.370579
-0.418243
-0.433391
-0.307696
-0.369419
-0.352907
-0.388435
-0.37614
-0.432897
-0.441576
-0.464772
-0.375827
-0.387269
-0.450714
-0.386243
-0.394917
-0.419326
-0.32265
-0.36546
-0.425731
-0.322139
-0.394724
-0.425071
-0.422226
-0.429969
-0.388314
-0.502609
-0.526242
-0.498229
-0.410705
-0.417634
-0.442077
-0.376212
-0.384281
-0.419697
-0.384069
-0.394305
-0.371153
-0.362849
-0.386378
-0.377807
-0.456699
-0.507624
-0.508093
-0.484058
-0.515536
-0.495278
-0.422917
-0.429048
-0.383574
-0.420748
-0.461278
-0.450608
-0.40659
-0.358737
-0.434883
-0.40637
-0.457177
-0.504671
-0.400894
-0.419121
-0.38916
-0.418514
-0.450448
-0.455441
-0.390041
-0.40119
-0.342285
-0.352134
-0.323297
-0.343608
-0.305295
-0.389792
-0.36382
-0.339057
-0.398327
-0.430799
-0.456268
-0.461841
-0.472852
-0.423151
-0.378907
-0.393726
-0.402117
-0.359843
-0.417639
-0.354477
-0.33629
-0.398872
-0.370594
-0.424145
-0.407365
-0.444555
-0.373784
-0.431659
-0.447331
-0.514295
-0.458623
-0.453979
-0.450157
-0.494072
-0.445376
-0.389163
-0.424999
-0.357942
-0.442611
-0.510513
-0.495446
-0.427799
-0.362311
-0.29458
-0.377308
-0.440998
-0.428876
-0.422128
-0.473405
-0.499786
-0.540264
-0.497348
-0.448996
-0.346265
-0.392921
-0.391027
-0.289809
-0.364452
-0.392255
-0.384062
-0.369346
-0.418514
-0.427358
-0.402307
-0.406132
-0.409839
-0.434368
-0.492634
-0.511771
-0.505242
-0.43584
-0.402793
-0.397662
-0.3803
-0.314811
-0.394731
-0.358024
-0.325672
-0.434345
-0.431547
-0.452397
-0.3579
-0.386826
-0.341403
-0.470386
-0.477021
-0.448439
-0.376759
-0.384258
-0.36423
-0.435904
-0.409842
-0.464209
-0.429205
-0.430963
-0.385714
-0.386383
-0.321974
-0.332879
-0.36427
-0.40733
-0.474437
-0.419825
-0.397877
-0.348827
-0.341086
-0.382155
-0.392019
-0.470826
-0.452695
-0.472578
-0.461722
-0.509516
-0.523212
-0.495012
-0.525734
-0.482931
-0.483426
-0.525603
-0.525549
-0.48787
-0.54026
-0.486198
-0.374209
-0.375707
-0.407058
-0.401337
-0.367856
-0.431313
-0.39542
-0.359921
-0.394586
-0.433955
-0.388122
-0.419528
-0.418839
-0.420955
-0.434343
-0.430715
-0.455746
-0.400926
-0.502315
-0.453719
-0.437825
-0.458681
-0.454301
-0.471528
-0.503318
-0.525142
-0.446266
-0.479297
-0.486078
-0.460001
-0.406205
-0.423694
-0.402104
-0.46754
-0.506235
-0.482241
-0.459523
-0.514454
-0.491451
-0.477019
-0.455637
-0.487466
-0.39628
-0.510793
-0.479194
-0.465364
-0.418524
-0.442922
-0.4513
-0.452633
-0.412597
-0.39628
-0.432119
-0.394674
-0.3331
-0.409513
-0.448491
-0.396766
-0.412714
-0.383697
-0.422023
-0.40409
-0.45075
-0.390514
-0.330772
-0.366194
-0.459166
-0.3902
-0.320247
-0.406734
-0.429932
-0.450479
-0.453209
-0.475352
-0.419318
-0.354812
-0.361071
-0.330549
-0.373629
-0.397937
-0.395313
-0.375761
-0.327841
-0.362997
-0.415262
-0.466041
-0.392991
-0.299634
-0.330372
-0.347675
-0.412281
-0.435695
-0.492075
-0.461435
-0.398392
-0.352157
-0.406994
-0.383312
-0.325938
-0.32977
-0.394612
-0.385585
-0.408331
-0.35789
-0.359908
-0.381101
-0.378607
-0.370404
-0.3787
-0.368425
-0.41422
-0.465086
-0.436253
-0.495408
-0.440766
-0.417418
-0.383449
-0.400047
-0.405689
-0.397653
-0.402687
-0.413336
-0.402784
-0.302079
-0.374546
-0.410285
-0.419689
-0.462284
-0.474075
-0.435784
-0.350951
-0.370028
-0.323902
-0.360674
-0.39736
-0.395102
-0.484692
-0.447695
-0.51443
-0.556286
-0.426016
-0.440749
-0.435828
-0.461004
-0.50287
-0.447157
-0.356524
-0.360399
-0.353272
-0.38669
-0.357582
-0.380266
-0.365242
-0.404914
-0.357594
-0.401902
-0.443446
-0.376718
-0.401125
-0.407532
-0.382912
-0.380846
-0.37808
-0.383143
-0.413363
-0.409659
-0.384632
-0.387771
-0.398444
-0.446045
-0.436429
-0.408112
-0.47714
-0.392417
-0.380543
-0.382538
-0.388286
-0.353331
-0.404157
-0.375494
-0.403547
-0.37163
-0.370369
-0.373065
-0.385342
-0.400328
-0.441338
-0.418109
-0.451163
-0.407431
-0.407057
-0.366481
-0.409019
-0.386387
-0.410711
-0.362419
-0.341777
-0.363985
-0.365499
-0.375767
-0.367761
-0.379327
-0.35247
-0.326735
-0.315585
-0.324674
-0.284526
-0.339659
-0.409587
-0.474695
-0.554999
-0.57952
-0.561274
-0.60811
-0.600655
-0.540148
-0.461999
-0.474849
-0.392538
-0.427971
-0.323245
-0.397872
-0.387648
-0.387649
-0.364086
-0.383864
-0.399406
-0.324551
-0.387371
-0.34454
-0.394799
-0.368582
-0.366247
-0.379218
-0.378478
-0.446722
-0.379368
-0.337955
-0.385614
-0.320934
-0.314513
-0.374404
-0.45725
-0.423458
-0.432991
-0.427925
-0.476601
-0.446235
-0.442972
-0.469073
-0.468781
-0.473328
-0.429671
-0.481123
-0.470183
-0.394394
-0.438149
-0.459052
-0.539035
-0.498219
-0.399821
-0.35194
-0.39791
-0.409698
-0.417266
-0.389997
-0.438077
-0.458291
-0.499512
-0.427152
-0.382834
-0.389366
-0.481709
-0.458582
-0.487976
-0.560875
-0.493617
-0.514973
-0.482134
-0.338727
-0.403953
-0.3119
-0.312871
-0.416074
-0.444058
-0.438788
-0.453057
-0.395543
-0.446274
-0.401218
-0.47577
-0.477871
-0.421654
-0.40468
-0.407706
-0.402455
-0.354443
-0.37307
-0.41495
-0.426114
-0.513395
-0.499326
-0.467422
-0.374951
-0.416118
-0.38459
-0.367125
-0.382414
-0.35665
-0.419822
-0.417961
-0.410768
-0.35515
-0.402125
-0.397617
-0.429347
-0.472449
-0.380479
-0.361766
-0.341241
-0.40853
-0.394334
-0.363726
-0.417602
-0.417233
-0.456838
-0.431088
-0.450235
-0.425678
-0.447846
-0.475313
-0.421497
-0.37586
-0.379108
-0.41045
-0.409417
-0.434254
-0.378878
-0.426787
-0.390718
-0.454938
-0.448843
-0.435654
-0.401643
-0.420593
-0.398844
-0.444992
-0.420791
-0.493561
-0.462543
-0.489759
-0.496233
-0.407411
-0.434835
-0.422708
-0.456338
-0.398677
-0.352571
-0.28474
-0.355699
-0.397761
-0.396813
-0.385854
-0.396688
-0.446382
-0.446602
-0.518697
-0.443755
-0.481195
-0.482784
-0.528923
-0.453721
-0.471796
-0.427676
-0.461186
-0.461228
-0.478037
-0.358532
-0.348576
-0.371683
-0.412578
-0.394399
-0.365664
-0.351694
-0.424977
-0.444122
-0.394872
-0.375946
-0.375749
-0.392886
-0.411373
-0.43351
-0.468838
-0.351085
-0.391038
-0.322363
-0.336972
-0.344371
-0.378508
-0.376705
-0.380741
-0.413833
-0.393995
-0.370524
-0.367902
-0.36082
-0.407093
-0.438268
-0.418199
-0.442497
-0.384427
-0.443232
-0.355356
-0.339252
-0.34139
-0.368476
-0.430517
-0.441791
-0.441707
-0.352612
-0.417152
-0.377089
-0.41365
-0.437758
-0.43589
-0.41818
-0.368914
-0.43181
-0.441417
-0.488595
-0.384956
-0.365735
-0.362324
-0.438487
-0.394443
-0.456149
-0.38206
-0.433567
-0.419092
-0.403357
-0.429762
-0.366012
-0.360783
-0.411619
-0.381189
-0.443472
-0.432997
-0.411747
-0.426359
-0.404747
-0.493893
-0.441629
-0.442566
-0.485206
-0.563225
-0.532768
-0.528636
-0.557334
-0.59001
-0.602395
-0.557315
-0.54111
-0.553546
-0.486721
-0.482167
-0.523835
-0.42684
-0.364779
-0.416897
-0.379616
-0.410061
-0.39302
-0.397848
-0.410085
-0.402177
-0.436157
-0.400468
-0.429958
-0.340011
-0.389246
-0.339211
-0.316784
-0.411313
-0.439367
-0.451838
-0.389517
-0.421375
-0.439471
-0.501434
-0.416268
-0.389601
-0.422951
-0.355371
-0.388265
-0.366577
-0.406406
-0.364455
-0.395631
-0.267941
-0.203809
-0.389953
-0.407866
-0.413993
-0.430654
-0.487484
-0.534612
-0.477885
-0.456509
-0.443676
-0.463371
-0.445258
-0.427663
-0.421784
-0.451736
-0.433707
-0.436797
-0.447478
-0.401691
-0.359184
-0.435805
-0.450868
-0.46179
-0.461923
-0.389916
-0.437213
-0.374256
-0.369899
-0.421054
-0.42893
-0.408877
-0.366009
-0.470797
-0.491518
-0.474745
-0.514587
-0.453763
-0.428655
-0.405668
-0.384079
-0.395502
-0.359982
-0.406465
-0.462247
-0.492606
-0.386317
-0.412839
-0.451426
-0.439734
-0.391977
-0.408928
-0.337219
-0.417444
-0.406408
-0.419089
-0.470318
-0.464606
-0.469938
-0.426842
-0.458934
-0.479982
-0.428712
-0.443407
-0.422941
-0.375885
-0.358024
-0.3587
-0.438153
-0.364429
-0.438088
-0.439324
-0.428576
-0.381627
-0.41637
-0.36189
-0.399795
-0.317487
-0.313379
-0.478281
-0.458209
-0.4732
-0.451957
-0.435298
-0.43759
-0.372628
-0.418013
-0.379623
-0.422677
-0.390626
-0.365229
-0.329798
-0.351355
-0.357628
-0.340786
-0.367893
-0.366546
-0.411207
-0.432161
-0.418673
-0.429295
-0.37157
-0.460347
-0.476773
-0.41148
-0.423622
-0.449105
-0.450787
-0.437767
-0.376906
-0.376867
-0.339123
-0.351643
-0.398143
-0.39245
-0.350354
-0.407945
-0.401953
-0.448131
-0.462451
-0.454255
-0.394043
-0.364435
-0.410953
-0.388716
-0.398457
-0.417012
-0.425072
-0.422188
-0.431835
-0.394735
-0.356586
-0.397392
-0.377076
-0.371071
-0.438423
-0.452658
-0.453635
-0.461212
-0.451601
-0.454702
-0.432683
-0.417819
-0.38068
-0.434675
-0.343884
-0.363994
-0.419273
-0.470261
-0.413212
-0.508086
-0.494837
-0.49612
-0.42763
-0.443335
-0.430812
-0.389033
-0.403689
-0.41101
-0.376215
-0.403003
-0.444324
-0.425072
-0.401885
-0.381994
-0.454521
-0.436936
-0.424316
-0.450859
-0.512479
-0.444659
-0.383267
-0.432899
-0.46868
-0.364531
-0.340029
-0.414979
-0.418021
-0.439656
-0.452106
-0.42122
-0.427317
-0.400446
-0.481435
-0.468914
-0.417778
-0.38598
-0.417435
-0.361274
-0.364824
-0.397974
-0.309095
-0.458086
-0.390057
-0.390209
-0.499098
-0.47843
-0.413535
-0.435644
-0.403775
-0.340769
-0.275547
-0.377543
-0.419425
-0.382232
-0.355402
-0.369451
-0.356449
-0.39258
-0.413325
-0.40001
-0.402655
-0.405603
-0.363151
-0.33664
-0.410252
-0.392717
-0.412097
-0.436985
-0.346804
-0.412503
-0.374573
-0.385687
-0.348481
-0.356562
-0.396722
-0.405877
-0.415292
-0.373169
-0.353072
-0.365627
-0.395435
-0.339258
-0.340029
-0.331383
-0.362957
-0.399181
-0.402473
-0.376632
-0.319663
-0.299668
-0.310351
-0.409502
-0.350676
-0.365034
-0.30584
-0.330942
-0.358374
-0.348279
-0.366342
-0.35804
-0.360666
-0.406704
-0.33459
-0.41295
-0.4444
-0.458401
-0.496473
-0.421276
-0.360809
-0.377277
-0.406683
-0.40184
-0.456609
-0.436974
-0.377407
-0.469098
-0.464431
-0.412501
-0.454517
-0.513898
-0.42281
-0.455764
-0.505806
-0.427657
-0.373781
-0.34707
-0.381846
-0.44133
-0.387614
-0.422886
-0.353642
-0.380894
-0.426571
-0.367864
-0.328289
-0.432059
-0.423711
-0.410259
-0.432254
-0.353218
-0.392006
-0.446822
-0.499641
-0.457614
-0.420984
-0.39307
-0.411661
-0.391967
-0.421985
-0.354006
-0.425142
-0.369502
-0.275859
-0.317261
-0.389883
-0.423931
-0.405327
-0.358254
-0.43871
-0.462894
-0.491003
-0.457669
-0.430257
-0.423403
-0.361001
-0.409369
-0.383169
-0.371897
-0.465478
-0.405958
-0.371786
-0.444406
-0.431673
-0.377059
-0.385684
-0.367614
-0.335879
-0.415402
-0.458607
-0.446532
-0.380798
-0.421544
-0.392616
-0.395192
-0.441308
-0.395941
-0.49142
-0.470784
-0.500188
-0.454729
-0.486866
-0.397688
-0.448321
-0.411347
-0.424246
-0.416378
-0.387981
-0.410552
-0.414787
-0.388028
-0.390657
-0.388063
-0.292712
-0.329232
-0.326153
-0.376271
-0.373649
-0.366611
-0.347854
-0.397261
-0.414003
-0.436763
-0.428545
-0.409173
-0.371606
-0.392441
-0.429881
-0.416061
-0.427221
-0.428476
-0.458445
-0.427441
-0.378012
-0.448132
-0.354611
-0.435052
-0.418563
-0.390121
-0.404507
-0.448504
-0.453402
-0.43457
-0.353754
-0.439962
-0.444297
-0.347125
-0.468558
-0.460161
-0.439259
-0.49841
-0.503958
-0.552321
-0.518409
-0.473371
-0.547434
-0.463488
-0.465141
-0.423805
-0.411728
-0.535775
-0.488709
-0.424744
-0.474135
-0.436281
-0.414026
-0.388423
-0.375873
-0.412423
-0.404822
-0.4494
-0.369772
-0.421264
-0.356639
-0.311199
-0.220623
-0.383866
-0.379584
-0.345004
-0.352304
-0.416676
-0.450838
-0.447798
-0.503381
-0.428877
-0.434282
-0.420112
-0.469501
-0.429445
-0.390817
-0.379939
-0.413181
-0.450106
-0.468454
-0.387343
-0.38491
-0.433559
-0.399803
-0.413101
-0.401389
-0.354805
-0.356003
-0.407606
-0.357837
-0.42295
-0.389606
-0.381977
-0.394261
-0.406835
-0.379893
-0.360757
-0.351061
-0.380137
-0.380645
-0.387371
-0.376568
-0.422877
-0.512815
-0.41236
-0.447714
-0.421288
-0.444389
-0.405622
-0.463395
-0.43185
-0.420493
-0.3985
-0.402302
-0.387848
-0.405047
-0.398128
-0.41713
-0.419159
-0.378645
-0.447522
-0.401742
-0.376856
-0.325673
-0.301444
-0.362921
-0.352199
-0.395075
-0.392061
-0.417355
-0.398212
-0.359758
-0.441556
-0.46968
-0.407062
-0.421908
-0.418383
-0.452384
-0.407477
-0.384074
-0.37545
-0.379213
-0.490845
-0.452715
-0.467863
-0.483904
-0.454451
-0.482465
-0.416796
-0.387529
-0.381063
-0.436284
-0.536919
-0.479026
-0.506771
-0.486776
-0.412764
-0.465411
-0.423332
-0.376678
-0.446374
-0.499612
-0.470429
-0.518257
-0.487579
-0.525505
-0.502579
-0.475408
-0.352521
-0.399667
-0.442453
-0.398153
-0.475729
-0.36809
-0.378712
-0.377002
-0.3852
-0.425652
-0.398884
-0.377191
-0.336009
-0.344938
-0.357932
-0.286894
-0.385169
-0.475474
-0.464303
-0.378082
-0.367756
-0.343012
-0.296127
-0.379762
-0.38831
-0.419968
-0.400341
-0.417714
-0.385481
-0.35961
-0.342936
-0.398032
-0.382564
-0.329199
-0.384142
-0.426854
-0.410234
-0.373337
-0.360161
-0.402368
-0.448272
-0.44747
-0.452149
-0.471584
-0.457672
-0.392292
-0.426685
-0.368307
-0.403778
-0.356816
-0.343531
-0.415199
-0.435844
-0.455887
-0.461689
-0.519143
-0.462625
-0.425546
-0.380681
-0.448002
-0.423536
-0.459031
-0.437642
-0.445169
-0.453053
-0.36252
-0.386175
-0.340841
-0.406476
-0.399293
-0.406987
-0.501292
-0.454266
-0.411878
-0.427619
-0.489989
-0.455876
-0.384854
-0.459686
-0.459802
-0.527001
-0.523799
-0.442754
-0.383027
-0.473597
-0.461586
-0.4426
-0.411748
-0.483638
-0.369013
-0.370349
-0.328665
-0.296321
-0.344677
-0.327841
-0.295476
-0.373689
-0.385402
-0.390797
-0.340129
-0.292981
-0.331089
-0.379742
-0.357209
-0.351039
-0.352669
-0.378931
-0.466369
-0.403941
-0.416425
-0.368952
-0.434377
-0.460835
-0.428664
-0.361499
-0.418358
-0.42311
-0.427388
-0.429373
-0.442422
-0.395184
-0.398661
-0.34837
-0.390307
-0.374641
-0.355939
-0.352188
-0.381026
-0.383268
-0.322433
-0.358131
-0.37586
-0.359801
-0.41896
-0.426189
-0.431329
-0.458631
-0.473455
-0.402757
-0.330449
-0.369534
-0.34968
-0.389673
-0.384547
-0.396386
-0.445129
-0.403585
-0.443324
-0.439077
-0.336295
-0.31677
-0.408405
-0.34405
-0.326299
-0.302304
-0.359175
-0.380378
-0.47974
-0.471566
-0.358904
-0.329371
-0.412208
-0.423741
-0.363574
-0.327113
-0.343311
-0.397472
-0.477349
-0.463033
-0.406658
-0.391252
-0.383031
-0.363612
-0.318476
-0.352307
-0.337306
-0.391211
-0.399328
-0.382547
-0.403181
-0.401058
-0.450336
-0.449176
-0.473514
-0.424048
-0.502988
-0.520454
-0.480074
-0.437104
-0.391125
-0.488268
-0.515967
-0.412293
-0.413099
-0.363832
-0.372784
-0.384459
-0.378123
-0.399006
-0.333595
-0.405687
-0.402599
-0.415295
-0.462229
-0.443033
-0.385292
-0.471828
-0.463198
-0.474331
-0.421778
-0.340914
-0.340732
-0.382857
-0.364847
-0.36807
-0.45222
-0.447826
-0.373033
-0.437382
-0.453903
-0.410199
-0.522702
-0.509468
-0.541216
-0.54498
-0.566548
-0.47069
-0.512291
-0.456199
-0.477631
-0.395966
-0.394461
-0.339263
-0.321747
-0.374232
-0.366237
-0.381526
-0.427608
-0.466564
-0.392111
-0.42915
-0.490818
-0.445323
-0.409138
-0.454837
-0.347087
-0.374287
-0.377012
-0.344069
-0.43883
-0.443326
-0.392059
-0.375373
-0.410616
-0.379233
-0.465849
-0.48566
-0.467393
-0.413331
-0.463555
-0.447707
-0.449875
-0.479223
-0.502111
-0.502292
-0.467076
-0.431907
-0.456716
-0.409434
-0.449077
-0.444182
-0.418404
-0.402981
-0.36164
-0.429308
-0.509272
-0.466455
-0.42639
-0.40787
-0.438085
-0.377583
-0.397402
-0.356498
-0.399363
-0.420839
-0.477475
-0.459764
-0.404069
-0.341276
-0.407281
-0.42011
-0.483837
-0.416582
-0.39401
-0.398171
-0.405485
-0.454492
-0.477576
-0.498318
-0.422786
-0.427209
-0.461848
-0.459029
-0.412021
-0.43879
-0.423581
-0.469198
-0.492401
-0.438846
-0.438
-0.458965
-0.500866
-0.529268
-0.567877
-0.506416
-0.46185
-0.531831
-0.478536
-0.487101
-0.469235
-0.455694
-0.548169
-0.492261
-0.479526
-0.487844
-0.541365
-0.39101
-0.353351
-0.342146
-0.346729
-0.327308
-0.357746
-0.381335
-0.390313
-0.428238
-0.436884
-0.374201
-0.45354
-0.404191
-0.38673
-0.452601
-0.455032
-0.426038
-0.394299
-0.352599
-0.396786
-0.404549
-0.379435
-0.399771
-0.352863
-0.359009
-0.366298
-0.474099
-0.431363
-0.419751
-0.408091
-0.450634
-0.361578
-0.350069
-0.442988
-0.432585
-0.368065
-0.425135
-0.46213
-0.38875
-0.430782
-0.441003
-0.451246
-0.396541
-0.454256
-0.412506
-0.438235
-0.436385
-0.426119
-0.463045
-0.417427
-0.409897
-0.427022
-0.449548
-0.445544
-0.441686
-0.417941
-0.433742
-0.461366
-0.502662
-0.465401
-0.438996
-0.411628
-0.367892
-0.402389
-0.374157
-0.411464
-0.439338
-0.333511
-0.395898
-0.366369
-0.382198
-0.350463
-0.393069
-0.422179
-0.395538
-0.403917
-0.391255
-0.312234
-0.325435
-0.398969
-0.410274
-0.365698
-0.342115
-0.332113
-0.423356
-0.423978
-0.397898
-0.406425
-0.451833
-0.449674
-0.50882
-0.441535
-0.501323
-0.467387
-0.395516
-0.398176
-0.485497
-0.38768
-0.426997
-0.442036
-0.464061
-0.498132
-0.501899
-0.4518
-0.47162
-0.410926
-0.483373
-0.49171
-0.46605
-0.449474
-0.415376
-0.44245
-0.324752
-0.378592
-0.399587
-0.489749
-0.437932
-0.408831
-0.38436
-0.365445
-0.418392
-0.372393
-0.402572
-0.403312
-0.454803
-0.399129
-0.435559
-0.455751
-0.456688
-0.422581
-0.409878
-0.373943
-0.431728
-0.367977
-0.409354
-0.412304
-0.409355
-0.410434
-0.454905
-0.450505
-0.470282
-0.46456
-0.351984
-0.392131
-0.409314
-0.447286
-0.366663
-0.394768
-0.40819
-0.417672
-0.387483
-0.398458
-0.402628
-0.450726
-0.388715
-0.472604
-0.416745
-0.439517
-0.464168
-0.440553
-0.469167
-0.378718
-0.436177
-0.446261
-0.381078
-0.34716
-0.416467
-0.411523
-0.315242
-0.403222
-0.389517
-0.479284
-0.498182
-0.465029
-0.43508
-0.386628
-0.338066
-0.310888
-0.385389
-0.363114
-0.400313
-0.331662
-0.432474
-0.44843
-0.407925
-0.428721
-0.450289
-0.419374
-0.426216
-0.422271
-0.382459
-0.372412
-0.42461
-0.439564
-0.487349
-0.542004
-0.503881
-0.394847
-0.432868
-0.426552
-0.447433
-0.473028
-0.391849
-0.420883
-0.425043
-0.343586
-0.326551
-0.329423
-0.328373
-0.364087
-0.377398
-0.385197
-0.332598
-0.368346
-0.357836
-0.43322
-0.402284
-0.367665
-0.436892
-0.464055
-0.460409
-0.42242
-0.395796
-0.339833
-0.333695
-0.431272
-0.434483
-0.44821
-0.411437
-0.387192
-0.393916
-0.448333
-0.465011
-0.443733
-0.424697
-0.417438
-0.419999
-0.437784
-0.427631
-0.367427
-0.38746
-0.347693
-0.330604
-0.361427
-0.383728
-0.335985
-0.331793
-0.396832
-0.421068
-0.435672
-0.408809
-0.398737
-0.395636
-0.478335
-0.407092
-0.452674
-0.450204
-0.514895
-0.450893
-0.447061
-0.421437
-0.365578
-0.369647
-0.336217
-0.329468
-0.424513
-0.414202
-0.487756
-0.526738
-0.480644
-0.479106
-0.425526
-0.41946
-0.470544
-0.505375
-0.498205
-0.445085
-0.463449
-0.458387
-0.46313
-0.42413
-0.404351
-0.490707
-0.424858
-0.361649
-0.316303
-0.3756
-0.407977
-0.37173
-0.382273
-0.384415
-0.400858
-0.36162
-0.43635
-0.415914
-0.426451
-0.433285
-0.420652
-0.343661
-0.378743
-0.355731
-0.381887
-0.347064
-0.402492
-0.445019
-0.471204
-0.510282
-0.484003
-0.516525
-0.488623
-0.465045
-0.461583
-0.370806
-0.348554
-0.380438
-0.377922
-0.406257
-0.399025
-0.393414
-0.3346
-0.39302
-0.386152
-0.454519
-0.425488
-0.376432
-0.352863
-0.320631
-0.3398
-0.347167
-0.384681
-0.41755
-0.378632
-0.421697
-0.379595
-0.403527
-0.346513
-0.321805
-0.363852
-0.301692
-0.284166
-0.359204
-0.344551
-0.395474
-0.433416
-0.488061
-0.44318
-0.387313
-0.4346
-0.398352
-0.411922
-0.393803
-0.42476
-0.334539
-0.35425
-0.3212
-0.364663
-0.368721
-0.39118
-0.376866
-0.418031
-0.455611
-0.423966
-0.369999
-0.410922
-0.478537
-0.472179
-0.345068
-0.366592
-0.405554
-0.479276
-0.458746
-0.420541
-0.442295
-0.450404
-0.442521
-0.452929
-0.480361
-0.4531
-0.460305
-0.431315
-0.438084
-0.472342
-0.431626
-0.437274
-0.41741
-0.416379
-0.442778
-0.479487
-0.494774
-0.499338
-0.445022
-0.406231
-0.403243
-0.474524
-0.457282
-0.470189
-0.442521
-0.458449
-0.465043
-0.392988
-0.44089
-0.381568
-0.429185
-0.439109
-0.52651
-0.480781
-0.436274
-0.413594
-0.547783
-0.518475
-0.45536
-0.432707
-0.398585
-0.351318
-0.365639
-0.407433
-0.362343
-0.363096
-0.459831
-0.392878
-0.373716
-0.386858
-0.417186
-0.415452
-0.412257
-0.381117
-0.406188
-0.378135
-0.402221
-0.426161
-0.468468
-0.415277
-0.377849
-0.406024
-0.488197
-0.474236
-0.3978
-0.403823
-0.386485
-0.411135
-0.410702
-0.430193
-0.411163
-0.392249
-0.49943
-0.508375
-0.411074
-0.419849
-0.491809
-0.523049
-0.4864
-0.465913
-0.442563
-0.421228
-0.417238
-0.384324
-0.433598
-0.517198
-0.402382
-0.412602
-0.443044
-0.462425
-0.511425
-0.540618
-0.515596
-0.518541
-0.506532
-0.604408
-0.53114
-0.533525
-0.537513
-0.595365
-0.536465
-0.514001
-0.466666
-0.549853
-0.49445
-0.492482
-0.436231
-0.480997
-0.512985
-0.438979
-0.482673
-0.454409
-0.463613
-0.476026
-0.441423
-0.398841
-0.408229
-0.352923
-0.403991
-0.341939
-0.420005
-0.438216
-0.422923
-0.420812
-0.384467
-0.405528
-0.462248
-0.425697
-0.336725
-0.357288
-0.287043
-0.353796
-0.331831
-0.4282
-0.429011
-0.411317
-0.400193
-0.34919
-0.373663
-0.427675
-0.413921
-0.426821
-0.43185
-0.400673
-0.385936
-0.348237
-0.453187
-0.44278
-0.495504
-0.440573
-0.395447
-0.449885
-0.473425
-0.473686
-0.450377
-0.409945
-0.419664
-0.404576
-0.454876
-0.507358
-0.429655
-0.463085
-0.419019
-0.417434
-0.408037
-0.421335
-0.397195
-0.382636
-0.429591
-0.508042
-0.494166
-0.511751
-0.421921
-0.461439
-0.423727
-0.376288
-0.476419
-0.469173
-0.426435
-0.39635
-0.399113
-0.442498
-0.350363
-0.441901
-0.333711
-0.363786
-0.495828
-0.454947
-0.399379
-0.44723
-0.389976
-0.358396
-0.378408
-0.411536
-0.391402
-0.362576
-0.413105
-0.447598
-0.439103
-0.413404
-0.404119
-0.388985
-0.387728
-0.39878
-0.403534
-0.364019
-0.372177
-0.308138
-0.362664
-0.436416
-0.40176
-0.415653
-0.464865
-0.359101
-0.352655
-0.34995
-0.37607
-0.350888
-0.370688
-0.363958
-0.418612
-0.470575
-0.463422
-0.452583
-0.362805
-0.387923
-0.37088
-0.38987
-0.369992
-0.346573
-0.393517
-0.444536
-0.457093
-0.377609
-0.329091
-0.355052
-0.38781
-0.459349
-0.404901
-0.482017
-0.425743
-0.448056
-0.37214
-0.406986
-0.375466
-0.396608
-0.374826
-0.370919
-0.37556
-0.345887
-0.339248
-0.356281
-0.38459
-0.359118
-0.356778
-0.366899
-0.381603
-0.431662
-0.3867
-0.421718
-0.380395
-0.448768
-0.389228
-0.337226
-0.349587
-0.307797
-0.335032
-0.413302
-0.385139
-0.359054
-0.380238
-0.385709
-0.412843
-0.44447
-0.396361
-0.45188
-0.420932
-0.450608
-0.429128
-0.40918
-0.436916
-0.44782
-0.413882
-0.46783
-0.508201
-0.46402
-0.527478
-0.504196
-0.475279
-0.486303
-0.522749
-0.416455
-0.395255
-0.409984
-0.492937
-0.515389
-0.57109
-0.505746
-0.425366
-0.45166
-0.491943
-0.520528
-0.532045
-0.469976
-0.482605
-0.42832
-0.413945
-0.443046
-0.416095
-0.396892
-0.382912
-0.336356
-0.36842
-0.369046
-0.360528
-0.376347
-0.29971
-0.338769
-0.340795
-0.478997
-0.45456
-0.479673
-0.433954
-0.362956
-0.328351
-0.478531
-0.397912
-0.37763
-0.373635
-0.354106
-0.371566
-0.455527
-0.461982
-0.413881
-0.463092
-0.421556
-0.439735
-0.349834
-0.389804
-0.393829
-0.407643
-0.403595
-0.408089
-0.374222
-0.401226
-0.441351
-0.444235
-0.445024
-0.438035
-0.4271
-0.427412
-0.330789
-0.435723
-0.438999
-0.459847
-0.395828
-0.444715
-0.482575
-0.452289
-0.398081
-0.487066
-0.421433
-0.397665
-0.406092
-0.39891
-0.426304
-0.364271
-0.451126
-0.459861
-0.545512
-0.520655
-0.510041
-0.491443
-0.431049
-0.428966
-0.348814
-0.366095
-0.33623
-0.332925
-0.434817
-0.473589
-0.392449
-0.412236
-0.470456
-0.45919
-0.456611
-0.415331
-0.450262
-0.399502
-0.410764
-0.439319
-0.434383
-0.495776
-0.464033
-0.373114
-0.372962
-0.427323
-0.381046
-0.329029
-0.348264
-0.31524
-0.306829
-0.478529
-0.436263
-0.396615
-0.386766
-0.448716
-0.440728
-0.438345
-0.358994
-0.368489
-0.388182
-0.368822
-0.324694
-0.436586
-0.437778
-0.364741
-0.408219
-0.39395
-0.348144
-0.417662
-0.388821
-0.33236
-0.341373
-0.410376
-0.46599
-0.411801
-0.41424
-0.436636
-0.39942
-0.411388
-0.422766
-0.372726
-0.363381
-0.362696
-0.360128
-0.398095
-0.330496
-0.378981
-0.372771
-0.45803
-0.493996
-0.498761
-0.556227
-0.474003
-0.446364
-0.422797
-0.375969
-0.353359
-0.418771
-0.392563
-0.487046
-0.415526
-0.461745
-0.466839
-0.454031
-0.408311
-0.432341
-0.396964
-0.377987
-0.367827
-0.416507
-0.371438
-0.427438
-0.461415
-0.470044
-0.485538
-0.456373
-0.469219
-0.421233
-0.380432
-0.327888
-0.388739
-0.432265
-0.448709
-0.410499
-0.419807
-0.396832
-0.375016
-0.349665
-0.394439
-0.370852
-0.431982
-0.439818
-0.415759
-0.430802
-0.392818
-0.340158
-0.336533
-0.338019
-0.380512
-0.451162
-0.446474
-0.444702
-0.466077
-0.418788
-0.344241
-0.370055
-0.422219
-0.404361
-0.3985
-0.396346
-0.412504
-0.44932
-0.382824
-0.364656
-0.318112
-0.346011
-0.359336
-0.323671
-0.409662
-0.44896
-0.468154
-0.419316
-0.442846
-0.388626
-0.426509
-0.31997
-0.344429
-0.465958
-0.464218
-0.536438
-0.447763
-0.471736
-0.396652
-0.382008
-0.401253
-0.374017
-0.388154
-0.439205
-0.471839
-0.345463
-0.350823
-0.385879
-0.381728
-0.429746
-0.470177
-0.453763
-0.480134
-0.445318
-0.370233
-0.40912
-0.375085
-0.349965
-0.378702
-0.351268
-0.348528
-0.390967
-0.391646
-0.413005
-0.377173
-0.354074
-0.392169
-0.337698
-0.372617
-0.382043
-0.421126
-0.358376
-0.333878
-0.356691
-0.396218
-0.399973
-0.367035
-0.382345
-0.313969
-0.309097
-0.35712
-0.495484
-0.458434
-0.457946
-0.39957
-0.406145
-0.407703
-0.421714
-0.471385
-0.446203
-0.398213
-0.414411
-0.440026
-0.390799
-0.384001
-0.463156
-0.375411
-0.446167
-0.440206
-0.419377
-0.441664
-0.355604
-0.345271
-0.346424
-0.328422
-0.308351
-0.331204
-0.379599
-0.346545
-0.356111
-0.400347
-0.357245
-0.392301
-0.446237
-0.473407
-0.441035
-0.425964
-0.402221
-0.422508
-0.461006
-0.41981
-0.435415
-0.459975
-0.415463
-0.459945
-0.398688
-0.356041
-0.367055
-0.296994
-0.339787
-0.34063
-0.386167
-0.344255
-0.386948
-0.388265
-0.344115
-0.364212
-0.434485
-0.439439
-0.430439
-0.387195
-0.398478
-0.487955
-0.49793
-0.510105
-0.497727
-0.507848
-0.44513
-0.399114
-0.365075
-0.379125
-0.39341
-0.412369
-0.354855
-0.371812
-0.371706
-0.343806
-0.368295
-0.407214
-0.334446
-0.379715
-0.393188
-0.387593
-0.421505
-0.459967
-0.481144
-0.439776
-0.482505
-0.478463
-0.457018
-0.45161
-0.476397
-0.435945
-0.383032
-0.393459
-0.379535
-0.343924
-0.401651
-0.453478
-0.389538
-0.403666
-0.431023
-0.439331
-0.396816
-0.416821
-0.405429
-0.383946
-0.409907
-0.382389
-0.330028
-0.34757
-0.422404
-0.391373
-0.371973
-0.30914
-0.308786
-0.371262
-0.360461
-0.366831
-0.384756
-0.371965
-0.351335
-0.32325
-0.373868
-0.39324
-0.383683
-0.388167
-0.320779
-0.324807
-0.425961
-0.431411
-0.437769
-0.492118
-0.440683
-0.43522
-0.449455
-0.411334
-0.400054
-0.461512
-0.452572
-0.433369
-0.470595
-0.470168
-0.461611
-0.425316
-0.421773
-0.415226
-0.428326
-0.43516
-0.417827
-0.463271
-0.478601
-0.407996
-0.378972
-0.407282
-0.379574
-0.344116
-0.32795
-0.347623
-0.423507
-0.390734
-0.400161
-0.386156
-0.40225
-0.494569
-0.472798
-0.443782
-0.372046
-0.388456
-0.391946
-0.345741
-0.360852
-0.446307
-0.338898
-0.358242
-0.418755
-0.446026
-0.382268
-0.370607
-0.343237
-0.426168
-0.362601
-0.482882
-0.449318
-0.448091
-0.423769
-0.427472
-0.392979
-0.419301
-0.372287
-0.377979
-0.348443
-0.353041
-0.338776
-0.410327
-0.416017
-0.447537
-0.463831
-0.415334
-0.403345
-0.37718
-0.353573
-0.356997
-0.38631
-0.386473
-0.425622
-0.400191
-0.344803
-0.447405
-0.46063
-0.452286
-0.417746
-0.392113
-0.421099
-0.415475
-0.428654
-0.360695
-0.305447
-0.362063
-0.413087
-0.395476
-0.497982
-0.456586
-0.462409
-0.432673
-0.49608
-0.417046
-0.440057
-0.457193
-0.3773
-0.348244
-0.42715
-0.461146
-0.481537
-0.526284
-0.445589
-0.499953
-0.437152
-0.479022
-0.473091
-0.409632
-0.369005
-0.363508
-0.355501
-0.34971
-0.450778
-0.405192
-0.428338
-0.393232
-0.45874
-0.423765
-0.402784
-0.383267
-0.405274
-0.351996
-0.37009
-0.335422
-0.350944
-0.365609
-0.443901
-0.386192
-0.379693
-0.310153
-0.356484
-0.416324
-0.324906
-0.301263
-0.374036
-0.354167
-0.355218
-0.370891
-0.391241
-0.37651
-0.391154
-0.446331
-0.460428
-0.460086
-0.467958
-0.486944
-0.405745
-0.37927
-0.421325
-0.326766
-0.469611
-0.500254
-0.438969
-0.463444
-0.481298
-0.510919
-0.426336
-0.379497
-0.386805
-0.376649
-0.411982
-0.421281
-0.414409
-0.37561
-0.381338
-0.372892
-0.445973
-0.43992
-0.454889
-0.424731
-0.429064
-0.430105
-0.337721
-0.304294
-0.373666
-0.44714
-0.464136
-0.460157
-0.437796
-0.416366
-0.448504
-0.483887
-0.3986
-0.434893
-0.476874
-0.423098
-0.431751
-0.394966
-0.413321
-0.446832
-0.424699
-0.447465
-0.441627
-0.454339
-0.406243
-0.468501
-0.479768
-0.459768
-0.374896
-0.378469
-0.388591
-0.395682
-0.388739
-0.421251
-0.399485
-0.396028
-0.467258
-0.442848
-0.441771
-0.386249
-0.394808
-0.419942
-0.478119
-0.439164
-0.416569
-0.338225
-0.522092
-0.475257
-0.39205
-0.475866
-0.458779
-0.368289
-0.329908
-0.356865
-0.442554
-0.40256
-0.381564
-0.41833
-0.333852
-0.45411
-0.423041
-0.452612
-0.363386
-0.406517
-0.393057
-0.385416
-0.461847
-0.392415
-0.373659
-0.388225
-0.37422
-0.326031
-0.368569
-0.421294
-0.353863
-0.369826
-0.350718
-0.352459
-0.341536
-0.341228
-0.41473
-0.40964
-0.383342
-0.362016
-0.380559
-0.361367
-0.354271
-0.310385
-0.329041
-0.362579
-0.443717
-0.369554
-0.365065
-0.41985
-0.436597
-0.364754
-0.449447
-0.426184
-0.372189
-0.395203
-0.400945
-0.427477
-0.341221
-0.427125
-0.462871
-0.490213
-0.462682
-0.415285
-0.449239
-0.404674
-0.440404
-0.411961
-0.369287
-0.336186
-0.396742
-0.411107
-0.382222
-0.3553
-0.385152
-0.38797
-0.369268
-0.438093
-0.367756
-0.434126
-0.374109
-0.412657
-0.450161
-0.464566
-0.463402
-0.435983
-0.475401
-0.445692
-0.467342
-0.444454
-0.40197
-0.371661
-0.37803
-0.431022
-0.459346
-0.389458
-0.422678
-0.475941
-0.572869
-0.575557
-0.520493
-0.481696
-0.424602
-0.474556
-0.386828
-0.433302
-0.456114
-0.468194
-0.465841
-0.42455
-0.458776
-0.483503
-0.446402
-0.485312
-0.431081
-0.481523
-0.54322
-0.489352
-0.482246
-0.534193
-0.48742
-0.518607
-0.476772
-0.490038
-0.405933
-0.397379
-0.384943
-0.423489
-0.440246
-0.405682
-0.492427
-0.502664
-0.402337
-0.384712
-0.381655
-0.360075
-0.386463
-0.387279
-0.386742
-0.36694
-0.385457
-0.455892
-0.401563
-0.45449
-0.47086
-0.367392
-0.401718
-0.39684
-0.375699
-0.45013
-0.437362
-0.468612
-0.507641
-0.480798
-0.429371
-0.445618
-0.411482
-0.416236
-0.440709
-0.402299
-0.492799
-0.40988
-0.35923
-0.405486
-0.442453
-0.447929
-0.408655
-0.357432
-0.343681
-0.338939
-0.448114
-0.425597
-0.434447
-0.479877
-0.479172
-0.427989
-0.456794
-0.497798
-0.412703
-0.452298
-0.409246
-0.400933
-0.441085
-0.344266
-0.34553
-0.308907
-0.374007
-0.401213
-0.423914
-0.366955
-0.385958
-0.437553
-0.409091
-0.367184
-0.351319
-0.410884
-0.438846
-0.338956
-0.407037
-0.354728
-0.370819
-0.447372
-0.439322
-0.369228
-0.400773
-0.392396
-0.373631
-0.316932
-0.350555
-0.363206
-0.407206
-0.407105
-0.41017
-0.402613
-0.474081
-0.465717
-0.446028
-0.528516
-0.417006
-0.343524
-0.437942
-0.462997
-0.411988
-0.383082
-0.430709
-0.367601
-0.407108
-0.364266
-0.388805
-0.400968
-0.379751
-0.323047
-0.340047
-0.336624
-0.325102
-0.418321
-0.401022
-0.485165
-0.441139
-0.427788
-0.399722
-0.392848
-0.397711
-0.388447
-0.409381
-0.35419
-0.324239
-0.389349
-0.372477
-0.365766
-0.375809
-0.359717
-0.361973
-0.37189
-0.372124
-0.386997
-0.412991
-0.426581
-0.417754
-0.444764
-0.440243
-0.414244
-0.356008
-0.331605
-0.377568
-0.369729
-0.304154
-0.291824
-0.344271
-0.401414
-0.351275
-0.36876
-0.370672
-0.43145
-0.452308
-0.436691
-0.452711
-0.461211
-0.431082
-0.424564
-0.425145
-0.495656
-0.466149
-0.455278
-0.426115
-0.387926
-0.366064
-0.356006
-0.441743
-0.441169
-0.38386
-0.460285
-0.443601
-0.465115
-0.499075
-0.397322
-0.468493
-0.401578
-0.448029
-0.458799
-0.381611
-0.397762
-0.414085
-0.436814
-0.354229
-0.371238
-0.364574
-0.330095
-0.361134
-0.291971
-0.337152
-0.344448
-0.335249
-0.357269
-0.356924
-0.332068
-0.360287
-0.370388
-0.410007
-0.327015
-0.370146
-0.345819
-0.348152
-0.375035
-0.378613
-0.40572
-0.382749
-0.349769
-0.376334
-0.326013
-0.345168
-0.363269
-0.339911
-0.347256
-0.341652
-0.427909
-0.44844
-0.481196
-0.475821
-0.425663
-0.382331
-0.378152
-0.412487
-0.37423
-0.408865
-0.398519
-0.442154
-0.508942
-0.489175
-0.421385
-0.350085
-0.314207
-0.353507
-0.346326
-0.399698
-0.423572
-0.399026
-0.3649
-0.370016
-0.388819
-0.411961
-0.482445
-0.463537
-0.466026
-0.466337
-0.447472
-0.429814
-0.443712
-0.349462
-0.363512
-0.424137
-0.362917
-0.404637
-0.405116
-0.432361
-0.522024
-0.483265
-0.485861
-0.44992
-0.413452
-0.457376
-0.460124
-0.482674
-0.446465
-0.375073
-0.376758
-0.388373
-0.429162
-0.482401
-0.457239
-0.454335
-0.48118
-0.505253
-0.428734
-0.421815
-0.455147
-0.425522
-0.439186
-0.468948
-0.436114
-0.501675
-0.472428
-0.439704
-0.453431
-0.466501
-0.447375
-0.429916
-0.392893
-0.374945
-0.352586
-0.357621
-0.402215
-0.44283
-0.513106
-0.415962
-0.34437
-0.390714
-0.371812
-0.39354
-0.439185
-0.462505
-0.494762
-0.398077
-0.381072
-0.324835
-0.359015
-0.376215
-0.336861
-0.383785
-0.374008
-0.349651
-0.342933
-0.361446
-0.360378
-0.360629
-0.374347
-0.340976
-0.364785
-0.372948
-0.428815
-0.418099
-0.455017
-0.419062
-0.400006
-0.447045
-0.462929
-0.347332
-0.442358
-0.414138
-0.437316
-0.428622
-0.418871
-0.34383
-0.427021
-0.419082
-0.434982
-0.497065
-0.464135
-0.462695
-0.498685
-0.458337
-0.382281
-0.326873
-0.36965
-0.371044
-0.34819
-0.372226
-0.427853
-0.409776
-0.411641
-0.42008
-0.404433
-0.434165
-0.49748
-0.475908
-0.506591
-0.45673
-0.447155
-0.426155
-0.354546
-0.355119
-0.322144
-0.337699
-0.420217
-0.376277
-0.36609
-0.432434
-0.447504
-0.495015
-0.461444
-0.386817
-0.423974
-0.406317
-0.370539
-0.371545
-0.394283
-0.413074
-0.339182
-0.380672
-0.411531
-0.418011
-0.3467
-0.366817
-0.407491
-0.396065
-0.399696
-0.46636
-0.428092
-0.366791
-0.356321
-0.356684
-0.35094
-0.283525
-0.368469
-0.46026
-0.415958
-0.438258
-0.475845
-0.403591
-0.474796
-0.428509
-0.368714
-0.372463
-0.390378
-0.396069
-0.404322
-0.40524
-0.470351
-0.407685
-0.303027
-0.297675
-0.343376
-0.330101
-0.396789
-0.40744
-0.393219
-0.299349
-0.34396
-0.317815
-0.391122
-0.455142
-0.385299
-0.462431
-0.378201
-0.410495
-0.405706
-0.368676
-0.384238
-0.443373
-0.396022
-0.506756
-0.412863
-0.388619
-0.40278
-0.431543
-0.435293
-0.421238
-0.471223
-0.424588
-0.445547
-0.385962
-0.407544
-0.366228
-0.383025
-0.380692
-0.395598
-0.395726
-0.39315
-0.365545
-0.327163
-0.336515
-0.387551
-0.367737
-0.410196
-0.3914
-0.36316
-0.430721
-0.420588
-0.479991
-0.517354
-0.450375
-0.422458
-0.47331
-0.505034
-0.476122
-0.479922
-0.392088
-0.354395
-0.354874
-0.349342
-0.375291
-0.350941
-0.337154
-0.322904
-0.389327
-0.424394
-0.432649
-0.473505
-0.409568
-0.42094
-0.352443
-0.359575
-0.378482
-0.363066
-0.364381
-0.321072
-0.298142
-0.410142
-0.355932
-0.418412
-0.413778
-0.46317
-0.420035
-0.425564
-0.363113
-0.381378
-0.407596
-0.447277
-0.413318
-0.461069
-0.403186
-0.408267
-0.406965
-0.3487
-0.377766
-0.400277
-0.365922
-0.338581
-0.419139
-0.445719
-0.423613
-0.475254
-0.380696
-0.394441
-0.372796
-0.361842
-0.389597
-0.374947
-0.327696
-0.358244
-0.432751
-0.475321
-0.487965
-0.426727
-0.440709
-0.515848
-0.550046
-0.475684
-0.473866
-0.458586
-0.423104
-0.397548
-0.426139
-0.420419
-0.426202
-0.387244
-0.43974
-0.470219
-0.482962
-0.429453
-0.433157
-0.420414
-0.433745
-0.406753
-0.391247
-0.433141
-0.374738
-0.367264
-0.375527
-0.396879
-0.389904
-0.392132
-0.408458
-0.376185
-0.37678
-0.402905
-0.399971
-0.394427
-0.259877
-0.370872
-0.324586
-0.424195
-0.401983
-0.435932
-0.400093
-0.404903
-0.344298
-0.409785
-0.386177
-0.369602
-0.356797
-0.40637
-0.363111
-0.460578
-0.47774
-0.432115
-0.421748
-0.416642
-0.446444
-0.405667
-0.422835
-0.452391
-0.429806
-0.448739
-0.426625
-0.442478
-0.456025
-0.414999
-0.337534
-0.344632
-0.348015
-0.467974
-0.470699
-0.458639
-0.405174
-0.370146
-0.35408
-0.351157
-0.413971
-0.455298
-0.457139
-0.43631
-0.473422
-0.524032
-0.492506
-0.506545
-0.449049
-0.417757
-0.478229
-0.450115
-0.479215
-0.453472
-0.422202
-0.386213
-0.3606
-0.332686
-0.410211
-0.397202
-0.391204
-0.406353
-0.393195
-0.425754
-0.465209
-0.419285
-0.447619
-0.478575
-0.323677
-0.352642
-0.346522
-0.324848
-0.362453
-0.311151
-0.380282
-0.460414
-0.435557
-0.381455
-0.414735
-0.385522
-0.425674
-0.405491
-0.457299
-0.488131
-0.447338
-0.376746
-0.450496
-0.451206
-0.424515
-0.413379
-0.440906
-0.436512
-0.450744
-0.554446
-0.505286
-0.390902
-0.394037
-0.463645
-0.461646
-0.395233
-0.457328
-0.484928
-0.500992
-0.507591
-0.45466
-0.515299
-0.51398
-0.520403
-0.480238
-0.497643
-0.466468
-0.407637
-0.409059
-0.46415
-0.490743
-0.545814
-0.471832
-0.492307
-0.565389
-0.497022
-0.530584
-0.476249
-0.444937
-0.454328
-0.45716
-0.506814
-0.409793
-0.397314
-0.383531
-0.439998
-0.421736
-0.426695
-0.35191
-0.399596
-0.383436
-0.453854
-0.458534
-0.476309
-0.412451
-0.418564
-0.406669
-0.425718
-0.443777
-0.544926
-0.469328
-0.493263
-0.456448
-0.381191
-0.355626
-0.37027
-0.348517
-0.395239
-0.386129
-0.38846
-0.411281
-0.333881
-0.362529
-0.393656
-0.422297
-0.4419
-0.420738
-0.392024
-0.442937
-0.424897
-0.414135
-0.369848
-0.41161
-0.478669
-0.456289
-0.417341
-0.360965
-0.326561
-0.358203
-0.364136
-0.41108
-0.465732
-0.441628
-0.378622
-0.389238
-0.403461
-0.350806
-0.367145
-0.397834
-0.361778
-0.385428
-0.415916
-0.434488
-0.470025
-0.485979
-0.487995
-0.484495
-0.472173
-0.382138
-0.439212
-0.354143
-0.335629
-0.361444
-0.376183
-0.392753
-0.421409
-0.407436
-0.400439
-0.458335
-0.449056
-0.391132
-0.370199
-0.405901
-0.406967
-0.362949
-0.394036
-0.464409
-0.423326
-0.426835
-0.321654
-0.345073
-0.340611
-0.422661
-0.43898
-0.411478
-0.400575
-0.415523
-0.378834
-0.398505
-0.462465
-0.50179
-0.462592
-0.42572
-0.419752
-0.460162
-0.379176
-0.42834
-0.445917
-0.442135
-0.401389
-0.408727
-0.394837
-0.393085
-0.338926
-0.402978
-0.430468
-0.466041
-0.456652
-0.444366
-0.444528
-0.396656
-0.364351
-0.412465
-0.432942
-0.38494
-0.366453
-0.354668
-0.383018
-0.37601
-0.400961
-0.380281
-0.439792
-0.388009
-0.419667
-0.429856
-0.408006
-0.316701
-0.374423
-0.383093
-0.347434
-0.446887
-0.42269
-0.419446
-0.408705
-0.42099
-0.411615
-0.390827
-0.384831
-0.40009
-0.36545
-0.366005
-0.348838
-0.428484
-0.474181
-0.462166
-0.440969
-0.507739
-0.504614
-0.488924
-0.419665
-0.395202
-0.388879
-0.431013
-0.457102
-0.410262
-0.377593
-0.448955
-0.429798
-0.342572
-0.327299
-0.359594
-0.386809
-0.419138
-0.404076
-0.41291
-0.430032
-0.435936
-0.397713
-0.393967
-0.397334
-0.347403
-0.427888
-0.457443
-0.424731
-0.375981
-0.423901
-0.477071
-0.354282
-0.396555
-0.377855
-0.421565
-0.422295
-0.42933
-0.542798
-0.494745
-0.478809
-0.454853
-0.514389
-0.497701
-0.468817
-0.462497
-0.338899
-0.392412
-0.474613
-0.478673
-0.420891
-0.398579
-0.390541
-0.399408
-0.430776
-0.44243
-0.403618
-0.404994
-0.424596
-0.367537
-0.298935
-0.312437
-0.341294
-0.39416
-0.363994
-0.445089
-0.454516
-0.414863
-0.36399
-0.400165
-0.423046
-0.43246
-0.463065
-0.459077
-0.435606
-0.395745
-0.450198
-0.416527
-0.446221
-0.420309
-0.385518
-0.38057
-0.353658
-0.382519
-0.432505
-0.410706
-0.407623
-0.460162
-0.429263
-0.372069
-0.360956
-0.385748
-0.352441
-0.399497
-0.379574
-0.337161
-0.372365
-0.404357
-0.411479
-0.401483
-0.408037
-0.356892
-0.395233
-0.388166
-0.41635
-0.445526
-0.398131
-0.370395
-0.491574
-0.465821
-0.441569
-0.432558
-0.492247
-0.434979
-0.447574
-0.483291
-0.421561
-0.362519
-0.341647
-0.393886
-0.423578
-0.497434
-0.469526
-0.503414
-0.449616
-0.423348
-0.387259
-0.365424
-0.338177
-0.335504
-0.380807
-0.338058
-0.34593
-0.387111
-0.378917
-0.440927
-0.484656
-0.388816
-0.4165
-0.439621
-0.372399
-0.352346
-0.382781
-0.330757
-0.297422
-0.356303
-0.345933
-0.358377
-0.382498
-0.373038
-0.401839
-0.391175
-0.414753
-0.413435
-0.45762
-0.484054
-0.389525
-0.353209
-0.4883
-0.497083
-0.512986
-0.566351
-0.656982
-0.644411
-0.605019
-0.540506
-0.566146
-0.526721
-0.529923
-0.554918
-0.570459
-0.546874
-0.413862
-0.411027
-0.342061
-0.387145
-0.36963
-0.384978
-0.447726
-0.452069
-0.472675
-0.454366
-0.457471
-0.407758
-0.473017
-0.46334
-0.445798
-0.448142
-0.442715
-0.391735
-0.446336
-0.45679
-0.435993
-0.402972
-0.426385
-0.492927
-0.439075
-0.424373
-0.46019
-0.490732
-0.488979
-0.467616
-0.372248
-0.376368
-0.352984
-0.392485
-0.371193
-0.440305
-0.449207
-0.46838
-0.455711
-0.347446
-0.36027
-0.369185
-0.436599
-0.404576
-0.467418
-0.463464
-0.460196
-0.419503
-0.42754
-0.414039
-0.420444
-0.474472
-0.450793
-0.431602
-0.442364
-0.48137
-0.424824
-0.448386
-0.515807
-0.447125
-0.392514
-0.413619
-0.386498
-0.428476
-0.451919
-0.449353
-0.403826
-0.454027
-0.384191
-0.340098
-0.37794
-0.454698
-0.372338
-0.378015
-0.438066
-0.472171
-0.393645
-0.367783
-0.374948
-0.430851
-0.545749
-0.569332
-0.498791
-0.444317
-0.402054
-0.408377
-0.406771
-0.438625
-0.390106
-0.364976
-0.357682
-0.361368
-0.427922
-0.371623
-0.357524
-0.340988
-0.302794
-0.379541
-0.349278
-0.356354
-0.394726
-0.400981
-0.347093
-0.351199
-0.375285
-0.439544
-0.345655
-0.356234
-0.352084
-0.363491
-0.363494
-0.390738
-0.359052
-0.343447
-0.331267
-0.421359
-0.390994
-0.433674
-0.425405
-0.406868
-0.352218
-0.421239
-0.39733
-0.407579
-0.419833
-0.401728
-0.425213
-0.393176
-0.40997
-0.371478
-0.400025
-0.410082
-0.424599
-0.405571
-0.406032
-0.350466
-0.431218
-0.5005
-0.454133
-0.410858
-0.390625
-0.389806
-0.418797
-0.414228
-0.379639
-0.40961
-0.388467
-0.402995
-0.385946
-0.425407
-0.443169
-0.461336
-0.477296
-0.452099
-0.458157
-0.405412
-0.366073
-0.377854
-0.454828
-0.429092
-0.441995
-0.385826
-0.376252
-0.41578
-0.485362
-0.415181
-0.408238
-0.356165
-0.403273
-0.487453
-0.478966
-0.360102
-0.399102
-0.372071
-0.449239
-0.499493
-0.460691
-0.385849
-0.351167
-0.373375
-0.449148
-0.443379
-0.455442
-0.428571
-0.393077
-0.390676
-0.417165
-0.415017
-0.460508
-0.393994
-0.353807
-0.350397
-0.302885
-0.316097
-0.282888
-0.312197
-0.34011
-0.39959
-0.450395
-0.402392
-0.416359
-0.460503
-0.465922
-0.458651
-0.372696
-0.452336
-0.370272
-0.391204
-0.374688
-0.370999
-0.393126
-0.429452
-0.473503
-0.490849
-0.515341
-0.444895
-0.422441
-0.413958
-0.476685
-0.567262
-0.571027
-0.486661
-0.43156
-0.401435
-0.407661
-0.40535
-0.369033
-0.423807
-0.425733
-0.398926
-0.390035
-0.366109
-0.355187
-0.319642
-0.419367
-0.427074
-0.388908
-0.399595
-0.384166
-0.419588
-0.440742
-0.389945
-0.372165
-0.407119
-0.382323
-0.363572
-0.411219
-0.397071
-0.386445
-0.339995
-0.405933
-0.419838
-0.437543
-0.392835
-0.405252
-0.390216
-0.402556
-0.399255
-0.40049
-0.341276
-0.347627
-0.349547
-0.390037
-0.484288
-0.465047
-0.407261
-0.407286
-0.452981
-0.462563
-0.458914
-0.428991
-0.385933
-0.389183
-0.358229
-0.313748
-0.329384
-0.388189
-0.392158
-0.391934
-0.415245
-0.400839
-0.398721
-0.404117
-0.366521
-0.429256
-0.429371
-0.444193
-0.364232
-0.387981
-0.392289
-0.337052
-0.408784
-0.393226
-0.422376
-0.452538
-0.44435
-0.504164
-0.510814
-0.39002
-0.426323
-0.432947
-0.464297
-0.427289
-0.446943
-0.364104
-0.438469
-0.418
-0.330491
-0.327605
-0.329841
-0.381473
-0.378735
-0.407361
-0.368702
-0.365277
-0.356725
-0.324758
-0.384462
-0.425215
-0.346653
-0.295116
-0.33292
-0.32407
-0.331875
-0.399714
-0.390579
-0.399081
-0.348874
-0.422752
-0.391778
-0.403519
-0.450209
-0.37604
-0.443505
-0.349171
-0.402355
-0.427158
-0.439081
-0.471987
-0.398932
-0.415748
-0.432084
-0.392885
-0.395812
-0.330707
-0.381457
-0.377495
-0.373036
-0.353868
-0.421183
-0.414811
-0.410619
-0.459709
-0.422599
-0.473729
-0.464429
-0.481106
-0.474507
-0.412439
-0.437157
-0.366197
-0.345617
-0.42691
-0.432498
-0.431332
-0.480998
-0.425325
-0.430826
-0.445871
-0.434791
-0.422483
-0.401699
-0.437469
-0.366814
-0.344323
-0.358776
-0.423272
-0.470443
-0.427805
-0.463866
-0.496461
-0.452365
-0.465674
-0.465724
-0.480752
-0.464743
-0.449153
-0.417806
-0.39613
-0.373936
-0.393327
-0.46
-0.421635
-0.395113
-0.362264
-0.300163
-0.345431
-0.391942
-0.353749
-0.357519
-0.392703
-0.337318
-0.416761
-0.460661
-0.496281
-0.506084
-0.463757
-0.446376
-0.353766
-0.372984
-0.34137
-0.354436
-0.380789
-0.495314
-0.445725
-0.489292
-0.437152
-0.406152
-0.442756
-0.437883
-0.426479
-0.470557
-0.425628
-0.44712
-0.457996
-0.391045
-0.349451
-0.451943
-0.398731
-0.383301
-0.414411
-0.404876
-0.295444
-0.299285
-0.326946
-0.382376
-0.375649
-0.37645
-0.39402
-0.375549
-0.394245
-0.398166
-0.348413
-0.403485
-0.449897
-0.417566
-0.350839
-0.342318
-0.331236
-0.416535
-0.402257
-0.405168
-0.38416
-0.345082
-0.368509
-0.369059
-0.4321
-0.408249
-0.439935
-0.403122
-0.397267
-0.404953
-0.468429
-0.365121
-0.363831
-0.364088
-0.389135
-0.396915
-0.439811
-0.523303
-0.514774
-0.497479
-0.503584
-0.474268
-0.464681
-0.453332
-0.432401
-0.434816
-0.420108
-0.377478
-0.371431
-0.402141
-0.466577
-0.460708
-0.499961
-0.446724
-0.425962
-0.465604
-0.466319
-0.425294
-0.450519
-0.496458
-0.403065
-0.378361
-0.401021
-0.380062
-0.426554
-0.35546
-0.409292
-0.356922
-0.330487
-0.347151
-0.354863
-0.378389
-0.460019
-0.436929
-0.418469
-0.384848
-0.386589
-0.41111
-0.448459
-0.412332
-0.420857
-0.330102
-0.399482
-0.377364
-0.413623
-0.468464
-0.438856
-0.414312
-0.396438
-0.411319
-0.386741
-0.435814
-0.441253
-0.437644
-0.464742
-0.435085
-0.486984
-0.417392
-0.374249
-0.336439
-0.334314
-0.417189
-0.371793
-0.38645
-0.425605
-0.465101
-0.448057
-0.438644
-0.405173
-0.395671
-0.384867
-0.456333
-0.394782
-0.419962
-0.437413
-0.462072
-0.351455
-0.461175
-0.513053
-0.482907
-0.568271
-0.504623
-0.476105
-0.393113
-0.384567
-0.377422
-0.352961
-0.398643
-0.375716
-0.40315
-0.391346
-0.384768
-0.387706
-0.416268
-0.370999
-0.366946
-0.396146
-0.427185
-0.434339
-0.40721
-0.398975
-0.390448
-0.445513
-0.482621
-0.449015
-0.445508
-0.390484
-0.357004
-0.411958
-0.382811
-0.402067
-0.427045
-0.425061
-0.423717
-0.425977
-0.428511
-0.476954
-0.450784
-0.478893
-0.457643
-0.498006
-0.460617
-0.420116
-0.437913
-0.440216
-0.426302
-0.41086
-0.401989
-0.390663
-0.434716
-0.381488
-0.368765
-0.378609
-0.392237
-0.370957
-0.426648
-0.36847
-0.35503
-0.389494
-0.443055
-0.485289
-0.410755
-0.386656
-0.434263
-0.375054
-0.402595
-0.379318
-0.403856
-0.378272
-0.450058
-0.446581
-0.395489
-0.399402
-0.428623
-0.425123
-0.428641
-0.421696
-0.410421
-0.456
-0.491103
-0.459773
-0.4719
-0.424529
-0.416895
-0.414373
-0.421617
-0.415328
-0.378573
-0.402293
-0.37811
-0.422533
-0.428341
-0.443711
-0.427811
-0.389486
-0.387132
-0.446152
-0.455568
-0.437493
-0.361249
-0.390827
-0.30774
-0.299832
-0.306462
-0.394664
-0.437847
-0.41973
-0.385656
-0.403166
-0.427638
-0.373876
-0.367895
-0.372161
-0.445077
-0.392394
-0.347178
-0.384206
-0.397498
-0.352527
-0.361494
-0.312943
-0.347917
-0.353808
-0.397812
-0.383951
-0.407287
-0.409041
-0.410953
-0.40895
-0.414359
-0.382248
-0.396573
-0.431848
-0.429499
-0.463139
-0.446727
-0.400426
-0.421603
-0.382701
-0.381602
-0.376944
-0.363082
-0.365974
-0.367114
-0.358395
-0.376127
-0.378694
-0.437558
-0.461649
-0.461397
-0.405454
-0.412278
-0.445134
-0.475495
-0.432919
-0.424432
-0.403044
-0.400878
-0.410841
-0.335937
-0.381305
-0.374333
-0.328027
-0.341994
-0.406768
-0.422805
-0.443212
-0.444338
-0.429427
-0.439201
-0.464232
-0.386048
-0.395908
-0.410304
-0.428371
-0.446473
-0.471341
-0.475751
-0.44901
-0.435461
-0.412651
-0.346955
-0.336512
-0.383369
-0.453091
-0.436638
-0.479191
-0.448374
-0.445511
-0.516121
-0.426446
-0.447342
-0.490118
-0.413707
-0.423594
-0.398677
-0.37933
-0.373589
-0.444038
-0.479189
-0.409579
-0.396589
-0.407362
-0.395455
-0.4357
-0.496099
-0.469268
-0.444005
-0.436911
-0.504792
-0.521541
-0.51964
-0.466568
-0.46745
-0.520902
-0.46822
-0.446444
-0.460282
-0.425966
-0.405906
-0.33553
-0.433114
-0.425391
-0.429656
-0.467593
-0.471821
-0.371886
-0.403682
-0.410766
-0.355683
-0.355556
-0.382741
-0.437831
-0.46922
-0.412424
-0.390245
-0.434033
-0.394299
-0.44899
-0.401505
-0.364708
-0.427386
-0.388733
-0.459991
-0.286812
-0.32181
-0.347303
-0.351377
-0.333788
-0.418542
-0.432165
-0.362832
-0.365359
-0.349286
-0.351782
-0.405511
-0.429804
-0.383987
-0.372493
-0.408133
-0.41039
-0.47009
-0.420249
-0.398747
-0.390866
-0.451596
-0.480204
-0.413167
-0.454967
-0.438401
-0.499451
-0.566217
-0.508937
-0.410771
-0.394373
-0.456014
-0.418637
-0.413916
-0.399524
-0.411888
-0.402636
-0.413861
-0.398792
-0.399367
-0.432605
-0.492179
-0.46344
-0.458522
-0.507263
-0.406346
-0.417
-0.363849
-0.423934
-0.416956
-0.429927
-0.436954
-0.424838
-0.367695
-0.42995
-0.518602
-0.476881
-0.474196
-0.484746
-0.485095
-0.430554
-0.38662
-0.395868
-0.405761
-0.398378
-0.403481
-0.487707
-0.489832
-0.509408
-0.436227
-0.422081
-0.378821
-0.470113
-0.441932
-0.339346
-0.343887
-0.343252
-0.380174
-0.366529
-0.396038
-0.423899
-0.398592
-0.411984
-0.4895
-0.430923
-0.429368
-0.427247
-0.488437
-0.481592
-0.4598
-0.423872
-0.400151
-0.475629
-0.445586
-0.429391
-0.448257
-0.408021
-0.415222
-0.328919
-0.362948
-0.395261
-0.376431
-0.39378
-0.390562
-0.336045
-0.40877
-0.43369
-0.416309
-0.430494
-0.385315
-0.412815
-0.381361
-0.353775
-0.383855
-0.386845
-0.346994
-0.349398
-0.386508
-0.374041
-0.332493
-0.397587
-0.421596
-0.359046
-0.400384
-0.374873
-0.442843
-0.40354
-0.442097
-0.363333
-0.386173
-0.407229
-0.401997
-0.323536
-0.353668
-0.342419
-0.359212
-0.395259
-0.376203
-0.400727
-0.413381
-0.337499
-0.347298
-0.392867
-0.394025
-0.457499
-0.449674
-0.476574
-0.477941
-0.540532
-0.475382
-0.431082
-0.465836
-0.486347
-0.500611
-0.573218
-0.508155
-0.405212
-0.520266
-0.545355
-0.461568
-0.42102
-0.353138
-0.395051
-0.461863
-0.429045
-0.427469
-0.429422
-0.436962
-0.410568
-0.388864
-0.418367
-0.465835
-0.467808
-0.444681
-0.427034
-0.35946
-0.369384
-0.360653
-0.378295
-0.324088
-0.334987
-0.336082
-0.323221
-0.340797
-0.330927
-0.305966
-0.340842
-0.335026
-0.395402
-0.343314
-0.426623
-0.446265
-0.476777
-0.473692
-0.381754
-0.455361
-0.441262
-0.472429
-0.388107
-0.444464
-0.458562
-0.342676
-0.396185
-0.345925
-0.334018
-0.320818
-0.394061
-0.386169
-0.410229
-0.427752
-0.421181
-0.342026
-0.311293
-0.398822
-0.379562
-0.401678
-0.388972
-0.379846
-0.397975
-0.389114
-0.452546
-0.423435
-0.444856
-0.395926
-0.409179
-0.451948
-0.488047
-0.43018
-0.457113
-0.446344
-0.428782
-0.354032
-0.385422
-0.414742
-0.472901
-0.483368
-0.518243
-0.423245
-0.408014
-0.364402
-0.41193
-0.422594
-0.397918
-0.383228
-0.328458
-0.338555
-0.391076
-0.386079
-0.405482
-0.398719
-0.418249
-0.42504
-0.502966
-0.434824
-0.469865
-0.433766
-0.386988
-0.396328
-0.445678
-0.446302
-0.385463
-0.353972
-0.386041
-0.42364
-0.455344
-0.470703
-0.398217
-0.415741
-0.429103
-0.453298
-0.406917
-0.433723
-0.403621
-0.444728
-0.421243
-0.400734
-0.428555
-0.465863
-0.419735
-0.376068
-0.371001
-0.41168
-0.386826
-0.382021
-0.405985
-0.36529
-0.417131
-0.436538
-0.412539
-0.445931
-0.426104
-0.464251
-0.473629
-0.411197
-0.420469
-0.465665
-0.505214
-0.546007
-0.542929
-0.443938
-0.439655
-0.449151
-0.441191
-0.415873
-0.454036
-0.387468
-0.299986
-0.386442
-0.39037
-0.33466
-0.321292
-0.402266
-0.367521
-0.363489
-0.379697
-0.384634
-0.399855
-0.376414
-0.50757
-0.473167
-0.489807
-0.392037
-0.40561
-0.477162
-0.470892
-0.408666
-0.434983
-0.409779
-0.488042
-0.503805
-0.41595
-0.460687
-0.423505
-0.436897
-0.502964
-0.434836
-0.522024
-0.49074
-0.443989
-0.375151
-0.39521
-0.422619
-0.401864
-0.393814
-0.434243
-0.416103
-0.358925
-0.391655
-0.442348
-0.402258
-0.419797
-0.404528
-0.44857
-0.415843
-0.414413
-0.453609
-0.466891
-0.401172
-0.334889
-0.372025
-0.33881
-0.37792
-0.433147
-0.491286
-0.496636
-0.473355
-0.506426
-0.571538
-0.550153
-0.494763
-0.530241
-0.523392
-0.513826
-0.478719
-0.405869
-0.371358
-0.398621
-0.397994
-0.477964
-0.468582
-0.487403
-0.47793
-0.50963
-0.4662
-0.517027
-0.496465
-0.461914
-0.492267
-0.512351
-0.467167
-0.500714
-0.457977
-0.464672
-0.370603
-0.395369
-0.401125
-0.430579
-0.498194
-0.410714
-0.408566
-0.459157
-0.435229
-0.390494
-0.452042
-0.526311
-0.428364
-0.534392
-0.553585
-0.545085
-0.513363
-0.4828
-0.537935
-0.611062
-0.584652
-0.583863
-0.59999
-0.54097
-0.516763
-0.46685
-0.453221
-0.444666
-0.475068
-0.418321
-0.503166
-0.482402
-0.433251
-0.457576
-0.433895
-0.495881
-0.488884
-0.405638
-0.426564
-0.363077
-0.423417
-0.465132
-0.495132
-0.4359
-0.441586
-0.41232
-0.428773
-0.426502
-0.421616
-0.393964
-0.459527
-0.426769
-0.434115
-0.429102
-0.424718
-0.420705
-0.39289
-0.397001
-0.345591
-0.43005
-0.344154
-0.333858
-0.372901
-0.377275
-0.365134
-0.337674
-0.352489
-0.342883
-0.350342
-0.411833
-0.419494
-0.423215
-0.405058
-0.369088
-0.364322
-0.39526
-0.427738
-0.420254
-0.363645
-0.400622
-0.419294
-0.459
-0.506443
-0.416385
-0.312433
-0.40426
-0.38619
-0.441618
-0.443834
-0.488342
-0.530774
-0.468532
-0.415686
-0.445199
-0.447363
-0.43539
-0.470763
-0.489083
-0.517219
-0.504678
-0.464443
-0.494441
-0.444262
-0.481617
-0.476938
-0.499057
-0.554898
-0.507121
-0.498431
-0.497919
-0.521766
-0.543709
-0.563853
-0.595903
-0.622528
-0.583595
-0.468504
-0.541487
-0.532445
-0.58761
-0.514129
-0.539571
-0.569694
-0.527673
-0.49894
-0.525695
-0.471046
-0.369404
-0.341933
-0.39654
-0.386276
-0.356471
-0.346388
-0.383672
-0.38626
-0.425227
-0.387264
-0.321264
-0.364324
-0.419624
-0.444988
-0.380266
-0.476063
-0.342047
-0.450577
-0.467417
-0.46443
-0.380504
-0.405351
-0.412301
-0.389737
-0.367314
-0.373798
-0.387559
-0.424763
-0.46028
-0.466101
-0.467623
-0.404392
-0.35524
-0.398097
-0.362903
-0.378303
-0.419565
-0.360861
-0.43666
-0.367747
-0.370486
-0.423674
-0.355998
-0.369839
-0.31599
-0.399296
-0.440327
-0.450776
-0.386012
-0.382556
-0.416392
-0.471623
-0.493448
-0.450978
-0.491316
-0.393237
-0.383546
-0.37427
-0.440851
-0.414471
-0.43997
-0.438721
-0.39782
-0.450503
-0.381365
-0.453793
-0.405527
-0.362432
-0.472836
-0.491628
-0.448233
-0.46469
-0.437343
-0.442699
-0.44786
-0.396865
-0.43047
-0.414351
-0.449637
-0.421234
-0.38677
-0.463031
-0.414181
-0.36753
-0.450978
-0.458837
-0.440841
-0.412419
-0.495884
-0.431692
-0.416984
-0.400266
-0.465045
-0.495694
-0.416875
-0.395704
-0.354615
-0.426691
-0.449753
-0.480822
-0.361891
-0.381111
-0.36318
-0.412217
-0.453341
-0.391243
-0.430311
-0.423058
-0.425812
-0.347056
-0.313879
-0.333919
-0.404274
-0.373532
-0.405776
-0.332248
-0.338069
-0.350773
-0.411894
-0.459994
-0.513739
-0.493465
-0.394425
-0.411798
-0.505313
-0.499367
-0.433322
-0.470923
-0.458945
-0.416456
-0.459641
-0.481295
-0.422696
-0.425513
-0.471907
-0.478371
-0.512162
-0.476795
-0.381649
-0.373406
-0.349642
-0.362634
-0.37291
-0.39927
-0.443462
-0.47314
-0.438118
-0.311763
-0.388404
-0.334942
-0.444329
-0.456402
-0.317886
-0.409612
-0.443089
-0.427483
-0.373055
-0.422317
-0.444575
-0.43384
-0.440771
-0.420081
-0.457198
-0.540294
-0.42507
-0.417202
-0.407884
-0.427669
-0.398858
-0.411723
-0.426902
-0.419532
-0.457102
-0.441738
-0.455401
-0.48301
-0.425067
-0.426417
-0.429788
-0.38581
-0.37241
-0.435557
-0.376357
-0.44689
-0.464177
-0.495885
-0.459287
-0.512848
-0.477087
-0.518245
-0.464729
-0.438495
