1.42311
2.46083
3.59296
4.06857
4.31643
5.07477
5.32416
5.51147
5.40452
5.34403
5.80836
6.0592
6.33976
6.22094
6.14179
6.48966
6.82382
6.72844
6.27401
6.38664
6.64726
6.77822
6.97224
6.82635
6.48752
6.89941
7.18605
7.25309
6.97748
7.41875
7.67995
7.77632
7.73877
7.50984
7.65518
8.10376
8.32824
8.08467
8.41029
8.99054
8.66551
8.60539
8.9151
8.61954
8.46115
8.23838
8.60546
8.40986
8.26384
8.13023
8.39254
7.89741
7.69721
7.72612
7.57297
7.54036
7.71434
7.35993
7.30741
7.4859
7.27964
7.45914
7.21597
6.96814
6.95645
7.12025
6.96482
7.73762
8.01475
7.9705
7.95178
8.07939
7.96095
8.09108
8.28501
8.34961
8.33401
8.15541
8.0552
7.39213
7.6889
7.34399
6.8453
7.45485
7.22091
7.45561
7.59126
7.67737
7.78495
7.19629
7.82332
8.34616
8.25717
7.8812
8.28341
7.83201
7.87347
7.7093
7.65246
7.88959
7.90224
8.17525
8.09614
8.11288
8.06914
7.79187
7.84933
7.73945
7.16764
7.44389
7.47492
7.68784
7.98384
8.35228
8.33036
8.18164
8.08417
8.04466
8.41436
8.79019
9.04303
8.41098
8.2888
7.99567
7.84654
7.37641
7.48811
7.97206
7.69458
7.98037
8.85809
8.87574
8.98411
8.85061
8.84904
8.52495
8.1161
8.58899
8.56815
7.95007
7.7766
7.60352
8.11722
7.18753
6.90583
6.979
7.19699
7.06941
6.69193
7.02695
7.04171
6.88849
7.04955
7.09282
7.42875
8.0694
7.95036
7.4502
7.53331
7.36743
7.34694
7.33438
7.35879
7.22926
7.61356
7.20204
7.2997
7.28089
7.41314
7.20179
7.176
7.24453
7.2235
7.54143
7.35212
7.69193
7.61015
7.44177
7.37047
6.97488
7.07337
7.06834
7.26547
7.29789
7.26388
7.26052
6.80759
6.74791
7.22243
7.50587
7.29829
7.74148
7.4244
7.85861
7.83007
7.80164
7.81247
7.76192
7.93437
7.92487
8.1327
8.21283
8.23112
8.20793
8.0969
8.67634
8.37306
7.59907
7.4889
8.0571
7.66459
7.41255
7.3022
7.08238
7.05425
7.51867
7.46252
7.38487
7.26429
7.23506
6.73971
7.22688
6.8477
7.14592
6.9319
6.75378
7.01922
7.1193
7.4687
7.29204
7.47701
7.98505
7.66597
7.5836
7.70638
7.70526
7.20633
7.24758
7.27193
7.00403
6.57207
7.05532
7.12021
6.86477
6.76575
7.07968
6.98675
7.36116
7.50169
7.89432
7.58744
7.36053
7.47006
7.65885
8.16094
8.31152
8.52702
8.56255
8.81644
8.62226
8.33896
7.90132
7.83902
8.41555
7.96073
8.35678
8.60908
8.15223
7.95462
8.00513
7.48564
7.69722
7.77736
7.48823
7.55489
7.38129
6.83959
6.91529
7.00737
7.03398
7.22422
7.40903
7.26416
7.40728
7.48924
7.37825
7.9073
7.62073
8.04787
8.22999
8.26764
7.85846
7.17285
7.32787
7.17217
7.64345
7.64389
7.50354
7.59251
7.93102
7.62415
7.38535
7.75227
7.47055
6.87902
7.28222
7.31351
7.7963
8.12137
7.77451
7.73242
7.5995
7.88667
7.70367
8.36344
8.08959
7.47758
7.2151
7.2089
7.52588
7.56705
7.83799
8.21922
7.70062
7.59682
7.58131
7.49828
7.37496
7.99065
8.28029
8.21016
7.64271
7.50251
7.56949
7.52219
7.71434
7.59336
7.75924
7.36148
7.58856
7.63543
7.70896
7.73589
7.38546
7.46624
7.10507
7.66761
7.30814
7.74479
7.93081
7.8483
7.70862
7.76276
8.0735
8.18911
8.15712
8.49941
8.08254
8.04621
7.81435
7.45897
7.45394
7.75193
8.32792
8.39645
8.54325
8.32975
8.09964
8.21671
8.3869
8.53672
8.38475
8.3443
8.19613
8.3332
8.6392
8.62122
8.37154
8.6598
8.70641
8.44786
8.20518
8.1874
8.41973
8.29865
8.58631
8.77406
8.84865
8.62176
8.31604
8.48645
8.55674
8.98484
9.4173
9.31782
8.88597
8.66027
8.3279
8.3488
8.42972
8.37523
8.3607
8.29838
8.46219
8.38879
8.57318
8.05746
8.26043
8.18305
8.01331
7.93734
7.57974
7.68858
7.8432
7.9374
8.11803
8.16217
7.89178
7.78516
8.08358
8.11312
7.89253
7.53737
7.26148
7.48469
7.42075
7.26963
7.23864
7.5212
7.27334
6.96068
7.1271
7.20011
6.91403
6.97388
6.81721
7.19806
7.29479
7.27452
7.25961
7.26847
7.55365
7.51688
7.49179
7.53322
7.7273
7.75183
7.4093
7.65023
7.46398
7.30801
7.74042
7.28306
7.20141
7.12894
7.16533
7.56249
7.14585
6.77591
6.79633
7.15412
7.12885
7.16505
7.22398
7.16231
7.17605
7.34763
7.39083
7.64274
7.17262
7.60812
7.69772
7.53476
7.22575
7.59819
7.26714
7.48279
7.51799
7.47398
7.12046
6.82839
6.98922
7.43356
7.53824
7.12561
6.61298
6.38858
6.88497
6.97204
7.11948
6.92924
7.55842
7.68444
7.92485
7.89572
7.65217
7.35211
7.46197
7.4339
7.37945
7.36294
7.65097
7.61306
7.92238
7.82942
7.57629
7.97371
8.15826
8.25141
8.31958
8.55502
8.09141
7.7766
7.39505
7.50636
7.07684
7.11056
6.78394
6.99927
6.95218
6.83178
7.1338
7.22907
7.30031
7.69598
8.19107
7.56662
7.43631
7.23314
7.25599
7.47548
7.51817
7.17823
6.86041
7.42892
7.27722
7.29109
7.13359
7.11457
7.2463
7.29081
7.49453
7.20527
7.48755
6.85173
7.13519
7.45049
7.57753
7.99748
7.99107
7.64613
7.38271
7.38992
7.68749
7.44081
7.48813
7.5159
7.84978
7.7427
7.89052
8.00497
7.91498
7.88587
7.63572
7.70826
7.49536
7.38584
7.09379
7.0617
7.06367
6.86952
6.98029
6.79908
6.94143
7.10849
7.19007
7.14955
6.91392
7.07508
6.94703
7.02745
7.03329
7.02003
6.92102
7.04809
6.6957
6.88857
7.22002
7.65943
8.01461
7.94893
8.19133
7.91439
7.60292
7.63018
7.51918
7.9271
7.84791
7.74865
7.85723
7.82213
7.74491
8.36389
8.36263
8.49918
8.51673
8.21536
8.53634
8.45587
8.50889
8.48778
8.69024
9.23857
8.75808
8.77436
8.67056
8.67826
8.15714
8.42733
8.55823
8.2178
7.96083
7.99371
7.7484
7.72331
7.87567
7.73908
8.2383
7.7554
7.66072
7.77552
7.48756
7.53022
7.18165
7.4206
7.68768
7.63246
7.69221
7.65033
7.6569
7.61889
7.38332
7.79744
7.89833
8.1713
8.21403
8.2997
7.62172
7.78303
8.22307
8.21892
8.30621
8.2247
8.26957
8.36934
8.12452
8.12137
8.80818
8.74631
8.52715
8.6039
8.28041
7.85707
7.76475
7.86673
7.73011
7.84386
7.83381
7.73117
7.79525
7.70684
7.79299
7.89968
8.06733
8.11618
7.81754
7.9552
8.06245
7.72719
7.81153
7.61792
7.83968
7.87256
8.34128
8.62888
8.34697
8.22513
8.00046
7.23221
7.45676
7.73106
7.88488
7.99863
8.25751
8.22621
7.98431
7.27026
7.91388
7.39924
7.56475
7.69503
7.59009
7.47881
7.18883
7.08227
7.05272
7.30624
7.39341
7.2702
7.70446
7.67121
7.34984
7.25107
7.8578
7.9162
7.62798
7.81387
7.88711
7.78371
7.5974
7.55396
7.78271
7.96966
7.91784
8.08331
7.99919
7.64855
7.61973
7.64788
7.15291
7.63652
7.54785
7.37555
7.33608
7.27696
7.20744
7.25287
7.19407
7.71439
7.88363
7.90775
8.01849
7.90698
7.64303
7.52536
7.43123
7.34865
7.50717
7.4969
7.37069
7.18257
7.38704
7.29293
7.62856
7.73816
8.22004
7.84218
8.07305
7.9486
8.16302
7.52312
7.55488
6.82848
6.92774
6.64115
6.95214
6.63065
7.00179
6.99485
7.19693
7.27701
7.51133
8.23656
7.69934
7.44293
7.47176
7.45564
7.87846
7.4282
7.17799
6.94664
7.18487
7.27339
7.61235
7.53031
7.39704
7.7654
7.94304
8.06225
7.63524
7.45776
7.57383
7.26899
7.05196
7.48134
8.0119
7.97539
7.56993
8.12244
7.55352
7.46702
7.64554
7.63533
7.87196
7.61731
7.27204
7.45892
7.44729
7.77034
7.98085
7.55469
7.33572
7.38385
7.06888
7.29077
7.60362
7.54156
7.53964
7.59362
7.49605
7.67905
7.38843
7.56864
8.0155
7.4019
7.46925
7.43834
7.12946
7.28161
7.07596
7.47829
7.44768
7.80589
7.89291
7.96734
8.43823
8.6137
8.2989
8.37807
7.77546
7.63949
7.24341
7.46432
7.17571
7.28381
7.48736
7.48584
7.57956
7.24981
7.20483
7.18754
7.19034
7.22212
6.94004
7.07119
7.21766
7.1852
7.01662
7.0911
7.50488
7.24162
7.4804
7.38363
7.25281
7.2437
7.33634
7.55853
7.16613
6.74852
6.55206
6.88369
6.98399
7.2497
7.25467
7.40168
7.75373
8.25821
7.99908
7.24284
7.30968
7.23046
7.5842
7.9266
7.92878
8.13383
8.38779
8.17002
7.42692
8.5041
8.4101
8.26778
7.80991
7.61295
7.50675
7.79636
7.89128
7.69524
7.96055
7.89793
7.85892
7.50181
7.41101
7.2419
7.05239
7.56864
7.04295
7.16878
7.26652
7.40708
7.14337
7.53208
7.78413
8.04467
7.81436
7.96412
7.89738
7.75742
7.53312
7.50633
7.40224
7.75852
7.42227
7.31022
7.68594
7.85821
7.88505
7.91758
8.22378
8.03319
8.35031
8.09492
7.74489
7.47473
7.36396
7.27426
7.58467
7.94107
8.01738
7.97681
7.9268
7.7296
8.14229
8.04718
8.51345
7.76843
7.50691
7.35383
7.20522
7.89031
8.04149
8.05661
8.02457
8.2703
8.28472
8.31336
7.98819
8.04394
8.08455
7.74293
7.45531
7.4005
7.30681
7.15901
6.82839
7.06979
7.46371
7.17842
7.99205
8.24509
7.83933
8.14265
7.89632
7.99816
7.70758
7.8251
8.14671
8.14156
7.65165
7.8253
7.8217
7.40599
7.42911
7.40545
7.72947
7.51022
7.33204
7.07383
7.83206
7.96992
8.06252
7.69515
8.03642
7.75115
7.83048
7.86009
7.83565
7.75554
7.80539
7.75029
8.00718
7.95734
7.82566
8.04087
7.72142
7.57329
7.62863
7.84887
7.64566
7.77314
7.8472
8.20808
7.89271
7.92182
7.58161
7.17502
7.04774
7.38019
7.2818
7.57736
7.8341
7.30384
7.51724
7.07836
7.1055
7.34092
7.65294
7.29721
7.76269
8.26123
8.08842
7.86454
7.62292
7.99906
8.04185
7.8102
7.93648
7.64445
7.3729
7.46301
7.2027
7.25882
7.02815
6.9775
7.17349
7.0179
7.15491
7.28853
7.13209
7.19155
6.62083
6.55686
6.60327
6.29688
6.65088
6.1932
6.09917
6.50659
6.74668
6.81796
7.20998
7.37376
7.32249
7.56368
6.97421
6.88302
6.82181
7.33495
6.57355
6.80091
7.12871
7.12637
7.39481
6.97535
7.15445
6.95221
7.48448
7.23794
7.4049
7.33683
7.56623
7.4321
7.41653
7.2796
7.30847
7.56473
7.61429
7.55412
7.14451
7.18113
7.67201
7.83134
7.9364
7.93623
7.67171
7.75857
7.47733
7.98009
8.02573
7.86374
7.9918
8.26641
8.39909
8.80078
8.64836
8.71915
8.09354
8.24676
8.3212
8.51993
8.22555
8.24183
7.92958
8.13146
8.20702
7.87372
7.24692
7.26174
7.56235
7.4143
7.15018
7.62564
7.69381
7.3089
7.40398
7.99456
7.73706
8.36365
8.44808
8.54099
8.44028
7.82301
7.37829
7.4
7.26433
7.17886
7.40717
7.79013
8.0169
8.09253
8.13491
8.6217
8.51202
8.46302
8.31362
8.45179
8.03492
7.62064
7.93597
7.80839
7.85157
7.05068
7.54468
7.34404
7.48485
7.53601
7.32799
7.59051
7.32257
7.39873
6.8862
7.52877
7.75929
7.71773
7.87801
7.66273
7.76409
7.85919
7.94397
7.72707
7.82798
7.78611
8.25879
8.12675
8.44139
8.10593
7.87199
7.93563
7.83784
7.60974
7.84911
7.71029
7.75339
8.08009
7.98175
7.96798
7.79489
7.99239
8.1976
7.94446
7.83136
7.71744
7.7037
7.69261
7.5456
7.78186
7.58189
7.67539
7.5753
7.69962
7.42353
7.31102
7.44254
7.71836
8.63462
8.67391
8.85004
8.76366
8.67587
8.51175
8.7683
8.93457
8.72257
8.54316
8.33236
8.66986
8.62205
8.37502
8.41818
8.12128
7.89855
8.03276
7.5666
7.6516
7.5763
7.37851
7.33946
6.70387
7.08816
7.18862
7.61496
8.11968
7.80678
7.77794
7.96563
7.52614
7.75941
7.50451
7.70148
7.57278
7.73921
7.79416
8.14872
7.94496
7.9369
8.48103
8.26492
8.27521
8.44607
8.60668
8.60012
8.26799
7.96343
8.70803
8.61714
8.67734
8.71028
8.07791
8.15043
7.93876
8.22284
8.12719
8.16296
8.08361
7.98759
8.52925
8.71232
8.58913
8.20996
7.88972
8.59535
7.9553
8.22921
8.3453
8.00575
8.3446
8.69338
8.25465
8.22256
8.39245
7.83875
7.44741
7.86068
8.17279
8.85617
8.5557
8.83938
8.64619
8.13255
8.16697
8.18973
8.38155
8.13439
8.56341
8.37271
8.36407
8.4483
8.40788
8.65969
8.97454
8.46837
8.08042
8.30688
8.35184
8.29618
7.31356
7.12907
7.54678
7.79488
8.0051
7.57157
7.42685
7.38834
7.48237
7.79976
7.94879
7.89645
8.08962
8.06993
7.86341
7.68675
7.59015
7.85243
8.19625
7.77547
7.80835
7.45641
7.49286
7.69341
7.95869
7.95576
7.63951
7.57685
7.52618
7.93963
7.60535
7.97013
8.11346
7.87249
7.4998
7.67792
7.4226
6.9121
7.02305
6.99456
6.85977
7.01188
7.33874
7.34029
7.47097
7.33274
7.50994
7.35614
6.99847
7.07492
6.8502
7.10317
7.28242
7.29692
7.15748
6.73763
7.21784
7.38002
8.23516
8.0988
8.07325
7.99782
7.87557
7.52885
7.93114
7.78902
7.79102
7.91889
7.74108
7.43376
7.44927
7.3487
7.88079
7.88201
7.66096
7.57223
7.46531
7.47343
7.54485
7.351
7.15617
7.53496
7.71255
7.34229
7.25947
7.32034
7.43801
7.68546
7.80979
8.01461
8.33875
8.19301
8.59907
8.86401
8.5382
8.04259
7.79141
8.22461
8.07258
7.92949
7.68255
7.85969
7.85748
8.73254
8.57502
8.36542
8.65146
8.44816
8.41297
7.97029
7.78905
7.47438
7.72587
7.82153
8.10981
7.89005
8.22305
8.03576
8.20241
8.10587
7.99072
8.0712
7.61944
7.52126
7.57765
7.74534
8.02554
8.1413
7.32878
7.63123
7.45791
7.4367
7.27437
7.40472
7.28809
7.15859
7.80912
7.56956
7.44982
7.74581
7.61154
7.52552
7.49898
7.69124
7.54655
7.57012
7.41719
7.30097
7.62852
7.64979
7.78441
7.3267
7.7052
7.84192
7.76843
7.49927
7.56659
7.75105
7.62853
7.55839
7.67402
7.95281
7.61307
7.8824
8.18155
8.37196
9.14172
8.35681
8.12579
7.97262
7.82526
7.08857
7.38199
7.61529
8.05412
7.81378
8.0318
8.08045
7.86679
7.85773
7.87807
8.12709
8.30423
8.60262
8.65928
8.85958
8.80287
8.23375
8.31622
8.76907
8.70981
8.66903
8.64791
8.11873
7.66391
8.25083
7.77349
7.85782
7.78558
7.57989
7.42312
7.33795
7.27521
7.24804
7.54329
7.33599
7.16945
7.31357
7.17763
7.2864
7.65591
7.70726
7.8646
8.13294
7.93503
7.67921
7.52734
7.55645
7.35145
7.59137
7.30821
7.53348
7.84805
7.9976
8.05361
8.37333
7.87445
8.44977
8.06808
7.50139
7.42609
7.7637
7.71292
8.15821
8.30562
7.91439
8.23652
8.36702
8.1928
7.94611
8.00234
7.49968
7.45113
7.6865
7.94889
7.92719
7.89641
7.82791
7.89543
8.17458
8.1999
8.21133
8.38924
8.49837
8.48254
7.94763
7.31976
6.73239
7.19099
7.07871
7.02897
7.01105
7.13866
7.37112
7.2431
7.50471
7.14655
7.24599
6.99045
7.16577
7.16704
7.50548
7.47084
7.39864
7.45891
7.53778
7.94628
7.52203
7.41307
7.54145
7.43816
7.72425
7.82704
7.743
7.75756
7.99091
8.04522
8.27012
8.09451
7.91971
7.80944
7.76999
7.29167
7.39802
7.76009
7.96733
8.46663
8.31562
8.0434
7.79215
8.06206
7.8203
7.79485
7.55242
7.57626
7.39716
7.43406
7.43613
7.36867
7.03633
7.24355
7.08587
7.02668
7.15414
7.46638
7.02282
6.97718
7.07905
6.77338
6.89023
7.22451
7.27972
7.43346
7.39675
7.69448
7.74022
7.58129
7.38184
7.46529
7.51414
7.89259
8.14458
8.38908
7.8173
7.63744
8.0934
9.16911
9.09127
8.74028
8.5174
8.33042
8.32578
8.3137
9.23712
8.44226
8.60875
8.49682
8.73195
8.32285
8.45982
8.32032
8.1045
8.17811
8.14724
7.76211
7.69116
8.03908
8.10139
7.86418
7.89321
7.75607
8.2069
7.80812
7.87965
7.73007
7.49684
7.06712
7.48776
7.15567
7.24209
7.26639
7.19683
7.09741
7.16806
7.31777
7.70614
8.06488
7.87796
7.86611
7.55672
7.67131
7.37855
7.67998
7.58478
7.78256
8.00771
7.87324
7.57993
7.73167
7.8074
8.3092
8.44793
8.24762
7.83151
7.84478
7.7133
8.40853
8.4053
8.62332
8.09611
8.31518
8.17319
8.52219
8.47914
8.37921
8.37968
8.41198
8.7919
8.18164
7.92752
8.03084
7.96083
7.79416
7.43862
7.4742
7.34856
7.6718
7.93091
8.17468
7.7426
7.89784
7.6284
6.98312
7.04963
6.76211
7.27961
6.95014
6.74334
6.86622
6.79005
6.69838
7.38977
7.89616
7.61661
7.53311
7.58588
7.71908
7.21985
7.37233
7.55406
7.5511
7.82455
7.8654
8.08718
8.32727
7.89608
8.2485
8.6972
7.78474
8.0171
7.61104
7.19614
7.60903
7.7714
7.78219
7.74144
7.18386
7.30276
7.71264
7.20642
7.43608
7.11954
7.3922
7.32331
7.75292
7.49865
7.37604
7.2514
7.81805
8.10648
8.43246
8.51427
8.86095
8.47102
8.59484
8.17443
8.19834
8.55103
8.74691
8.61818
8.48487
8.4713
7.92473
7.43608
7.63602
8.01687
7.91449
7.5474
7.33923
7.52637
6.90604
6.88155
7.4117
7.22584
7.42133
7.76411
7.5926
7.08239
7.18202
7.08682
7.08973
7.17184
7.57881
7.6138
7.45386
7.60452
7.65435
8.19369
7.97241
8.20182
7.98393
8.28853
8.07941
7.72355
7.93919
7.29314
7.54512
7.97703
7.86227
7.36621
7.94809
7.99038
8.1093
8.28755
7.8954
8.244
8.04092
8.24939
8.09916
7.7254
7.64792
8.01506
7.63142
7.46215
7.04697
7.08371
7.15764
7.38246
7.56757
7.8752
7.78877
7.76278
7.98043
7.76023
7.80615
7.82142
7.74052
8.41516
8.72906
8.56253
8.77229
8.24223
7.85971
7.99763
8.0414
7.3005
7.26632
7.19497
7.71914
7.39783
7.44577
7.66527
7.76793
7.35139
7.17649
6.90789
6.92272
6.9889
7.123
7.40497
6.97913
7.11807
7.26465
7.62337
7.66599
7.75137
7.05182
7.40749
7.47195
8.30084
8.00062
7.78354
8.25247
8.76565
8.41535
8.15962
8.2887
8.43388
8.05016
8.06177
7.74313
8.03241
7.84656
7.88324
7.95462
8.09704
7.65083
7.59137
8.17271
7.63131
7.74117
7.79583
7.7073
7.36293
7.67748
7.81452
8.04744
8.32387
8.32572
8.35349
8.29582
8.08715
8.39321
8.38019
8.37753
8.75252
8.77215
8.0802
8.12037
7.75404
7.89708
7.5008
7.76612
7.41859
6.95209
6.93765
7.02598
7.26395
7.65244
7.44033
7.4085
7.50428
7.48144
7.33844
7.79961
8.06615
8.07173
8.08732
8.72572
8.34221
8.29251
7.93507
7.98996
8.06699
7.87428
7.964
7.80336
7.72205
7.83202
7.76258
7.51649
7.11442
7.61316
7.27087
7.53746
7.65754
7.46545
7.19771
7.32201
7.74542
7.45754
7.7358
7.75948
7.84989
7.97014
8.06661
7.77063
8.06777
8.35419
8.05016
7.68418
7.63797
7.55847
7.83051
8.28522
8.12395
8.02224
7.98365
7.9753
8.30836
7.95879
7.89349
7.80483
8.13816
8.17196
7.94191
7.90622
7.58571
7.82413
8.17506
8.69449
8.75817
8.76054
8.50559
8.08793
8.15558
8.13141
7.85668
7.8452
8.14199
8.44219
8.29632
7.94059
7.94128
8.02567
7.90029
7.55382
7.59816
7.6821
7.55334
7.68004
7.53301
7.24518
7.60663
7.45366
6.9778
6.90047
7.1068
7.1249
7.20423
7.36334
7.55668
7.59056
7.41978
7.39423
7.48871
7.78942
8.24591
8.18488
8.52988
8.31814
8.4816
8.293
7.83347
7.94583
7.97364
7.26671
7.19183
7.32368
7.56336
7.59051
7.54792
7.3864
8.12337
8.3016
8.67118
8.69628
8.11477
7.87517
7.23451
7.83551
7.64091
7.37289
7.08491
7.19308
7.39719
6.63064
6.99542
7.50422
7.17611
7.0958
7.60763
7.91347
7.25864
7.67164
8.16038
7.8306
7.29416
7.17345
7.80754
7.93239
8.18624
7.64718
7.40025
7.70948
8.22094
8.30809
8.09676
7.62387
7.50628
7.6182
7.25975
7.28224
7.71555
7.80865
7.53962
7.36539
7.99756
7.8721
7.68361
7.74639
7.91188
8.05453
7.53252
7.6333
7.29218
7.25862
7.91312
8.4693
8.13022
7.91404
7.95712
7.99315
7.9784
8.59594
8.52567
8.63692
8.3558
8.62934
8.54272
8.22732
8.45039
8.33753
7.90424
7.88131
7.56048
7.5269
7.43467
7.31431
7.42663
7.44716
7.39126
7.51098
7.31476
7.54477
7.39122
7.67497
7.53675
7.82388
6.92416
7.25509
7.16166
7.36655
7.56204
7.4397
7.51361
7.60276
8.18021
8.10291
7.74108
7.84645
7.60812
7.87187
8.07493
7.74281
6.98771
7.01309
6.82339
6.82334
7.14935
7.06444
7.29531
7.74865
7.7926
8.08733
7.28597
7.47155
8.02299
8.20135
8.22841
7.97998
8.0189
8.01617
7.90502
7.56745
7.18836
7.62762
7.78138
8.02016
7.72917
7.83441
7.89237
8.02455
7.72939
7.74129
7.4567
7.49212
7.85556
7.92695
7.97088
8.18968
8.57556
7.9008
7.55518
7.65278
7.0413
6.86984
7.01383
6.90877
6.82489
6.76187
6.85008
7.18678
7.06719
7.0561
7.02105
7.06908
7.2805
7.42024
7.58831
7.69963
7.45381
7.31372
7.60131
7.66833
7.78443
7.89317
7.9953
7.95893
7.87109
7.92325
8.59171
7.81008
7.72553
7.70541
7.86425
7.91605
8.18925
8.18281
8.73491
8.65944
8.96523
8.86199
8.88063
8.67913
8.56842
8.59299
8.70397
8.1507
7.69858
8.11569
7.89677
7.52872
7.58181
7.38892
7.75818
7.63768
7.31436
7.65498
8.02294
8.51482
8.80446
8.03542
8.02296
7.90603
7.9478
8.1877
8.35131
8.78934
8.58023
8.39196
8.49299
8.66192
9.00143
8.97785
8.74273
8.58094
8.33336
8.51866
7.87682
7.1696
7.3527
7.89461
7.86496
7.42595
7.70716
7.60815
7.422
7.50673
7.01185
6.67914
6.78475
7.59303
7.60113
7.44374
7.40323
8.44689
8.16645
7.91423
7.62788
8.03809
8.10092
8.26843
8.23162
7.85936
7.80704
7.57882
7.74434
7.38994
7.39997
7.61551
7.6883
7.84329
7.74401
7.88869
7.57933
7.69039
7.79414
8.03294
8.226
7.69249
7.9631
7.71739
8.08317
7.63367
6.92735
6.80578
7.10008
7.39994
7.41943
7.39294
7.1877
7.49637
7.65681
7.8863
7.50571
7.53473
7.58851
8.00591
8.15209
7.60127
7.35956
7.23558
7.19713
7.58744
7.45892
7.73694
7.44491
7.13602
6.94377
6.77241
7.16883
7.0258
7.00019
7.22502
7.10081
7.07214
7.05254
6.97824
7.05063
7.04443
7.14054
7.43743
7.46147
7.78645
7.8306
7.54396
7.72586
7.70115
7.61381
7.64813
7.69159
7.65501
7.8683
7.88254
7.72533
7.83638
7.87233
7.85395
7.93298
8.15675
8.51277
8.75243
8.46785
8.20677
8.47663
8.32018
7.97286
8.50539
7.9145
7.8355
8.17818
8.45719
8.08093
7.40822
7.09543
6.75552
6.65487
6.65238
6.82367
6.97979
7.02853
7.07882
7.19633
7.55465
7.37422
7.58871
7.25421
7.10839
7.61821
7.58489
7.33727
7.54916
7.59826
7.79831
7.6427
7.11969
7.21797
7.23188
7.81958
7.44818
7.75575
7.80129
7.75309
7.67192
7.48487
7.89801
7.8307
7.80266
7.61162
7.44149
7.44714
7.87512
7.85324
7.93241
8.377
8.71034
8.14716
8.50083
8.4141
8.21892
7.92812
7.78901
8.00229
7.75234
7.94012
7.28843
7.66882
7.6115
7.81935
7.91614
8.20568
8.51083
8.60482
8.38246
8.26035
8.5471
8.56662
8.32209
7.88087
7.85807
7.92486
8.12415
8.1056
8.05377
7.62649
7.77462
7.52918
7.81991
7.82005
7.3804
7.53589
7.57442
7.64625
7.9397
7.46278
7.89423
7.79158
7.87508
8.10975
7.77926
7.82862
7.55353
8.065
7.86547
7.79722
7.85459
7.49256
6.86761
6.90764
7.07501
7.64157
7.44493
7.37515
7.86561
7.83266
7.86513
7.70739
8.32478
8.25488
8.03719
8.04151
7.7301
8.22554
8.07484
8.07642
7.86788
7.85504
8.05708
7.7954
7.67055
7.29299
7.59967
7.81894
7.58169
7.84066
8.02421
7.88945
7.64722
7.78055
7.7401
7.32925
7.95774
7.98046
7.84546
7.74006
7.87703
8.21485
8.66013
8.52977
8.30211
8.10594
7.9226
8.00607
7.50936
7.22549
7.29421
6.9917
7.55933
7.37549
7.78517
7.82065
8.06646
7.44682
7.43887
7.35271
7.23279
7.72144
7.20599
7.86387
8.06606
7.45308
7.68395
7.7135
7.39863
7.54257
7.67423
7.76413
7.59344
7.62958
7.89597
8.24468
8.12634
8.4105
8.30386
8.02289
7.65246
7.94382
7.71452
7.67001
7.69275
7.91505
8.01565
7.97313
7.63024
7.44468
7.79222
7.51836
7.73385
7.66052
7.98427
8.3196
8.26049
8.26917
8.26811
8.30763
8.08492
7.93876
7.66161
7.90132
7.97851
8.09807
8.56317
7.82559
8.00318
7.97032
7.48276
7.87079
7.86723
8.01567
7.96131
8.08677
7.48295
7.46179
7.37704
7.48772
7.24137
7.56814
7.82669
7.14222
6.97278
7.55024
7.59833
7.66547
7.68053
7.73991
8.12465
8.11245
7.99059
8.03207
7.97768
7.90188
7.5778
7.75768
7.89713
8.0219
8.15296
8.11453
8.19457
8.73009
8.33106
8.48999
8.40387
8.07706
8.46115
8.09863
7.93637
7.99757
8.43586
8.58345
8.73899
8.35092
8.09846
8.17929
7.7658
7.83786
7.75016
7.20283
7.02579
7.32101
7.21249
7.77036
7.69476
7.42703
7.2784
7.39931
7.14434
7.37575
7.29129
7.46671
7.66098
7.43341
7.56273
7.36774
7.35816
6.97169
7.28491
7.50649
7.58863
7.62116
8.18323
7.89916
8.43991
8.01897
7.96169
7.71822
7.88195
8.1479
8.15279
8.26354
7.89037
8.62666
8.49832
8.16418
8.01084
7.80106
7.74137
7.32754
7.4226
7.29151
7.78249
7.93518
7.85662
7.63752
7.61297
8.04712
7.84436
7.93057
7.88203
7.77123
8.27871
8.18119
8.16351
8.08664
7.8508
8.1793
8.15311
8.40983
8.02756
7.53278
7.78347
7.64274
7.75964
8.08753
8.31108
8.18693
8.16752
8.42696
8.19307
8.27531
7.82492
8.41168
8.27313
7.70118
7.72041
7.69425
7.96974
7.77508
8.10578
8.48188
8.25164
8.10774
7.93832
7.72983
7.75057
7.34158
7.62304
7.70651
7.81487
7.9533
7.85867
8.028
7.81679
7.20194
6.99268
7.157
7.53303
7.45737
7.84894
7.76796
8.09192
8.07524
7.6279
7.13932
7.23735
7.08583
7.17358
6.74215
6.74493
7.07259
7.23113
7.06717
7.39576
7.94816
7.91274
7.29521
7.55891
7.5512
7.43073
8.06094
7.99278
7.99868
8.14595
8.12918
7.56972
6.82439
6.99928
7.10029
7.3873
7.99277
8.29115
8.20716
8.41201
8.53592
8.21436
8.13047
7.82538
8.00423
7.70223
7.8179
7.26008
7.53884
7.7279
8.06615
7.67162
6.86867
6.80548
7.03318
7.22661
7.31574
7.3309
7.41926
7.50424
7.88388
7.42502
8.07201
7.70739
7.09724
7.32998
7.63668
7.219
7.01346
7.35243
7.58884
7.90522
8.01213
7.71415
7.5515
7.90777
7.67001
8.14181
8.33435
8.09843
7.94456
7.7269
7.89097
7.87467
7.83764
7.75549
7.64444
7.52279
8.04681
7.65761
7.56727
7.70182
8.62758
8.30943
8.37498
8.15353
8.07
7.84346
7.39293
7.38749
7.48092
7.51356
7.62645
7.85935
7.7492
8.15346
7.90328
7.66481
7.78014
7.92164
8.10436
7.9677
7.78233
7.68272
7.59426
7.76741
8.016
7.37662
7.32506
7.58162
7.67042
7.48798
7.50095
7.82487
7.70253
7.98985
7.76814
7.81208
7.80923
8.05201
7.71463
7.58495
8.01578
7.77443
7.71702
7.60688
7.60513
7.55955
7.83008
7.84577
7.7138
8.04166
7.74282
7.58599
7.36454
7.37816
7.64737
7.7785
7.7391
8.00265
7.93678
8.11563
8.23805
7.88133
7.70941
8.30656
8.1311
8.1774
8.32609
8.34486
8.39206
8.03145
8.16371
8.23734
8.14171
7.76776
7.7892
8.07774
8.3404
7.92987
8.23292
8.20482
7.8261
7.85493
7.82092
7.93571
7.83183
7.32786
7.33496
7.4315
7.00055
7.12954
6.88017
6.85011
6.91617
7.40576
7.48219
7.49725
7.52361
7.81344
7.86949
7.76582
7.72006
7.45344
7.79914
8.44165
8.43251
8.32342
8.27167
8.32607
8.23254
8.55922
7.97921
7.80482
7.66228
7.92391
8.28553
8.17374
8.37757
8.61116
8.21109
7.76597
7.58268
7.93969
7.57853
7.87261
7.65949
7.94382
8.15954
8.36637
8.41585
8.65226
8.81008
8.51052
8.39174
8.05431
8.50583
8.3656
8.84774
8.65853
8.62766
8.28934
8.30791
8.24283
8.65727
8.36228
8.5621
8.47998
7.91988
7.76759
7.81374
7.63248
8.25685
7.8334
8.16192
8.09485
7.52389
7.88319
7.75938
7.65679
7.769
7.70818
7.58654
7.69284
7.59453
7.29368
7.03974
7.21267
7.19595
7.29428
7.40025
6.93839
6.94262
6.97103
6.91893
6.92794
6.93245
7.37191
7.37036
7.04635
7.46337
7.59677
8.10171
8.50376
8.32577
7.49328
7.62563
7.56506
7.87439
7.64038
7.83578
7.92641
8.17413
7.97081
7.91859
8.0003
7.12573
7.22771
7.20737
7.02568
6.97193
6.52357
7.22438
6.88246
6.988
6.94443
6.61074
7.06527
7.05417
7.20526
7.45866
7.23546
7.12877
6.99659
7.29844
7.47225
7.96855
8.14136
7.7138
7.60388
7.468
7.90837
8.21455
8.09441
7.75935
7.49564
7.3515
7.62378
7.75021
8.03568
8.37495
8.13006
8.12089
7.97986
7.8332
7.79561
7.43271
7.14319
7.25806
7.26653
7.22113
7.43729
7.53686
7.65932
7.86485
8.19058
8.27407
7.73326
7.58673
7.6204
8.21425
8.21855
8.17436
7.94136
7.71881
7.51351
7.93521
7.91253
8.18097
7.84616
8.02232
8.13381
8.21226
8.05343
7.64453
7.5013
7.54724
7.66256
7.7295
8.20454
7.96239
7.79734
7.80927
7.90717
8.24123
8.50004
8.26479
8.04562
8.04015
7.53503
7.88553
8.03352
7.99319
7.76757
7.64008
7.31502
7.36794
7.45018
7.16976
7.51012
7.74944
7.80172
7.86468
8.31245
8.01411
7.80132
7.66904
7.77816
7.98441
8.28647
8.10747
8.02069
7.76763
6.93386
6.61316
7.19434
7.22291
7.6115
7.35928
7.53128
7.5624
7.55424
7.41847
7.51851
7.17367
7.4958
7.0469
6.91578
6.97915
7.32623
7.51145
7.97243
7.53446
7.49045
8.10331
8.01048
7.9822
8.36302
8.43706
8.47151
8.06522
8.32477
8.17236
7.81528
7.75159
7.98757
8.30286
8.29453
8.01613
7.9973
7.94583
7.95896
8.38547
8.6577
9.0365
8.66138
8.58486
8.19295
8.31635
7.99092
7.63307
7.88937
8.11006
7.86857
8.09656
8.29386
9.01819
8.43718
7.90531
7.53791
7.57568
7.81396
7.71155
7.81962
7.59047
7.3636
7.78012
7.92441
7.80013
8.20185
8.0995
8.29175
7.88574
8.19259
8.20243
7.97075
8.35851
8.39505
8.34245
7.99338
7.77877
7.64147
7.8665
8.32183
8.53209
8.31485
8.33404
8.2234
8.41548
7.86
7.82351
8.23642
7.87244
7.43351
7.55662
7.9927
8.19277
8.12927
8.77977
8.61483
8.14279
8.33639
8.40174
8.58543
8.52858
8.42646
8.80373
8.5776
8.31486
7.96002
7.58969
7.95417
7.58304
7.63974
8.01276
8.12051
8.1534
7.5273
7.49673
7.60266
7.72324
7.90358
7.63759
7.83583
7.70299
7.52385
7.92265
7.70688
7.4033
6.94552
6.75658
6.41269
6.85632
7.01241
6.99367
7.51426
7.21736
7.25062
7.58871
7.93425
8.06389
8.02848
8.45494
8.08661
8.09125
7.67334
7.88054
7.77179
7.62935
7.19376
7.30776
7.57407
7.32173
6.97292
7.38473
7.73753
7.93238
8.39026
8.33782
8.36427
8.27255
8.09578
7.55937
7.84696
8.12474
8.17875
7.89643
7.51771
7.27461
7.63967
7.19791
7.14699
7.67184
7.97669
7.65527
7.63495
7.66206
7.7704
8.05147
8.47797
8.58842
8.18459
7.83879
7.89963
8.21732
8.21996
7.82243
7.98373
7.81988
7.67248
7.56571
7.83232
7.78508
7.90975
7.97873
8.32426
7.88408
7.64698
7.3051
7.88394
8.38915
8.16624
8.25494
7.76234
8.02493
7.9259
8.05696
8.28622
8.23199
8.17779
8.17407
8.10668
7.93957
7.96217
7.8937
7.69201
7.99517
8.08277
8.45812
8.69153
8.44817
8.16488
8.39408
8.36368
8.42792
8.24518
8.60912
8.30217
8.45564
8.25129
8.39374
8.05616
8.0002
7.6586
7.57788
7.40166
7.25996
7.20031
6.77916
6.58666
6.72223
7.05143
7.20309
7.33006
7.52727
7.57916
7.9619
7.5899
7.79613
8.00305
8.06163
7.69996
7.90858
7.84986
7.6126
7.70832
7.50489
8.15244
8.38909
8.3244
8.87542
8.63911
8.79043
9.04449
8.97745
8.39503
8.25759
8.24954
8.37036
8.05612
7.99689
7.95243
8.0367
8.35047
8.39537
8.04012
7.58617
7.67528
7.40671
7.45167
7.54492
7.8087
7.61542
7.68391
8.15938
7.97277
7.88597
7.80343
7.6143
8.42273
8.23722
8.40091
8.04699
7.79784
7.77523
7.80285
7.69093
7.81964
7.97602
7.68219
8.29414
8.42402
7.80845
7.87545
8.00719
8.25131
8.04209
7.68804
7.50772
7.79605
7.54519
7.19295
7.03179
6.81376
6.7765
6.83146
6.74427
6.45653
6.48621
6.49851
6.84334
7.12574
7.44568
7.07997
7.39213
7.27384
7.525
7.68872
7.58823
7.85976
8.00704
7.60497
7.63065
7.45444
7.66894
7.46955
7.59318
7.84148
8.1173
7.91559
7.9296
8.24269
7.88735
7.8313
7.91997
8.09808
8.00213
7.95517
7.88603
7.74714
7.88269
8.16929
7.7002
7.74131
8.02165
7.73929
7.80884
7.85761
8.13411
8.19447
7.88989
8.05024
7.66517
7.79962
7.70837
7.68141
7.69037
8.01514
8.11536
8.00489
8.13687
8.15981
8.07251
8.19046
8.18787
8.09278
8.09606
7.77809
7.50333
7.60827
7.39099
7.36256
7.43092
7.5073
8.02933
8.31835
8.47698
8.40814
8.18945
8.19114
8.88672
8.26972
8.37581
7.6325
7.6258
7.63375
7.65977
7.5081
7.79374
7.77165
7.5967
7.79067
8.02558
7.68555
7.67491
7.94256
7.68663
7.65501
7.57493
7.38486
7.39716
7.77776
7.54556
7.24389
7.08516
7.14991
7.15596
7.91929
7.6194
7.64474
7.5881
7.30825
7.09292
7.00091
7.21206
7.39884
7.76951
8.20412
8.18542
8.03208
7.88718
8.12708
7.68142
7.74728
7.32119
7.28212
7.56276
7.44283
7.03059
7.09364
6.93334
7.32548
7.86988
7.82412
8.42843
7.95667
7.93696
8.1714
7.35556
7.93643
7.93111
8.07966
7.92986
8.41569
8.6552
8.25365
8.29078
8.42765
7.86257
7.84296
7.68643
7.72594
7.57181
7.84521
7.51019
7.559
7.27679
7.48019
7.2255
7.00011
7.30931
7.62078
7.41456
7.28302
7.04023
6.82671
6.88421
7.26804
7.11228
6.89171
6.69578
6.78182
7.11858
6.98496
7.19901
7.77233
8.10212
7.87606
7.85334
8.2761
8.00657
7.53885
7.63201
7.76899
8.31549
7.98696
7.78049
7.81179
7.6298
7.93474
7.65954
7.4574
7.69557
7.62204
7.60412
7.58662
8.20752
8.62068
8.87249
8.74127
8.38609
8.4257
7.82529
7.9455
7.72071
7.54075
7.60919
7.8235
7.51557
7.71453
7.63849
7.85047
7.40967
7.62772
7.76846
7.41528
7.05099
7.09642
7.27888
7.19814
7.24835
7.22364
7.67203
7.75675
7.09999
7.50727
7.66757
7.7221
7.70429
7.55646
7.51176
7.72364
7.4674
7.52631
7.65963
7.61184
7.29684
7.45884
7.65901
7.62153
7.71456
7.81024
7.99282
7.83142
7.78547
7.3812
7.55482
7.78044
7.64522
8.02104
7.64763
7.73363
7.76822
7.8367
8.1082
8.07371
8.17893
7.73963
7.75562
7.64227
7.9243
7.54226
7.58993
7.27203
7.88274
7.5542
7.55766
8.16274
8.16445
7.74766
7.82791
8.12195
7.4914
7.85638
7.8296
7.97706
7.73579
7.94284
7.97571
7.54372
6.96152
6.87778
7.01402
7.15407
7.36912
7.56504
7.58648
7.6215
7.84491
7.9186
7.70115
7.63397
7.05583
6.61078
6.34349
6.68711
7.06839
7.32696
7.17627
6.90663
6.91281
6.61191
6.61586
6.74363
7.04762
7.07797
7.25086
7.17356
7.28175
6.99312
7.20087
7.75161
7.75552
7.9319
8.20887
7.80262
7.52891
7.74526
7.63464
7.76952
7.62945
8.13075
7.82779
8.09889
8.29132
7.79634
8.04976
7.98855
8.60732
8.50711
8.61242
8.59528
8.29905
8.08419
8.39123
8.94315
8.44063
8.16762
8.18354
8.54131
8.50742
8.79125
8.77054
8.64027
8.66909
8.39564
8.86807
8.96961
9.05364
8.76158
8.41603
8.70779
8.87106
9.5293
9.34489
9.33227
9.58239
9.0571
8.89259
8.87178
8.79324
8.94939
8.93815
8.40528
8.15716
7.58453
8.01981
8.12857
8.24046
8.08445
7.98549
7.38833
7.22907
7.15129
6.92743
7.24355
6.9719
7.12449
6.91927
6.81507
6.97778
7.17964
7.34443
7.29219
7.49806
7.4752
7.61382
7.64473
7.38744
7.36562
7.43841
7.30569
7.70988
7.83962
7.57783
7.49142
7.55219
7.9599
7.79864
8.28952
8.54347
8.42955
8.68583
8.21599
8.40735
8.47404
8.31303
7.93277
8.19819
8.22885
7.9628
8.44486
8.09866
8.03036
7.84568
8.40374
8.41532
8.10785
7.93798
8.07348
8.01673
7.69402
7.9036
7.77512
7.48671
7.60691
7.609
7.38853
7.54501
7.25932
7.40669
7.22072
7.92282
7.78813
7.68093
7.4632
7.78795
7.9637
8.17969
8.19779
8.14797
8.19304
7.58583
7.37159
7.25792
7.65759
8.10656
7.88947
7.68963
7.48751
7.66925
7.84317
8.03151
7.5471
7.80173
8.03015
8.14435
8.03308
8.25976
7.68051
7.72327
7.44887
7.47164
7.30903
7.47586
7.67113
7.70419
7.34427
7.79978
7.58524
7.51333
7.38518
7.10835
7.35054
7.55863
7.70809
7.81736
7.81072
8.0165
8.28487
8.2858
8.30373
8.33014
8.22369
8.29207
7.95415
7.96168
7.85222
8.30387
8.32905
8.06372
8.05818
8.11861
7.58888
7.14874
7.01329
7.19402
7.57865
8.02638
7.94619
8.00428
7.829
8.1794
7.5583
7.29247
7.45229
7.48778
7.47114
7.28166
7.95741
7.86679
7.7049
7.56665
7.18871
7.51708
7.50942
7.95609
7.5121
7.05016
7.05683
6.96378
7.5933
7.27253
7.11031
7.05643
7.08917
7.21135
6.86879
6.99198
7.02576
7.03236
6.76293
6.69134
7.13284
7.07654
7.26045
7.49149
7.30728
7.84993
7.75229
7.66071
7.66612
7.42644
7.18262
7.48291
7.53332
7.60753
6.99086
7.3404
7.39342
7.21163
7.21121
6.9799
6.97425
7.21054
7.15244
7.12659
6.62868
6.95074
7.332
7.25617
7.73019
7.71004
8.25574
8.12335
7.65839
8.09268
8.85527
8.36979
8.31115
8.13651
8.30598
8.03653
7.80115
8.13247
8.0979
8.01074
7.89509
7.76272
7.91309
7.86991
8.11118
8.24272
7.77138
8.07368
8.22888
8.14923
7.51285
7.73377
7.80988
7.35934
7.17321
7.77601
7.62328
7.45992
7.41589
7.47894
7.60875
7.74
7.54607
7.52003
7.21202
7.17376
7.18749
7.49081
8.10186
7.12691
7.53701
7.42116
7.32586
7.31632
7.01151
6.90859
6.9872
6.98924
6.86022
7.08575
6.93496
6.8231
6.60888
6.14029
6.14235
6.22409
6.77408
6.16767
6.14531
6.52127
6.26906
6.28269
6.30446
6.49125
6.69118
7.22128
7.00418
7.1111
6.75347
6.54367
7.11484
7.88587
8.15462
8.58314
8.79676
8.55082
8.23288
7.94303
7.9469
7.85788
7.52067
7.68236
7.30329
7.80922
7.54542
6.92137
6.95491
7.10561
6.74076
6.85865
7.22316
7.01946
7.30303
7.064
7.08577
7.01088
7.15163
7.18733
6.84298
7.20071
7.03131
7.43563
7.51269
7.51254
7.24416
7.20288
7.26924
7.64078
7.60501
6.99609
6.89532
6.80876
6.97975
7.05849
7.3049
6.54427
6.74788
6.88527
6.87082
6.89894
7.18796
7.70393
8.19205
7.82432
7.96493
7.98449
7.86638
7.97397
8.51505
8.27613
8.03621
7.76275
8.2182
8.0056
7.7348
7.6929
7.52048
7.55685
7.93901
7.98957
8.62941
8.40115
8.52987
8.5211
8.41472
8.19857
8.32521
8.25813
8.26329
8.36465
8.08761
7.94393
7.96888
7.99725
8.18151
7.99528
8.03441
7.42716
7.56205
7.85848
8.51521
7.94878
8.03848
7.60116
7.59696
7.32271
7.39662
7.26107
7.55669
8.03854
8.30156
8.10874
7.66169
7.60298
7.72279
7.87105
7.6843
7.89838
8.12564
8.60927
8.5856
8.23641
8.52125
8.99809
8.50559
8.21306
7.44638
7.34329
7.6345
7.61047
7.7155
7.73667
7.60218
8.24322
7.8745
7.95671
8.08359
7.9937
8.06851
7.81784
7.75869
7.69171
7.66891
7.75324
8.23032
7.89938
7.3633
7.6953
8.03987
8.05988
8.14868
8.26807
7.55308
8.03713
7.95231
7.7371
8.15863
9.00206
8.72842
9.03821
8.82981
8.5101
8.72589
8.71748
8.72849
8.20821
8.36074
8.1808
8.40051
8.25602
8.40789
8.18753
7.97444
8.58934
8.37205
8.25583
7.85009
7.51734
7.44336
7.6238
7.8447
7.83289
7.70686
7.78843
7.83898
7.94458
7.83171
7.62151
7.69113
8.01753
8.33381
8.01014
7.86293
7.65995
7.78619
7.85965
8.12155
8.13649
7.93125
7.38265
8.07334
7.73646
7.35007
7.34469
7.13962
6.97752
7.27221
7.22687
7.57315
7.48064
7.5578
7.35687
7.16622
7.38485
7.60151
7.96127
7.6299
7.33842
7.51353
7.24687
7.16189
7.26622
7.76999
7.75825
7.81313
8.15431
8.07098
7.29771
7.72074
7.93828
8.03826
7.81566
7.50682
7.67972
7.60484
8.11209
8.02397
7.70374
7.87476
7.95093
8.27862
8.16777
8.26705
8.36825
8.29549
8.25791
8.69587
8.50518
8.12735
8.52009
8.56483
8.26757
8.16476
8.19231
8.43846
8.71842
8.87501
9.43734
9.17936
8.80256
8.48208
8.81677
9.10469
8.43823
8.1538
8.3297
8.8074
8.59036
8.58294
8.6644
8.95067
8.96536
8.73435
8.28789
8.18072
7.75611
7.82306
7.42257
7.39177
7.50455
7.3674
7.89023
7.59701
7.38691
7.48159
7.53857
7.24918
6.90221
7.08321
7.18564
7.55089
7.29535
7.24
7.34186
8.12473
8.05036
7.73889
7.64328
7.62445
7.87573
7.9227
7.95215
7.75755
7.75215
7.32641
7.37481
7.3825
7.09349
7.10652
7.21266
7.47333
7.25154
7.14809
7.22964
7.7743
7.48944
8.05567
8.1559
7.8013
8.09646
8.42449
8.55135
7.98926
7.99925
8.00489
8.15167
8.17089
8.24096
8.60198
8.51999
8.61661
8.81743
8.85379
9.04413
8.83536
8.38228
8.88928
8.954
9.16996
8.91441
8.80365
8.75237
8.76491
8.95653
9.15276
9.03851
8.92008
8.82696
8.52583
8.78884
8.45227
8.62592
8.68437
8.57263
8.44295
8.8283
8.66482
8.02952
8.1816
8.2105
8.36245
8.78242
9.1009
9.1584
9.76426
10.1876
9.7986
9.28904
9.19238
9.16196
9.14858
8.37353
8.16082
8.43865
8.70092
8.08295
7.64976
7.68528
7.39934
7.8738
8.26649
7.91141
7.84621
7.69627
7.77585
7.6567
7.85709
7.75585
7.68543
7.93881
8.21217
8.24978
8.78864
8.33251
8.56984
8.58968
8.67754
8.85489
8.99211
9.09431
8.91254
8.86298
8.58906
8.50109
8.20954
8.16018
8.10155
8.37006
8.41855
8.26558
8.24885
8.49292
7.95185
7.49603
7.2947
7.36143
7.90377
7.76352
8.00762
7.97721
7.75203
8.25916
7.47409
7.35545
7.07509
6.76076
6.8873
7.25933
7.51209
7.4711
7.34703
7.05673
7.0045
6.88162
6.77107
7.10872
6.62575
6.63595
6.68475
7.01732
6.52328
6.61292
6.50897
7.2029
7.30033
7.39963
7.40143
7.40927
7.50929
7.09078
7.28517
7.20683
7.33505
7.15852
7.62507
7.69287
7.66545
7.85676
8.08381
7.8657
7.79121
7.50151
7.42228
7.63688
8.03385
7.58359
7.55994
7.17249
7.1606
7.63337
7.51212
7.51909
7.65041
7.6284
7.8583
7.81389
7.97685
7.18605
7.36059
7.45103
7.1621
7.79361
7.55267
7.3844
7.15171
7.251
7.42001
7.8689
7.68495
7.48147
7.53862
7.92415
8.0052
7.9871
7.38887
7.44985
7.47117
7.66958
7.53366
7.91095
7.69515
7.55204
7.71141
7.49892
7.53941
7.63629
7.34632
7.33219
7.31516
7.2853
7.29661
7.80328
7.57791
8.06659
7.86513
7.83536
8.02827
8.39454
8.20897
8.42658
8.5284
8.8204
8.71587
8.73641
8.78351
8.93818
8.49943
9.02094
8.85933
9.07138
8.89633
8.72127
8.50506
8.42601
8.15399
7.90343
7.84882
7.70174
8.36648
8.36275
7.8998
7.72853
7.87109
7.92713
7.69762
8.0756
8.12204
8.16244
8.17303
8.37506
8.4125
8.25074
7.96147
7.84282
7.63179
7.73741
7.69492
7.55596
7.48292
7.53914
7.46073
7.24094
7.2786
7.71457
7.6447
7.42563
7.35667
7.61401
7.29453
7.40172
6.9673
7.57198
7.86783
8.08041
7.7256
7.86561
7.54374
7.37575
7.73326
7.26258
7.12087
7.45854
7.4346
7.31167
7.68778
7.75438
8.19714
8.07027
8.52355
8.58442
8.63894
8.55332
8.72805
9.00718
8.53296
8.47728
8.6024
9.09523
8.93837
8.96998
8.84587
8.69394
9.19565
8.68761
8.67968
8.18538
8.17117
8.22313
8.25981
8.19521
8.10926
8.39489
7.85554
7.76719
7.72567
7.78049
7.81145
7.67543
7.796
8.13523
8.39446
7.91682
8.0823
8.49374
8.41995
8.17515
7.673
7.12931
7.312
7.3361
7.74031
7.68741
7.59707
7.83017
7.45313
7.85916
7.77361
8.22789
8.06402
7.74964
7.78832
7.85972
7.65503
7.96564
8.25909
8.27926
8.16374
8.04178
7.85387
8.35406
8.08238
8.60271
8.44313
8.348
8.04382
7.95997
7.80125
7.93237
7.82792
7.90935
8.4521
8.53198
8.43072
8.43471
8.47814
8.29108
7.72566
8.00929
8.51681
7.91397
7.79184
7.85116
7.8457
7.53386
7.13065
6.98652
7.41503
7.48855
7.59162
7.49312
7.53149
7.74945
7.87907
7.77992
8.13487
7.86226
7.50865
7.71037
7.54029
7.36539
7.62294
7.68141
7.81769
7.77027
7.70156
7.43946
7.33559
7.49424
7.32534
7.55752
8.27375
8.13472
7.87676
7.48905
8.02775
7.74012
8.15258
7.6533
7.84368
7.79999
7.66463
7.75302
7.72617
7.67614
7.64661
7.58209
7.43515
7.44467
7.16139
7.44112
7.19823
8.09399
8.10076
7.75016
7.61243
7.9332
7.97416
7.92367
8.10078
8.07329
8.13945
8.23959
8.29794
7.87458
8.34152
8.47303
7.99338
8.47538
8.24059
8.06136
8.11254
7.84001
7.80175
8.64539
7.87446
8.42037
8.0657
8.73956
9.08654
9.16308
8.95935
8.83703
9.1279
8.58056
8.32937
8.30371
7.94335
8.08172
8.07178
8.12753
8.02483
8.08436
8.16802
8.26921
8.08619
8.0512
7.88928
8.24215
8.68028
7.86267
7.92889
8.02087
8.27416
7.53797
7.73097
7.83274
7.51477
7.61133
8.32692
8.12861
8.4491
8.63582
8.60693
8.79102
8.2316
8.2509
8.34088
8.46138
8.62854
8.70423
8.57914
8.63257
8.09857
8.16418
8.20847
8.4642
8.28409
8.17766
7.99738
7.94605
8.04838
8.09314
8.38504
8.51008
8.44025
8.56971
8.55809
8.03881
8.19431
8.49817
8.28649
7.73029
8.19017
7.85319
7.55063
7.48653
7.90283
8.08427
7.65464
7.80797
7.80395
7.92768
7.65736
7.3689
7.25189
7.45498
7.76869
8.03658
8.18854
8.06884
7.88967
8.10076
7.91296
8.11576
7.75231
7.90008
8.00507
7.99758
8.25231
8.90579
8.90196
8.54192
8.97671
8.24799
7.92589
7.86424
8.0779
7.9658
7.94297
8.0611
7.65292
7.57378
7.52212
7.90534
8.18122
8.38124
8.41387
8.02997
8.31151
7.90366
7.65136
7.81081
8.02096
8.67614
8.51428
8.46539
8.6729
8.3295
8.50331
8.85509
8.70727
8.51368
8.3953
8.09731
7.91497
8.03847
7.74983
7.56859
7.8681
8.17294
8.30736
8.21254
8.41456
8.33632
7.57377
7.49947
7.86159
7.80344
7.51206
7.47837
7.66081
7.56135
7.77775
7.66235
7.65506
7.63914
7.77965
7.78647
7.57977
7.68804
7.30205
7.3196
7.10477
7.31841
7.34192
6.9065
7.08767
7.35276
7.12748
7.04418
7.10943
7.21582
7.01797
6.99283
6.82099
7.22832
6.9639
6.97723
7.06565
7.46108
7.58774
7.61553
7.09617
7.27701
7.85457
7.81199
8.01856
8.14264
8.17829
8.45767
7.75665
7.60501
7.56637
7.94516
8.15469
7.53394
7.15513
7.27491
7.12894
7.59312
7.3345
7.42978
7.20399
7.57785
7.3702
7.01244
7.47771
7.41778
7.24101
6.82288
7.1642
7.18332
7.34538
7.506
7.9231
7.63554
7.59626
7.88807
7.91301
7.84121
7.38409
7.4983
7.49307
6.90054
7.35829
7.77206
7.81146
8.02829
8.59331
8.59506
7.72727
7.96132
8.06187
7.97401
7.93796
8.30341
7.9598
8.22006
7.81615
7.79699
8.00619
8.12165
7.94998
8.17758
7.92008
7.69721
7.31229
7.58918
7.51555
7.95441
8.01261
7.77981
8.09465
8.30454
7.99278
7.93573
7.74632
7.91014
7.85045
7.47289
7.22049
7.26272
7.12217
7.42591
7.36018
7.46611
8.04817
7.74615
7.6217
7.94804
7.84416
7.909
8.02596
7.91635
7.58424
7.38688
7.31877
6.85696
6.81873
6.87411
7.37732
7.53326
7.69115
7.57815
7.4191
7.28725
7.72635
7.44091
7.40678
7.20163
7.06657
7.24578
7.04263
6.29285
6.72267
7.11149
7.62561
7.50618
7.47794
7.80799
7.59905
7.42469
7.44926
7.21254
6.99972
7.01858
7.036
7.15449
7.51201
7.06951
7.22767
7.46238
7.38264
7.27239
7.37154
7.3545
7.47531
7.50463
7.12217
7.34551
7.44185
7.38615
6.99742
7.23173
7.35267
7.11586
7.21474
7.37401
7.48101
7.34794
6.85048
6.58849
6.62046
6.95122
6.91545
7.07041
7.30986
7.17499
6.97389
6.86138
6.86947
6.90893
6.71876
6.79757
6.5896
6.84429
6.91904
7.24194
6.98432
6.58466
6.27759
6.68776
6.66252
6.62213
6.66785
6.93743
6.60888
6.627
6.49677
6.53333
6.64552
7.07489
7.08137
7.13184
7.27846
7.69993
7.61171
7.09832
7.17177
7.58876
7.80249
8.38673
7.71259
7.84442
8.18561
8.29827
8.22889
8.02813
7.81826
7.98241
7.45276
7.54971
7.60255
7.63338
7.41542
7.61383
7.37275
7.30573
7.4484
7.3733
7.35476
7.65369
7.47122
7.83624
8.11213
8.35096
8.56593
8.54356
8.20588
8.62613
7.97745
7.88195
7.81822
8.00603
7.92667
7.7827
7.60123
7.69027
7.91874
7.29037
7.73036
7.33743
7.55969
8.02452
7.82289
8.06352
7.56762
7.7048
7.23264
7.66042
8.20959
7.67289
7.86717
7.88743
7.64608
7.34048
7.61779
7.33141
7.60178
7.86923
7.77035
7.9807
7.79859
7.91648
7.74415
8.11653
7.97409
7.95572
8.25265
8.24445
8.28882
8.2496
8.02663
8.10892
7.90311
7.80943
7.75904
7.65614
7.37807
7.53732
7.77309
7.33663
7.44031
7.41772
7.38394
7.57205
7.0044
7.37419
7.20051
7.11186
7.11888
6.95198
7.39109
7.50513
7.60054
7.45638
7.38308
7.28086
6.67542
6.77492
6.57801
6.97896
6.6286
7.03904
7.28523
7.78647
8.31644
8.6329
8.43062
8.24973
8.14424
7.72907
7.69051
7.72873
7.94537
8.35697
8.11874
8.68071
8.3204
8.0005
8.16332
8.50989
8.74287
8.57759
8.48107
8.32517
8.48961
7.93683
8.37645
8.48558
8.20702
8.07356
8.03253
8.19701
7.93186
7.67273
7.44816
7.72154
7.56186
7.41301
7.77029
7.93591
7.90569
7.84872
7.70017
7.66735
7.66198
8.04175
7.85402
7.88931
8.16602
8.25195
8.58885
8.23318
8.123
7.561
7.69113
7.82195
7.28411
7.67959
7.62425
7.09518
7.3747
7.92299
7.51313
7.61227
7.10324
7.43707
7.63883
7.78037
7.57296
7.49346
7.55725
7.68969
7.60391
7.50995
7.42463
6.91383
7.17929
7.12807
7.12181
6.91314
7.13677
7.19293
7.40989
7.42367
7.49419
7.75134
7.87903
8.26748
8.27974
8.34717
8.13713
8.69675
8.83983
8.53295
8.58683
8.54822
8.38904
8.8299
8.50818
8.70803
8.59987
8.6867
8.2748
7.8758
8.1086
8.13056
8.44772
8.7147
8.24568
8.27726
8.37942
8.41684
8.4778
8.45778
8.20846
8.3622
8.34793
8.13335
7.83545
8.03275
8.45299
8.33018
8.01037
7.90368
8.3009
8.26299
8.23136
8.12541
7.53138
7.24489
7.52518
7.49035
7.25091
7.77357
7.70496
7.41012
7.34208
7.25537
7.26853
7.57796
7.74658
7.72429
7.71546
8.07454
8.33473
8.16392
8.62003
8.39031
8.02506
8.07399
8.00413
7.94988
8.39826
8.73262
8.74981
9.04913
8.78533
8.81921
8.4171
8.01219
7.61405
7.85511
7.66687
7.20194
7.18182
7.58838
7.58301
7.63417
7.53943
7.56912
7.9275
7.67142
7.72379
7.97562
7.73799
7.60687
7.70581
7.42585
7.51861
6.85118
6.86235
6.96283
7.40045
7.60944
7.62127
7.78592
7.64886
7.82176
7.71111
7.4804
7.98596
7.92033
7.35453
7.29821
7.15616
7.27
7.26791
7.81479
7.87661
7.94134
7.75004
7.39167
7.51499
7.33194
7.65734
7.70901
7.96935
7.6551
7.59033
7.70054
7.79516
7.56434
7.85884
7.57903
7.67473
7.7834
7.79388
7.41481
7.4322
7.13563
7.00789
7.0476
7.14663
7.08098
7.47121
7.39401
7.43619
7.13398
7.23657
7.5605
7.46058
7.43962
7.76099
7.68255
7.82452
7.90431
7.9594
7.89368
7.6474
7.38647
7.72192
7.7168
7.72233
7.34877
7.3034
7.4238
7.72612
7.94407
7.97762
7.65037
7.95798
8.01713
8.06904
7.88555
7.83297
8.02588
8.15777
8.02242
7.72532
8.08279
8.31405
8.07692
8.20763
7.8734
8.00917
8.15459
8.39407
8.67731
9.12184
9.05905
8.92121
8.83115
9.09637
9.18919
9.13823
8.89973
8.7443
8.97244
9.03194
8.69852
8.90189
8.78686
8.56034
8.51615
8.01651
8.34357
8.73876
8.93106
8.69533
8.68957
8.63901
8.51987
8.80862
8.65235
8.40802
8.46285
8.22523
8.21452
8.47097
8.58062
8.06991
7.61712
7.6479
7.77387
7.56273
7.61896
7.50168
7.59308
7.40508
7.29939
7.5752
7.73538
7.74145
7.63202
7.17737
6.92869
6.78305
7.14192
7.48239
7.39299
7.14829
7.40674
7.132
7.15913
7.34956
7.21025
6.99422
7.0689
7.37434
7.0492
7.11398
7.1292
6.92979
7.02615
7.3283
6.77331
7.2119
7.73638
7.79728
7.88834
7.482
7.69108
7.99331
8.32066
7.90373
8.15512
8.43311
8.37516
8.31992
8.40286
8.21174
7.75377
7.74692
8.0956
7.93521
8.19148
7.65698
7.8084
7.77925
7.99545
8.13038
8.0388
7.48373
7.58172
7.24801
7.82772
7.11585
7.79195
8.11347
7.80748
7.40209
7.41906
7.41812
7.82285
8.22587
7.95235
8.29841
8.37441
7.98192
8.04485
7.95581
8.34611
8.57979
8.50994
8.64212
8.26891
7.21966
6.81898
7.34846
7.2761
7.48269
7.63347
8.13057
8.03777
7.55244
7.44493
7.54505
7.4222
7.42828
8.15028
8.63182
8.02511
8.49197
8.69369
8.72875
8.50172
8.71658
8.52928
9.03814
8.66048
8.64174
8.19018
7.74131
7.93878
8.27387
8.24722
7.61602
7.56084
7.47859
7.46417
7.15988
7.20881
7.28552
7.46913
7.63305
7.90951
7.76516
7.75777
7.72841
8.08529
7.61021
7.808
7.75193
8.11681
8.30084
8.35372
7.89925
8.01972
7.80799
7.63544
7.11096
7.12298
7.171
7.54761
7.46362
7.48317
7.31745
7.91722
7.80934
7.6993
7.29596
7.24346
7.17262
7.44784
7.26787
7.80725
7.44753
7.33413
7.83833
7.86878
8.17052
8.33513
8.45763
8.53997
8.23631
8.01631
8.0163
7.79602
7.55886
7.1777
6.94135
7.16936
7.37288
7.25723
6.97798
7.3904
7.4628
7.7639
7.70226
7.57718
7.51367
7.08447
7.31648
7.6165
7.80194
8.08363
8.78006
8.51048
7.90838
7.50524
7.88212
8.23557
7.5417
7.77533
7.95113
7.73013
8.43743
8.06777
7.70168
7.42938
7.57692
7.55999
7.26514
7.48417
7.47824
7.81375
8.28797
7.79037
7.48957
8.09588
7.82402
7.93881
8.12492
7.60614
7.55104
7.22352
7.19177
7.40184
7.37993
7.47301
7.53439
7.38943
7.45231
7.20083
7.61302
7.93576
8.06537
8.3279
7.83419
7.75742
7.50983
7.3488
7.4857
7.34994
7.73537
7.45516
7.41004
7.24452
7.26144
7.75413
7.81885
8.10595
7.88494
8.04848
8.15336
8.30588
8.89429
8.24548
7.98332
8.2231
8.19547
8.21776
8.43578
7.9376
8.08187
7.64311
7.6021
8.04026
7.93004
7.93411
8.05419
7.64762
7.64149
7.78483
8.01323
7.98332
7.57279
7.53707
7.36117
7.46524
7.75146
7.33287
7.30207
7.4563
7.71835
7.61583
7.13446
7.53047
7.31638
7.14248
6.96691
7.0356
7.29306
7.39514
7.50743
7.47268
7.43012
7.28347
7.61959
7.51676
7.56083
7.68284
8.21122
7.81368
7.73441
7.81873
7.79807
7.97048
8.23768
8.29041
8.35204
7.92034
8.21693
8.06253
7.65153
7.19345
7.16361
7.35759
7.32967
7.61555
7.77853
7.73057
7.82666
7.83829
7.96039
7.83067
7.74403
7.33805
6.85735
7.18532
6.56061
6.65327
6.60583
6.88423
7.10963
7.49907
7.7766
7.48833
7.30109
7.28519
7.49273
7.47673
7.55515
7.68899
7.73241
7.70315
7.74531
8.08415
7.7035
7.73972
7.55876
7.3355
7.57089
7.53005
7.41084
7.07366
7.06528
7.19981
6.95666
7.21188
7.67803
8.34433
8.12173
8.3931
8.77601
8.33958
7.95144
7.771
7.74744
8.0074
8.09056
8.19881
7.98868
7.90186
8.64303
8.1091
8.08457
8.0757
8.07397
7.97015
7.83446
7.96738
7.67134
8.44764
8.55031
8.42728
9.00535
8.84461
9.49098
8.81457
8.86348
8.60132
8.78474
8.97614
8.63741
8.68127
8.90203
8.5612
8.73034
8.30978
8.32703
8.28928
8.32073
7.98784
8.21024
7.53381
7.70309
8.08767
8.10618
8.07699
8.59618
8.26194
8.57941
8.31938
8.19739
8.06227
7.53608
8.01574
7.56046
7.80311
7.97326
8.43315
8.69938
8.19101
8.01882
7.92378
8.0677
8.68915
8.43177
8.45198
8.39933
8.00175
8.02359
8.04508
8.30403
8.86283
8.63385
8.34588
7.50479
7.28503
7.35197
7.21205
7.63552
8.06638
7.95777
7.45163
7.21721
7.48687
7.65526
7.89833
8.23909
7.99465
8.16127
8.42323
8.24954
8.06896
7.90363
8.38915
7.74813
7.98986
7.43234
7.80678
7.75528
7.84141
7.64346
7.52343
7.53076
7.36193
7.45644
7.13121
7.47977
7.8992
8.2777
8.27301
8.24834
8.53504
8.23404
8.00628
8.04666
7.86147
7.92995
8.00623
7.96983
7.95256
7.75717
7.81497
8.0925
7.70952
7.69633
7.83403
7.34379
7.56249
7.70461
7.42465
7.75203
7.56852
7.94574
7.83501
8.0944
8.1911
8.0419
8.27966
8.41355
8.29451
8.03828
7.86289
7.70966
8.03856
8.03898
8.1439
8.16046
8.46067
8.02146
8.45682
8.54345
8.0842
8.14691
8.02407
8.30028
8.52903
8.42519
8.03421
7.33665
7.42373
7.45795
7.61926
7.39718
7.49577
7.37643
6.90849
6.93336
6.87578
7.30575
7.85155
7.34213
7.47127
6.91437
6.78552
6.32184
6.37827
7.19052
7.19017
7.42493
7.19604
7.05825
7.0835
7.35071
7.34103
7.32567
7.52221
7.57299
7.38926
7.68573
7.95672
7.83333
7.96172
7.90832
7.57409
7.23917
7.37675
7.40885
7.14027
7.14229
7.30521
7.21228
7.57889
7.75592
7.40112
7.62777
7.52315
7.35042
7.59595
7.23262
7.37432
7.67824
7.45531
7.32136
7.48024
7.88617
7.96271
8.30042
8.43811
8.26052
8.5908
7.99895
7.5272
7.16648
7.15564
7.84751
8.49752
8.65342
8.9377
8.92464
8.79686
8.53386
8.11455
7.98997
7.96503
7.40055
7.51741
7.86751
7.65309
7.56936
7.93974
7.79189
7.8271
7.53897
7.65712
7.48002
7.24298
7.55195
7.72933
7.48973
7.33833
7.67989
7.56185
7.59237
7.35984
7.20354
7.29065
7.99587
8.28924
8.44623
7.96211
7.97999
7.76747
7.72741
8.18384
7.92634
7.82569
7.98171
7.93779
7.61816
7.49446
7.56874
7.32845
7.46172
7.50909
6.94108
6.52064
6.80596
6.88062
7.27391
7.1566
7.66469
7.83403
8.03423
8.06207
8.01035
7.91249
7.54518
7.52285
7.68686
7.86659
7.81704
7.91937
7.92511
7.63444
7.74834
7.82427
7.45749
7.69145
7.51943
7.40259
7.05806
7.17461
7.32676
7.33127
7.3526
7.40065
7.25732
7.43647
7.5878
7.40287
7.45833
7.48635
7.55246
7.11579
7.55954
7.3651
7.53938
7.51857
7.66393
7.84508
8.09521
7.89873
7.70477
7.34006
7.67719
7.54203
7.86946
7.84191
7.67827
7.80514
7.82531
7.83193
7.349
7.88194
8.08719
8.17172
8.05723
7.53833
7.46828
7.60365
7.21522
7.08747
7.09212
7.37311
7.66216
8.01839
8.6528
8.26587
7.91847
8.16365
8.18429
8.11584
7.86076
8.00506
8.13529
8.27916
8.2745
8.58909
8.54275
8.24463
8.2006
8.52987
8.4761
8.92074
8.8434
8.80202
8.42223
8.48103
8.19599
8.24995
8.38185
8.90732
8.44468
7.91987
7.8237
7.42855
7.49405
7.64395
7.548
7.36725
7.60031
7.54689
7.76027
7.69693
7.6475
7.82977
7.86877
8.12411
7.38672
7.23465
7.05945
6.9482
7.27171
6.89491
6.98889
7.5309
7.77089
7.70898
7.50501
7.46228
7.61316
7.9854
7.50306
7.34021
7.46891
7.02982
7.29351
7.13658
7.04144
7.66158
7.95819
8.18696
7.88342
7.81054
7.97827
7.56029
7.95307
7.50141
7.63315
7.5682
7.66118
7.53795
7.61231
7.4873
7.15612
7.17197
7.37882
7.48242
7.55845
7.52968
7.68995
7.94622
7.41876
7.32062
7.02575
7.42923
7.53339
8.04046
8.49583
8.36965
8.32836
8.26616
8.13151
7.73209
8.35152
8.44938
7.87178
7.85089
7.95479
7.78597
7.76662
7.83538
8.33092
8.50524
8.57217
9.05397
8.65988
8.00182
7.79293
8.14201
8.18782
7.78558
7.59668
7.67779
7.5238
7.25376
7.24053
6.92774
6.92278
7.03474
7.0167
7.20813
7.15898
7.40862
7.59955
8.07721
8.04239
7.72716
7.86643
7.84768
8.22976
8.33489
8.40722
8.5306
8.58916
8.79941
8.68952
8.56889
8.00672
8.34142
8.05409
8.14512
8.12474
8.30584
8.2474
8.45707
8.19914
8.28044
8.55326
8.34124
8.1725
8.06501
7.51471
7.04504
7.42332
7.59104
7.88343
8.24522
8.096
8.26212
7.82265
7.85212
8.13805
7.7912
7.87728
8.09636
8.07801
7.71347
7.19668
7.25144
7.34133
7.51701
8.03426
8.03482
8.0596
8.27978
8.20595
8.13857
8.05864
8.27817
8.25291
8.30918
8.47748
8.12743
7.92098
7.49997
7.79401
7.52467
7.53972
7.82841
8.04787
7.31034
7.55385
7.82293
7.43724
7.65279
7.91818
8.48217
8.03482
8.14673
7.59285
7.61536
7.88501
7.608
7.29006
7.629
7.65033
7.72626
7.54245
7.77908
7.56564
7.53121
7.30543
7.3334
7.29162
7.43438
7.45229
7.58263
7.54126
7.57635
7.66994
7.48056
7.81032
8.03817
8.567
8.07076
8.47245
8.33064
8.20432
8.20133
7.90623
7.5608
7.93261
7.29457
7.42698
8.00935
7.8207
7.49438
7.29848
7.39781
7.34216
7.12698
7.29112
7.29002
7.19326
7.22268
7.14354
7.26416
7.15247
7.56727
7.49573
7.41569
7.22008
7.28392
7.41493
7.34699
7.12536
7.51654
7.69041
7.50879
7.31761
7.47816
7.42701
7.53731
7.63296
7.79347
7.23872
7.41458
7.32586
7.44885
7.26424
7.42834
7.26555
7.11444
7.31377
7.5394
8.006
7.61335
7.80675
7.82293
7.32236
7.41137
7.33107
7.47894
7.79187
7.71364
7.89257
7.94044
8.2487
8.22165
8.33116
8.11049
8.16805
8.36994
8.40394
8.26864
8.56633
8.13899
7.72376
7.98443
7.94406
7.5262
7.38786
7.30272
7.3914
7.32094
7.52075
7.21097
7.3029
7.53627
7.80739
8.13843
7.96108
7.72573
7.89455
8.52913
8.1623
8.03764
8.14176
7.95275
7.9589
7.57322
7.22409
7.39483
7.44421
7.28052
7.82489
7.81194
8.14044
7.61422
7.95236
7.79277
7.63351
7.40343
8.09797
7.98069
7.99858
8.02029
7.71547
8.10209
7.88177
7.64954
7.48102
7.56667
7.68451
7.54162
7.47358
7.27792
7.30092
7.64169
7.70754
7.98121
8.18475
7.94017
7.62742
7.66197
7.46535
7.78517
7.65018
7.74228
7.58353
8.43182
8.19775
8.64351
8.47298
7.945
8.25274
8.5729
8.4613
8.91403
8.66054
8.7587
8.47374
8.6721
8.24133
8.27895
8.57021
8.23124
8.11591
8.21328
8.04207
7.97426
7.66453
7.52677
7.82791
8.01158
8.22585
7.94332
8.06451
8.37427
7.84809
7.48506
7.71624
7.72911
7.4056
7.06075
7.02065
7.2591
7.78065
8.35005
8.21007
8.24193
7.79873
7.67532
8.28137
8.0245
8.30129
8.31777
7.54198
7.33453
7.43288
7.38923
7.71205
7.72113
7.38522
7.64149
7.60436
7.50663
7.62985
7.39526
6.90453
6.8139
6.98665
6.54295
6.55832
6.69479
6.45512
6.71878
7.02783
6.91538
7.22699
7.05371
6.93513
6.61299
6.8112
7.04274
7.03919
7.42304
7.37996
7.31128
7.50542
7.88029
7.92183
7.81038
7.51938
7.6832
7.87069
7.77589
8.13202
8.00838
7.85459
7.84567
7.46956
7.64084
7.04196
6.8583
7.19388
7.56633
7.29639
7.44921
7.12046
7.47735
7.24562
7.30793
7.3134
7.38548
7.75442
7.67587
7.503
7.47752
7.51781
7.65208
7.08456
7.2171
7.4567
7.0446
7.39259
6.76047
6.77459
7.13067
7.461
7.5324
7.92434
7.19647
7.13701
7.9359
7.71732
7.77123
7.4948
7.75708
7.98003
7.78394
7.38444
7.27163
6.88731
7.29779
7.21845
7.32721
7.93653
8.12751
8.46296
7.84107
7.38371
7.62067
7.59133
7.25144
7.3997
7.74968
7.77731
7.33874
7.13688
7.19816
7.15918
7.46018
7.31663
7.45731
7.16031
7.05751
7.28239
7.66837
7.4611
7.68071
7.67636
7.35601
7.56747
7.54943
7.45033
7.78139
8.16193
8.05916
7.53362
7.72707
7.49387
7.60467
7.25347
7.2508
7.36553
7.35716
8.00207
7.7147
7.85085
7.91758
8.00168
8.0108
8.08504
7.92952
8.14461
8.48197
8.48351
8.25911
8.29902
8.329
8.03488
8.07183
7.40141
6.99858
7.60848
7.65511
7.88486
7.72468
7.47219
7.40307
7.65022
7.72332
7.52777
7.00584
7.4618
7.81565
8.10621
7.94491
7.82784
7.81542
7.50959
7.48097
7.47307
7.50649
7.28447
7.03053
6.60713
7.08707
6.93198
7.5528
7.53826
7.17031
7.34088
7.63374
7.63513
7.60254
8.23486
7.92879
7.38122
7.32407
7.09551
7.01805
7.06525
6.86089
6.81122
7.49899
7.64249
7.9718
7.43472
7.42883
7.30996
7.58756
7.46383
7.23147
7.30093
7.71988
7.94594
7.91467
8.067
8.0031
7.9082
8.08838
7.84928
8.01338
7.96218
7.93665
7.7319
7.5331
7.7257
7.84558
7.64223
7.62943
7.54451
7.88052
7.55211
7.43598
7.20254
7.66771
7.55686
7.60822
7.55397
7.38172
7.59285
7.32026
7.2493
7.5733
7.65945
7.55494
7.72344
8.08448
8.12059
8.11711
8.3248
8.64841
8.51489
8.37603
8.16927
7.87717
7.7186
8.02391
8.16662
8.15546
7.87809
8.0283
8.1022
8.00586
8.31212
7.65352
7.63647
7.22509
7.51037
7.26458
7.48647
7.88025
7.88667
8.14653
8.15821
8.31779
8.20539
8.26466
8.70918
9.01619
9.06091
8.82222
8.74155
8.98064
9.3903
9.19313
9.43175
9.11824
8.9131
8.55967
8.53793
8.50866
9.05976
9.42847
9.45751
9.39818
9.21185
8.78891
8.63109
8.49475
8.48788
8.90906
8.40016
8.34746
8.68925
8.71311
8.35758
8.43991
8.07831
7.72269
7.24884
7.43803
7.23137
7.37629
7.37328
7.69246
7.65205
8.19579
8.56096
8.82573
8.558
8.24572
7.91368
8.04219
8.19098
8.25129
8.10528
8.00312
7.9386
7.74212
7.48613
7.64216
7.96207
8.03013
8.43431
8.21005
7.59571
7.91189
8.38834
8.43601
7.7647
7.87811
7.8577
7.5742
7.79516
7.49267
7.66373
8.07272
7.9356
7.52553
7.40717
7.19548
7.14551
7.11683
7.28164
7.20496
7.29915
7.53885
7.94442
7.82137
7.68093
7.3936
7.613
7.69154
7.41397
7.51397
7.41669
7.67433
7.97447
7.78594
7.83624
7.59654
7.29416
7.05047
6.98287
7.28464
7.27502
7.24446
7.29767
7.33281
7.51276
7.43287
7.45863
7.34615
7.62185
8.02931
7.71585
7.02486
7.63398
7.51234
7.65345
7.76088
7.54701
7.49535
7.52873
7.37508
7.42393
7.49514
7.76106
7.25356
7.52356
7.83927
7.82699
7.47153
7.60503
7.97435
7.95386
7.56929
7.53215
7.98239
7.93758
7.8604
7.94642
7.9395
8.40002
8.23753
8.22435
8.07282
8.03792
8.03911
7.81168
7.73135
7.54722
7.27096
7.07413
7.47599
7.8858
7.15505
7.47408
7.35223
7.67795
7.85655
8.16658
8.42117
8.13954
8.34199
8.4009
8.77592
8.25112
7.89756
7.69636
7.36009
7.2162
7.2329
7.37975
7.80889
7.48951
7.25744
7.04901
7.167
7.42896
7.69737
7.59287
7.76984
8.05515
8.37422
8.33261
8.25399
8.68797
8.73067
8.49303
8.14051
7.86841
7.57655
7.95415
8.05321
8.09035
7.66385
7.66121
7.63414
7.65488
7.45103
7.26464
7.56766
7.61744
7.51737
7.23576
7.4809
7.10157
6.88323
6.97678
7.20143
7.12639
7.35949
7.17906
7.18131
7.11853
7.19907
7.22255
7.51912
7.33865
7.29688
7.172
7.16204
6.76432
6.51173
6.65087
6.94469
6.80487
7.14743
7.44885
7.1447
6.64489
7.38546
7.38199
7.26652
7.20416
7.27368
6.92215
6.92567
7.07523
7.15683
7.58753
7.91269
7.97281
8.50632
8.07092
7.96747
8.23123
8.58634
8.68798
8.4278
8.57766
8.3594
8.63003
8.13138
8.29061
8.37631
8.01391
7.9815
7.85718
7.72414
7.83335
7.64986
7.34619
7.36155
7.60063
8.05654
7.9581
7.76408
7.53892
7.03206
7.15166
6.99054
7.06001
7.301
7.25158
7.05978
7.17072
7.25227
7.66403
7.51195
7.88852
7.60897
7.75182
8.20648
7.97153
8.6485
8.68338
8.3093
8.05514
7.70582
7.81279
8.12634
8.07096
8.31504
8.46974
8.96993
8.60725
8.54402
8.56943
8.45071
8.52337
8.51625
8.26741
7.89082
7.63512
7.78518
8.32027
8.41821
8.35499
8.78434
8.34974
8.20714
8.03994
8.07527
8.31467
7.91163
7.87287
7.87701
7.96389
8.32178
8.05155
7.97575
8.26446
8.17955
8.14028
8.10059
8.2751
8.45688
8.43059
8.40761
8.49061
8.7733
8.88685
9.08443
8.69667
8.24435
8.77972
8.38769
7.78667
7.96161
8.03858
8.04339
8.12392
8.37224
8.70457
8.97741
8.90628
8.61499
8.5152
8.46487
8.70793
8.06391
8.06477
7.86957
7.59119
7.813
7.61128
7.77134
7.66776
7.7009
7.72534
7.83365
8.01373
7.9315
8.26362
8.13232
8.19561
8.33342
8.26626
7.68284
7.49326
7.6032
7.67817
7.78039
7.54823
7.50885
7.36354
7.31041
7.61951
7.44154
7.49701
7.35362
7.42734
7.0156
7.03637
7.03934
7.17948
7.5089
7.59588
7.38066
7.44958
7.52829
7.70133
8.02048
7.80197
7.37249
7.99348
7.71156
7.57066
7.92705
7.46688
7.29393
7.14613
7.48645
7.43072
7.35565
7.29971
7.34794
7.30039
7.69132
7.65569
7.19248
7.29119
7.32799
7.7164
7.44185
7.64178
7.83774
8.16569
8.2657
7.9767
7.83716
7.69576
7.53983
7.55963
7.74795
7.76963
7.51928
7.68695
7.81806
7.73576
7.97647
8.5617
8.71627
8.25834
8.0762
8.22558
8.08187
8.25286
8.27482
7.80199
7.22429
7.65067
7.59738
7.86569
8.23875
8.11588
8.02455
7.75641
7.66692
7.58454
8.10783
8.36962
8.47152
8.36624
8.23139
8.67683
8.97517
8.39841
7.54907
7.34385
7.6904
7.44336
7.71844
7.60426
8.27074
7.93172
7.46324
7.58877
7.20151
7.22797
7.6895
7.89102
8.09405
7.67822
7.80967
7.89037
7.86413
8.16819
8.23946
8.32535
7.81706
8.10923
8.29625
8.22512
8.36081
8.20351
8.31321
7.94595
7.89192
7.64517
7.9734
7.62063
7.53655
7.54437
7.11789
7.35725
7.38127
7.01544
6.71209
6.70014
7.05469
6.84112
7.30538
8.04212
8.21989
7.81752
8.27193
8.10025
8.30514
8.55741
8.55901
8.48754
8.64925
8.50088
8.57666
8.51418
8.29331
7.57226
7.60318
7.70803
7.67434
7.99283
7.67334
7.87075
7.56894
7.59059
7.76274
7.7332
7.48873
7.46195
7.24998
7.05687
7.04747
6.50894
6.84009
7.13792
7.11204
7.25422
7.30772
7.41799
7.76979
7.89477
8.13525
7.60629
7.77438
7.37756
7.37772
7.64499
7.82776
7.76902
7.61352
7.84528
7.67769
7.49407
7.55627
7.91213
7.95173
7.5612
7.50934
7.46209
7.02995
7.30415
7.0988
6.76284
7.04637
7.06084
7.32528
7.22231
7.02922
7.24417
7.79155
7.52489
7.7826
8.00834
8.35245
8.05511
8.27381
8.48658
8.33994
8.2496
8.32073
7.51547
7.73789
7.24416
7.01442
6.86032
6.96905
6.731
7.35949
7.54672
7.0832
6.96729
7.22348
7.58594
7.4415
7.66428
7.7273
7.31711
7.54353
7.18896
7.23736
7.3727
7.31353
6.91421
6.84517
6.87463
6.7111
7.04255
6.77998
6.93567
6.96943
6.90939
6.80882
7.02141
6.8012
7.07814
7.32488
7.29319
7.66539
7.7612
8.08576
7.8858
8.15978
8.1258
7.94912
7.86981
8.15565
8.33674
8.90215
8.41228
8.03083
8.00028
7.416
7.50314
7.70459
7.85883
7.69692
8.02083
8.02736
8.364
7.80835
7.59272
7.38373
7.75223
7.49141
7.34399
7.75693
7.6784
7.0232
7.11806
7.54914
7.48221
7.56943
7.11302
7.07063
7.52398
7.32614
7.59116
7.47784
8.6215
8.41682
8.03996
7.8706
8.23916
8.50979
8.69527
8.60424
8.35629
8.09353
8.34181
8.25544
8.17818
7.57736
7.4167
7.63209
7.46605
7.74043
8.15255
8.06327
8.25509
8.5619
8.43623
8.24772
7.90112
8.20873
8.12001
8.49402
8.45479
8.5322
8.9008
8.47257
8.05343
8.02241
8.00529
8.16942
8.19588
7.73718
7.74248
7.61244
7.80786
7.82999
7.53388
7.64598
7.21669
7.47632
7.56035
7.49627
7.74059
7.54612
7.52549
7.57923
7.72618
8.29269
7.47611
7.71351
7.8796
7.79276
8.21184
7.81917
7.0181
6.86718
7.10284
7.01279
7.45197
7.36599
7.49013
7.67077
7.60747
7.60403
7.13929
7.21115
6.95904
7.32658
7.40404
7.53279
7.70444
7.7797
8.15331
7.71225
7.68292
8.32264
8.5686
7.89899
7.9436
8.46738
8.26596
8.2786
8.09798
8.09699
8.06073
8.09538
8.31689
8.14293
8.33384
9.06904
8.86575
8.81588
8.46298
8.48682
9.0017
8.74135
9.03277
9.15463
8.96483
8.79439
8.70782
8.61329
8.49188
8.25581
8.30138
8.21977
8.42933
7.82782
7.8008
7.53231
7.69389
7.85491
7.54765
7.44159
7.29553
7.90266
7.84998
8.13292
7.8941
7.84727
8.23928
8.19371
8.23612
8.05788
7.79957
8.04835
7.91045
8.31496
8.34461
8.18004
8.24334
8.35731
8.70259
8.72548
8.71878
8.5527
8.55105
8.3179
8.12107
8.4701
8.56925
8.92137
8.72514
8.84303
8.36084
8.38948
8.86661
8.74347
8.82568
8.65413
8.78799
8.66494
8.66179
8.21243
8.25321
8.44637
8.31489
8.12439
8.25984
8.69478
8.47018
8.24052
8.60032
8.61531
8.35301
8.27301
8.03839
7.68894
8.10053
8.13915
7.95939
7.92261
8.27281
8.5256
8.87069
8.95645
9.07124
8.82261
8.66318
8.27831
7.71118
7.6103
7.94046
8.19711
8.12775
8.43735
8.19726
7.80512
7.79218
7.17338
7.35493
7.96364
8.20364
7.8958
7.47594
7.31664
7.49946
7.26996
7.11869
6.92802
7.4786
7.27354
7.68423
7.98399
7.98594
7.60482
7.43412
7.22817
7.78274
7.61432
7.84024
7.77401
7.70231
8.14443
7.94132
7.65066
7.75982
7.93812
8.4606
8.54991
8.5962
8.37496
8.83692
8.60673
8.41828
8.17488
8.47376
8.3881
8.66694
8.69362
8.96323
8.93393
8.19991
8.6694
8.79963
8.37282
8.5345
8.48304
8.66672
8.20453
8.29058
8.5648
8.58366
8.19053
8.61216
8.58513
8.7352
9.1462
9.16804
9.33029
8.85975
8.85033
8.94474
9.1355
8.8371
9.25261
9.01849
9.04478
9.05863
9.28333
9.00471
8.88586
8.51643
8.4364
8.42231
8.50773
8.14523
8.27682
8.60905
8.87539
8.90028
8.80811
8.60702
8.25517
7.73152
7.53284
7.44292
7.36767
7.86476
8.23329
8.18974
7.88778
7.8298
7.71335
8.14327
7.93192
7.7379
7.66607
7.89444
7.55348
7.55258
7.47356
7.50579
7.36197
7.56901
7.88749
8.15924
8.22809
8.04331
8.13972
7.94517
7.68056
7.88915
8.02651
7.51298
7.24614
8.08285
7.78775
8.4125
8.70766
8.39424
8.51335
8.75905
8.67883
8.67133
8.83759
8.38715
8.25401
8.24072
8.29058
8.26645
8.04424
7.99799
8.40869
8.15768
7.91458
8.01812
8.08686
7.82955
7.8434
8.10205
8.36616
8.11847
8.23856
8.2165
8.31641
7.95744
7.8816
7.7488
8.01509
7.98315
7.8471
7.5539
7.47796
7.31532
7.88016
7.97814
7.48453
8.08612
7.95101
8.14809
8.43041
8.10903
7.70068
7.28769
7.83033
7.97888
7.90012
8.10493
8.12328
8.16311
7.98277
8.16173
8.22044
8.0051
7.99145
7.89778
7.9902
8.24496
8.35088
8.1433
8.26007
8.35713
8.08344
8.34616
7.73427
7.75596
7.84908
7.9631
8.34718
8.16948
8.20744
8.07151
8.17696
8.32343
8.26593
7.85224
7.783
8.09721
8.53064
8.26723
8.24544
7.825
7.58429
7.75263
7.98131
7.65075
7.82075
7.67041
8.10804
8.36838
7.96197
7.84584
7.93934
7.78349
7.87639
7.80371
7.75128
7.89758
7.63454
7.85758
8.48604
8.41763
8.4613
8.27611
7.96851
7.98428
8.14035
7.90485
7.92009
7.57008
7.61415
7.49727
7.19627
6.95309
7.38498
7.32605
7.34494
7.20629
7.23747
7.44646
7.55632
7.75166
7.67428
7.48659
7.69184
7.61845
7.33774
7.59668
7.20007
7.5952
7.89589
7.92486
7.68602
8.03356
7.8193
7.68186
7.58411
7.91722
7.3764
7.59241
7.86288
7.88873
8.1169
7.65777
7.24259
7.43614
7.17894
7.03562
7.1889
7.13036
7.32701
7.88563
8.24382
8.16451
8.37803
8.27506
8.65337
8.09686
7.58535
7.43484
7.64412
8.15287
8.28533
8.05518
7.29192
7.34056
7.30013
7.80874
7.86905
7.82626
7.92103
7.85435
8.05457
7.88328
8.03469
7.58897
7.59567
7.38655
7.74142
7.93979
7.92504
7.70231
7.71138
7.60643
7.60451
7.51719
7.42636
7.22882
7.16687
7.65036
8.17208
7.96727
7.95972
7.32798
7.16676
7.01955
6.91952
7.25564
7.51085
7.17832
6.91205
6.94768
6.78457
6.95538
6.97314
7.25219
7.54301
7.49697
7.70737
7.8813
7.76263
8.10873
8.14321
7.81847
7.80125
7.7583
7.56985
7.22046
7.18561
7.27545
7.27728
7.01492
6.68359
7.19088
7.64961
8.07769
8.51934
8.14098
8.17564
7.84313
7.72972
7.47244
7.39134
7.03153
7.27286
7.04173
7.3382
7.51362
6.99222
7.09569
6.90245
6.56236
6.95076
7.19737
7.26057
7.54117
7.04346
7.17525
7.99788
7.35987
7.15955
7.6153
7.58429
7.43477
6.8457
6.82902
7.65897
7.97669
7.88281
7.76608
7.19674
7.66181
7.79063
7.69345
7.57982
7.67057
7.29979
7.54063
7.70905
7.96546
7.97898
7.94248
8.04515
8.10735
7.59319
7.06754
7.03513
7.03129
7.29316
7.77871
7.93291
8.22271
7.69143
7.68689
7.6435
7.90838
7.91895
7.62341
7.90138
7.79153
7.54576
7.36934
7.80803
8.06571
8.20488
8.21398
8.42548
8.26429
8.30819
7.93411
7.88326
8.07409
7.89964
7.67924
7.96891
7.81938
7.67411
7.7144
7.65483
7.82746
7.46157
7.60216
7.3537
7.50776
7.52722
7.529
7.53103
7.51537
7.7554
7.90924
7.99615
8.22383
8.37876
7.69578
7.72089
7.96186
7.64365
7.50935
7.43634
8.06842
7.1254
6.79063
6.78425
6.98175
7.37626
7.18785
7.28335
7.85379
7.80328
7.63251
7.4852
7.35496
7.54792
7.64312
7.01005
6.93117
7.14406
7.05109
7.17245
6.42991
6.64815
7.09263
7.06522
7.27416
7.765
7.85381
7.56379
7.68357
7.10434
6.80719
6.81542
7.14182
7.50375
7.98825
8.24371
8.18023
7.97956
8.02838
7.94809
7.8362
7.83251
7.65265
7.23561
7.43693
7.29566
7.29794
7.33632
7.27157
7.4829
7.54065
7.64412
7.43273
7.22914
7.30069
6.99079
6.88335
6.95979
7.11137
7.37319
7.7764
7.3227
7.19266
7.49484
7.9846
7.59325
7.52099
7.5684
7.62149
7.65166
7.68428
7.6329
7.61173
7.30543
7.35755
7.63959
7.07078
7.50119
7.42145
7.48065
7.41749
7.17145
7.34106
7.81122
7.73414
7.80734
8.21967
8.44734
8.14063
7.91917
7.95923
8.0405
7.84901
7.79817
7.89982
8.16808
8.03035
7.87855
7.62869
7.88846
7.70246
7.96198
8.50926
8.72009
8.59214
8.46156
8.38076
8.19595
8.57872
8.02408
8.07156
8.46319
8.06758
8.2747
7.93216
7.8319
7.79216
7.70197
7.95514
8.37001
7.99197
7.71051
7.377
7.38027
7.12675
7.21799
6.78127
7.27558
7.18044
7.70568
7.45841
7.02632
7.3698
7.07085
7.20506
7.34818
7.42013
7.42492
7.56737
7.93555
7.48765
7.37907
7.04646
7.34456
7.75467
7.77951
7.74913
7.93415
7.75756
7.38091
7.49148
7.49125
7.77521
7.99638
7.67679
7.70286
8.00139
7.88719
7.68459
7.44878
7.85246
7.26239
7.12646
7.27459
7.20707
6.82998
6.90501
6.79251
6.57386
6.30879
6.42747
6.80636
6.59252
6.96274
6.60104
6.83532
7.41955
7.65562
7.67101
7.77893
7.91117
8.09332
7.91248
7.86227
8.48666
8.74825
8.82241
8.78499
8.32039
7.76682
7.69823
7.50113
7.70769
7.92992
7.63001
7.86231
7.63285
8.00087
7.59478
7.34428
7.55253
7.53014
7.45494
7.34198
7.46575
7.58416
7.26305
7.32812
7.5329
7.51834
7.41809
7.53577
7.62912
7.81253
7.30891
7.49419
7.19505
7.10246
7.08155
7.28088
7.66487
7.49816
7.46524
7.53156
7.57808
7.59563
7.41594
7.77917
7.68253
7.50897
7.1991
7.07304
7.28082
7.39973
7.23522
7.47041
7.10351
7.21155
7.31236
7.47713
7.21243
7.39421
7.50479
7.08235
7.37839
7.31814
6.99465
7.24056
7.15385
7.48092
7.46862
7.38544
7.30227
7.05721
7.33215
7.56927
7.74637
7.72158
7.49376
7.58334
7.64184
7.60234
7.50329
7.67446
7.74204
7.88947
7.62216
7.79827
7.83818
7.38287
7.61645
7.82068
7.51498
7.17001
7.30154
6.96164
6.90084
6.86048
6.68625
6.90532
6.96629
7.1948
7.41799
7.94446
7.53576
7.39676
7.27086
7.64892
7.56753
7.89947
7.87188
8.10032
7.55438
7.35789
7.28252
7.77594
7.8717
7.69091
8.01492
8.06723
8.19092
8.03603
7.64543
7.79214
7.57831
7.48374
7.50914
7.65192
8.31994
7.9519
7.93627
7.65261
7.84299
7.83156
7.85495
7.79188
7.55301
8.12826
7.80189
8.04792
8.18091
8.80365
8.47267
8.44266
8.23629
8.18765
8.06439
7.88624
7.7365
7.87452
7.98629
7.65635
7.76925
7.61185
7.71668
8.0094
7.96588
7.27918
7.35409
7.3224
8.14412
7.81862
8.08933
8.00664
7.78687
7.6184
7.71154
8.30267
8.35815
8.17966
8.00764
7.94325
7.96162
8.29224
8.20588
8.04202
7.83587
7.77817
7.98487
8.03621
7.36764
7.44592
7.5841
8.0418
7.62713
7.58668
7.8104
7.78153
7.33249
7.18069
6.78686
7.08528
7.22397
7.31476
7.48699
7.70911
7.57017
7.7594
7.61825
7.4844
7.41595
7.44892
7.64094
7.44559
7.30803
7.33846
7.66932
7.72952
7.72949
7.71546
7.55588
7.7579
7.44353
7.24026
6.74588
6.63175
7.20308
6.8016
6.53537
7.03922
7.17871
7.4235
7.40636
7.53092
7.30939
7.40386
7.43452
7.57229
7.40429
7.18236
7.32617
7.62282
7.51799
7.14682
7.46205
7.30768
7.51499
7.31985
7.08531
7.07724
7.49023
7.19798
6.7963
7.24058
7.50924
7.50838
7.20832
6.7623
6.60178
6.34167
6.30091
6.72527
6.90794
6.91051
6.94845
7.05847
7.50627
7.61958
7.40156
7.21102
7.35527
7.39936
7.151
7.44092
7.21435
7.15346
7.46409
7.86322
7.72964
8.11651
7.86388
8.21338
8.48248
8.46714
8.39056
8.67304
8.82109
8.28968
7.91406
7.88747
7.67382
6.79638
7.4264
6.82329
6.99713
7.03296
7.55232
7.52055
7.48925
7.18853
7.19854
7.48769
7.34449
7.36761
7.06528
7.49557
8.00952
7.87757
7.76006
7.34722
7.27135
7.31745
7.41988
7.41069
7.32888
7.40691
7.29723
7.61126
7.56436
7.53064
6.83155
7.48296
7.28086
7.35257
7.17907
7.1792
7.09511
6.88384
7.37109
7.03503
7.33365
7.07783
6.99022
6.64327
7.08662
6.60038
6.75297
6.56729
6.92208
6.86342
6.91198
6.6525
6.85614
6.70662
6.76965
6.67413
7.37343
7.30432
7.68871
7.75824
7.39972
7.19437
7.24078
7.47757
7.74554
7.79741
7.89856
7.52107
7.75934
7.92742
7.72687
7.30951
7.09013
7.25873
7.86618
7.72602
7.37701
7.71031
7.00214
7.62233
7.55681
7.88819
7.82047
7.44363
7.45528
7.49397
7.71622
7.99525
7.50669
7.65048
7.93591
8.18927
8.52695
8.48502
8.7928
8.49086
8.42484
8.40166
8.57015
8.00147
7.8697
7.29218
7.06096
7.0307
7.2587
7.11984
6.93444
7.03902
6.78238
7.21493
7.3813
7.08878
7.2552
7.3734
6.87427
6.74726
7.13862
7.30755
7.10766
7.00336
6.87753
7.09851
7.60213
8.07433
7.83103
8.1643
8.45482
8.51392
8.74307
8.14758
8.42602
8.1035
7.94469
8.28542
8.05529
7.75252
7.76643
7.09884
7.61511
7.83027
7.2878
7.19182
7.03392
6.82317
6.69794
7.01536
6.97281
6.877
7.0471
7.49021
7.75021
7.78303
7.88257
7.97707
7.7632
8.1265
8.19584
8.00579
7.82281
7.86946
7.86564
7.70439
8.27517
7.79105
8.46875
7.94631
7.79838
7.91878
7.84389
7.8167
7.96824
7.61033
7.54826
7.262
7.47993
7.3954
7.57503
7.38968
7.10044
7.18678
7.13918
7.39062
6.92461
7.01648
6.80472
7.06032
6.97018
6.92486
7.11808
7.30573
7.34175
7.62626
7.14165
6.88441
6.90112
7.287
6.97617
6.98421
7.17927
7.2963
7.9503
7.9896
7.91132
7.77342
7.55774
7.86131
7.61801
7.71094
7.58803
8.09793
8.3716
8.74937
8.64938
8.61724
8.58136
7.7226
7.8769
7.60792
7.25347
7.75082
7.92386
8.06806
8.52552
8.21503
8.35813
7.77761
7.34752
7.57329
7.35567
7.15746
7.12367
6.99726
7.34907
7.48581
7.45905
7.76784
7.33156
7.11764
7.26026
7.53929
6.89741
6.91435
7.19794
7.13161
7.40701
7.65589
7.82772
7.61869
7.90546
8.14015
8.15526
8.04849
8.03454
8.30115
8.11012
8.46669
7.73943
7.80853
7.81643
7.66668
7.64064
7.56724
7.54148
8.02737
7.90955
7.70509
7.78714
8.01321
8.06249
8.43791
8.58166
8.06099
8.61491
8.40792
7.74181
8.06594
7.65454
7.82705
7.05538
6.98606
6.94001
7.25395
7.51888
7.70016
7.28803
7.69213
7.50248
7.83805
7.76414
7.82059
7.99284
7.49503
8.06397
7.95461
8.29203
8.22712
8.03345
8.0861
8.18196
8.48696
8.91624
8.6989
9.20941
8.90208
8.98992
9.24692
8.9812
8.48338
8.04168
8.08658
8.05153
8.37088
8.63362
8.59212
8.45259
8.25937
8.48744
8.77191
9.03058
8.99902
8.90075
8.89207
8.85293
8.9387
8.48956
8.63316
9.2105
9.19539
8.65325
8.67458
8.20856
7.80293
7.53762
7.55607
7.39088
7.42894
7.76832
8.04033
7.55294
7.46908
7.56957
7.77489
7.88246
7.58431
7.57802
7.87717
7.93453
8.75957
8.42361
7.91766
7.88021
8.10186
8.66393
8.52349
8.75234
8.64429
8.53297
8.40478
7.94164
7.95078
8.07515
7.49157
7.83109
7.84629
8.06776
7.93731
7.65845
7.60971
7.85385
8.39281
8.46449
8.59911
8.53072
8.24037
7.64703
7.76954
8.09591
7.99867
7.9248
7.88024
7.56883
7.23803
7.14069
7.34194
7.45283
7.60201
7.2694
7.54011
7.73651
7.59321
7.51744
7.751
7.8088
7.31545
7.69145
7.97571
7.67899
7.7135
7.75086
7.88191
7.24375
7.27668
7.29913
6.94234
7.45581
7.65871
7.4364
7.31749
7.335
7.22321
7.01428
7.17103
7.30659
7.1207
6.73568
6.82569
7.15196
7.19927
7.25908
7.26207
7.44267
7.49882
7.6743
7.588
7.42086
7.544
7.43664
7.31039
7.32543
7.61389
7.27714
7.26675
7.18753
6.91276
6.43524
6.49376
6.73109
7.23303
6.95313
7.06014
7.09862
7.27948
7.22342
7.12361
7.34463
7.2394
7.60036
7.9141
8.0013
8.19316
7.86378
8.40415
8.07928
7.69807
7.7087
7.5658
7.89752
7.97877
8.21789
8.25614
8.10511
7.86728
7.71328
7.44192
7.14506
7.35322
7.25911
7.51052
7.99546
8.16147
7.92282
7.89672
8.20331
8.03304
7.99193
7.86886
7.54736
8.05647
7.97182
7.95796
7.89474
7.94422
7.85209
7.66178
7.44068
7.15197
7.46676
7.93249
7.77283
7.2923
7.47774
8.05934
8.04719
8.21144
8.3225
8.13452
8.20282
7.77103
7.20412
7.38537
7.06646
7.04226
7.1377
6.85719
6.8596
7.13389
7.36418
7.12865
7.52899
7.70558
7.57256
7.7314
7.68883
8.30039
7.91903
7.75453
7.86173
7.36106
7.03517
7.66627
8.04319
8.25712
8.28846
8.3698
8.24933
8.14867
8.31799
7.8073
7.74854
7.62798
7.79719
7.5922
7.91366
8.12567
8.23579
7.96749
7.38649
7.33113
6.94105
7.07885
7.41699
7.56759
7.63051
7.80081
7.96065
8.18827
8.55599
8.13892
8.23499
7.85105
7.83701
7.83342
7.56419
7.28754
7.18183
7.21244
7.39791
6.78441
7.03101
7.16318
7.21048
7.49339
7.59671
7.7709
7.39801
7.50533
7.60461
7.28215
7.55932
7.19592
7.15615
6.97512
6.7872
6.78567
7.07996
6.66452
7.09956
7.10195
6.88266
6.72331
7.36964
7.17221
6.95933
6.94166
7.23143
7.73253
7.54794
8.18845
8.13916
8.11651
8.12172
7.57693
8.45231
8.60308
8.74583
8.5799
8.44308
8.2733
8.32237
8.2978
8.14455
7.75115
8.27826
8.24178
8.36958
8.62353
7.78889
7.46684
7.41272
7.60287
7.22742
7.14452
7.18466
7.10003
7.07201
7.52303
7.25653
7.47526
7.41617
7.89596
7.74946
7.53243
7.70266
7.63687
7.44183
7.58403
7.60936
7.61515
7.82905
8.09518
7.74918
7.64517
7.98657
7.57386
7.87064
8.23993
8.40027
8.56571
8.79707
8.80311
8.62795
9.097
8.91266
8.61895
8.54079
8.67357
9.17458
9.13233
8.9474
8.79056
8.52911
8.44891
8.5812
8.43749
8.26104
8.29593
8.37817
8.25139
8.45284
8.37275
8.58561
8.39137
8.63206
8.01645
8.11971
8.07192
7.83258
8.27935
7.55336
7.47072
7.00738
7.27416
7.31142
7.05139
7.41101
7.31005
7.33674
8.05032
8.15195
7.42274
7.54738
7.70262
8.00109
7.86112
7.95437
8.34092
8.54088
8.32507
8.30697
7.57155
8.07516
8.24999
8.57594
8.85919
8.76353
8.56118
8.28108
8.25269
8.11381
8.02501
7.66547
7.50905
7.80559
7.55616
7.40563
7.03505
6.97502
7.1652
7.51833
7.54849
7.3076
7.80152
7.2243
6.93748
6.86723
6.71787
6.67236
6.89405
6.82393
7.0473
6.96279
7.24953
7.12756
7.45111
7.77153
7.72973
7.41507
7.98654
7.9511
7.78781
7.92944
7.78138
7.71232
7.6929
7.49278
7.24364
7.67357
7.91111
8.38451
7.83226
7.69857
7.71542
7.90538
8.13469
7.93936
7.86779
8.25556
8.42589
8.38765
8.41646
8.60043
7.74056
7.74828
8.34313
8.17575
8.33949
8.47638
8.22238
8.65127
9.45191
9.16766
9.05126
8.79859
8.83973
8.79196
8.96668
9.16983
8.78464
8.48785
8.46398
8.26144
8.1887
8.25609
8.23488
8.13299
8.37406
8.08399
7.83521
7.41708
7.54017
7.65178
8.22646
7.70269
7.39309
7.8064
7.91229
8.30162
8.19003
7.96473
8.24533
8.27118
8.39299
8.30831
7.98688
7.57272
7.86581
7.70361
7.76971
7.81758
7.80323
7.60647
7.71646
7.73824
7.50075
8.02487
7.99302
8.13274
8.14374
7.64869
7.80064
7.89743
7.85748
7.70251
7.89543
7.85935
7.49182
6.92371
7.2781
7.38837
7.60013
7.51411
7.37819
7.14181
7.06106
6.78059
6.78906
6.69977
7.04701
6.99996
7.2982
7.1175
7.33128
7.00655
7.53667
7.1467
7.63081
7.43219
7.46668
7.58584
7.85055
7.64871
7.52722
7.78947
7.76659
7.77217
7.99692
8.3713
7.91241
7.94022
8.11056
8.08202
9.07043
8.84242
8.60552
8.40308
8.43853
8.77633
9.20921
8.58069
8.4827
8.58718
8.37522
8.75909
8.61096
8.48881
8.24067
7.89172
7.90187
7.8637
7.84011
8.1363
7.96176
7.6432
7.77251
7.84796
7.53636
7.78342
7.86975
7.92812
8.1009
8.0996
8.5362
8.38092
8.8529
8.34295
8.25163
7.84604
8.41773
8.15545
8.01877
7.92652
7.86759
7.91222
8.28632
8.16
8.22696
8.47622
8.81597
8.47177
8.0227
8.00175
7.54485
7.38461
8.01543
8.13652
8.02753
7.96573
8.33975
7.78369
8.41081
8.06539
8.31197
8.18524
8.14448
8.33469
8.42909
7.86085
7.95672
8.50114
8.17746
8.06308
7.99201
8.82661
8.80908
8.35619
7.92965
7.76038
7.5439
7.76852
7.81196
7.861
7.64433
7.61304
7.75271
7.92548
7.96443
8.13061
8.15042
8.29624
7.93049
7.85707
7.68673
8.12363
7.52189
7.77119
7.97634
8.18989
8.12754
8.31618
7.64868
7.70208
7.62794
7.91881
8.27779
8.3032
8.43499
8.30664
8.36982
7.779
8.03947
8.24227
7.83328
7.8619
7.72006
8.13696
8.33965
8.32404
7.87216
7.82463
7.82621
7.74922
7.95642
8.11695
8.12371
7.88469
7.83602
7.67471
7.58809
7.87425
7.67134
7.36549
7.64393
7.66115
7.5455
7.3511
7.23121
7.28125
7.67712
7.77878
7.56773
7.28042
7.35283
7.55305
7.35339
7.05925
7.03581
7.01093
7.16774
6.8561
6.92028
7.22806
6.72511
6.64817
7.1841
7.36798
7.26359
7.1025
6.87617
6.84483
6.77345
6.83836
7.06488
7.31023
7.24697
7.05907
7.20793
7.4006
7.45284
7.17709
7.61599
7.79179
7.54618
7.41504
7.42463
7.57667
7.76736
7.87997
7.71315
7.20093
7.50845
7.31736
7.35996
7.45629
7.60865
7.46039
7.14269
7.08282
7.05062
7.35574
7.02598
7.23029
7.18523
7.2727
7.28041
7.38803
7.79653
8.46945
8.55032
8.95639
8.37142
8.55683
8.30356
8.05778
7.83905
7.65328
7.86674
7.66989
7.50378
8.05389
8.39535
8.15107
7.75525
7.29173
7.3614
8.46327
8.06356
8.75622
8.83373
8.87325
8.64873
8.03028
8.39001
8.31289
7.87796
7.95874
7.40322
7.70649
8.24862
8.30725
7.71698
7.2823
7.52254
7.43362
8.00502
7.54255
7.56257
7.59744
7.85404
7.80125
8.05987
7.71925
7.51616
7.63736
8.07365
7.66101
7.95381
8.2083
8.42357
8.57729
8.29675
7.95562
8.03959
8.65399
8.24755
8.30033
8.44903
8.18389
8.5755
8.20512
8.23338
8.14093
7.76072
7.92075
7.89719
7.92165
8.66451
8.47205
8.41387
8.03409
8.20416
8.53463
8.41345
8.08494
7.939
7.72663
8.00732
7.61553
7.48258
7.52511
7.6123
7.24987
7.72329
7.75159
7.74733
7.81869
7.72564
8.01142
8.47898
8.3383
8.69953
8.30378
8.29109
8.6586
8.58352
7.91532
7.88461
7.62384
8.20929
8.04882
8.20484
8.62052
7.93004
7.30265
7.34123
7.60108
7.94675
7.767
7.85291
8.00702
8.35969
8.42207
8.06782
8.36117
8.90636
8.40774
8.30466
7.63374
7.83303
7.6837
8.0731
8.36108
8.54603
8.61683
8.47537
8.19808
8.10967
7.91533
7.63798
7.73877
7.52477
7.64471
7.86211
8.37722
8.22156
8.3472
8.17981
8.61925
8.65405
8.58673
8.13793
8.20815
7.99367
8.26016
9.13243
8.60196
8.25545
7.88815
7.87246
7.86062
7.4185
7.37227
7.45589
8.16669
7.9278
7.68771
7.58444
7.77996
7.4414
7.67384
7.88002
7.77824
7.59855
7.57696
7.66837
7.62921
7.72267
7.65167
7.54195
7.55603
7.90722
8.07204
7.26625
7.34883
7.2287
7.08369
7.28044
7.55697
7.44672
7.34603
7.86278
7.45985
7.52215
7.38025
7.66302
7.6123
8.05673
7.95689
7.29583
7.59543
7.85894
7.43355
7.83319
7.69671
7.77855
7.25594
7.91832
7.50514
7.45143
7.87657
8.09622
7.72798
7.66297
7.51643
7.41536
7.21477
7.06508
7.0813
7.09845
6.97163
7.06111
6.95957
7.27666
7.46567
7.46221
7.39609
7.38096
7.0864
7.06481
7.04163
6.74989
6.65463
6.78108
7.40822
7.28357
7.76892
7.99965
8.51143
7.81648
7.48811
7.02344
7.12239
7.15512
7.65618
7.79986
7.72832
7.50234
7.83847
7.95024
8.02928
8.19949
8.0498
8.58258
7.87358
8.18618
8.29891
7.97453
7.87444
8.04925
7.67058
