0.0501183
0.0416593
0.0518573
0.0368175
0.0367128
0.037778
0.0408907
0.0408232
0.0473794
0.0529862
0.0443885
0.0342882
0.0445061
0.0304482
0.0462308
0.0391458
0.041287
0.0428743
0.0449657
0.0423358
0.046974
0.0436562
0.0346594
0.0452905
0.0361958
0.040099
0.0354219
0.0406062
0.0369447
0.0378729
0.0382165
0.0367607
0.0426024
0.0460068
0.0479634
0.0375197
0.050653
0.0475003
0.034753
0.031098
0.0296478
0.0427981
0.0537803
0.0474751
0.0342324
0.0316367
0.0344915
0.0440191
0.0452964
0.0453102
0.0476516
0.0401294
0.0522182
0.0394622
0.0318562
0.0463309
0.039277
0.0401868
0.0301242
0.0349095
0.0417901
0.0318257
0.0282837
0.0316422
0.0328344
0.0412045
0.0349938
0.0343534
0.0454368
0.0476213
0.044309
0.0357731
0.0407295
0.0299568
0.0375629
0.0393068
0.0525336
0.0447228
0.0378582
0.0383249
0.0347649
0.0347418
0.0569603
0.042574
0.0454338
0.039378
0.0333369
0.038321
0.0366984
0.0323043
0.0508371
0.061019
0.0417924
0.043916
0.0490193
0.040115
0.0524297
0.0485932
0.0387986
0.046822
0.0477957
0.0381061
0.0516909
0.0449285
0.0435082
0.0414349
0.0424386
0.035087
0.0447221
0.0403722
0.0433774
0.0385956
0.0336584
0.0340074
0.0371751
0.0424311
0.0381882
0.0434565
0.0356913
0.0493117
0.0468531
0.0342226
0.0378811
0.0431516
0.0405572
0.0351416
0.0403945
0.0444015
0.0425815
0.0404222
0.0423457
0.0425803
0.0388339
0.0386174
0.0514385
0.041665
0.0507685
0.0491813
0.0376716
0.0365957
0.0333068
0.0390991
0.0384189
0.0296463
0.0355715
0.036237
0.0375314
0.044808
0.0545163
0.0434806
0.0429838
0.0549397
0.0453508
0.0386546
0.0350681
0.0351313
0.0429827
0.0497692
0.0475447
0.0421488
0.0355888
0.0394326
0.0404887
0.0441046
0.0455262
0.0314302
0.0520343
0.0498142
0.0413334
0.0443707
0.0458501
0.0429491
0.0445217
0.0458723
0.0409124
0.0528112
0.0451225
0.0377748
0.0554679
0.0385631
0.0424553
0.0490144
0.0441645
0.0426095
0.0366456
0.0256032
0.034553
0.026661
0.0308352
0.0285295
0.0270912
0.0334473
0.0321688
0.0340851
0.0418679
0.0329206
0.0359017
0.0494963
0.0412048
0.0537491
0.0382407
0.0401292
0.0396461
0.041314
0.0472268
0.0367962
0.032117
0.0318808
0.0361481
0.0425486
0.0597215
0.0443254
0.0521268
0.0325299
0.0464944
0.0403192
0.0440651
0.0486033
0.0398481
0.036217
0.0560347
0.033224
0.0356719
0.0418237
0.040288
0.0436005
0.028235
0.0367839
0.029425
0.0450705
0.0321458
0.0443286
0.052902
0.0396055
0.028565
0.0468715
0.0417166
0.0367702
0.0541762
0.0368822
0.052043
0.0522158
0.0492587
0.0379708
0.0397789
0.0393953
0.0416867
0.0429024
0.0416488
0.0386865
0.0374429
0.0312786
0.0546079
0.0558541
0.0570374
0.0474187
0.0544584
0.0440913
0.039109
0.0391896
0.0469206
0.0446238
0.0497765
0.0383247
0.0442367
0.0432753
0.0446829
0.0397924
0.0427975
0.0319291
0.0304053
0.0456821
0.04402
0.0317804
0.0339796
0.0384168
0.0447512
0.0447048
0.0410112
0.0548605
0.0545621
0.0358293
0.04484
0.0406072
0.0430897
0.0577478
0.0378412
0.0485873
0.058537
0.0678564
0.063827
0.0376671
0.0343708
0.0387892
0.0495333
0.0469846
0.0494922
0.0574873
0.0374601
0.0645768
0.0407022
0.0413652
0.0370736
0.0388511
0.042539
0.0547882
0.0308663
0.0361673
0.0337847
0.0318581
0.0244948
0.0265278
0.0339106
0.0435086
0.0351423
0.0358821
0.0452122
0.0459288
0.0474283
0.0412603
0.0333989
0.0312621
0.0681442
0.0417217
0.0444841
0.0458475
0.0383225
0.0279365
0.0353766
0.0464602
0.0455086
0.0435442
0.0424522
0.0304677
0.0315962
0.0435227
0.0431243
0.0396495
0.056267
0.0529802
0.0532717
0.033019
0.0394492
0.0324931
0.0642971
0.0451429
0.0400893
0.0395068
0.0398119
0.0431341
0.0412398
0.0536641
0.0476448
0.042327
0.0448109
0.0498342
0.0391519
0.0421262
0.0427466
0.0330694
0.0354072
0.0389938
0.0453184
0.0457102
0.0401692
0.0585011
0.046047
0.0493955
0.0534578
0.0361784
0.0380143
0.0384894
0.0457322
0.035965
0.0382029
0.0448677
0.044393
0.0519603
0.0398639
0.0402961
0.0299337
0.0380518
0.0364254
0.0382061
0.062569
0.0403752
0.0371328
0.042349
0.0482596
0.0479037
0.0430388
0.0352201
0.0336522
0.0488841
0.0402657
0.0430707
0.0589652
0.0699761
0.0493627
0.0456383
0.0462356
0.0399004
0.0448652
0.0421665
0.0449046
0.0317553
0.0528524
0.0460429
0.0418749
0.0330491
0.0402763
0.0391073
0.044464
0.0529476
0.0627672
0.0462766
0.0466282
0.052907
0.040819
0.0424905
0.0559561
0.0645862
0.0565656
0.064463
0.0436614
0.0406339
0.0406427
0.0342196
0.0310386
0.0334903
0.0422686
0.043192
0.0537906
0.0412253
0.0309425
0.0348445
0.0416636
0.0385465
0.056693
0.0435114
0.0468029
0.0379833
0.0510172
0.0490674
0.044212
0.0314772
0.0324464
0.0415138
0.0431683
0.0464844
0.0425949
0.0604781
0.0414476
0.0593403
0.0358278
0.0348531
0.0433974
0.0377895
0.0389566
0.0448714
0.0483407
0.0387157
0.045129
0.030823
0.050918
0.0415536
0.0450517
0.0430576
0.0441921
0.0389192
0.0403591
0.0320908
0.0419256
0.0361942
0.0399778
0.0548529
0.0445251
0.0386574
0.0398221
0.0428726
0.0356896
0.0469894
0.037463
0.0470345
0.0404966
0.0447263
0.0449674
0.0509857
0.0569667
0.0432165
0.0421015
0.0462827
0.0405666
0.032482
0.032467
0.0352707
0.0389629
0.0510298
0.0401445
0.0267962
0.0303168
0.025849
0.0478182
0.0542833
0.0401743
0.0443694
0.0306476
0.0433042
0.0556385
0.0618123
0.0529655
0.0414275
0.0376167
0.0319388
0.0336138
0.0303962
0.0368452
0.0466293
0.053796
0.0361797
0.0353879
0.0372221
0.040415
0.0331751
0.0442506
0.0301155
0.0341193
0.0485747
0.040128
0.0417725
0.0596775
0.0501818
0.0454775
0.062816
0.0617552
0.0334067
0.0344837
0.0343461
0.0485526
0.0463276
0.0456908
0.0476334
0.0377389
0.0401631
0.0403567
0.0435661
0.0476381
0.0394427
0.0377483
0.0403032
0.0575037
0.0385563
0.035501
0.0437942
0.0533267
0.0449934
0.0333534
0.0281583
0.0325589
0.0451547
0.0444599
0.0508681
0.0354783
0.0340526
0.0481445
0.0491394
0.0338188
0.029425
0.0372087
0.0346894
0.0436433
0.0352067
0.0312787
0.0309966
0.031913
0.0367752
0.0416755
0.0420999
0.0307383
0.0285571
0.0449516
0.0487973
0.0393763
0.035569
0.0422656
0.0457673
0.0348304
0.0363936
0.0442377
0.0425163
0.0528747
0.0604822
0.0500075
0.041398
0.030911
0.0363629
0.0429354
0.0441892
0.0528321
0.0537519
0.0440511
0.0671706
0.0349301
0.0390506
0.0280021
0.0360278
0.0418884
0.0346742
0.0380642
0.0347204
0.0330488
0.0363254
0.0373007
0.0371971
0.0435386
0.0564809
0.037676
0.0410476
0.0345382
0.0323308
0.0488791
0.0449565
0.0353234
0.0312074
0.0350768
0.0389173
0.0465778
0.0533786
0.0483767
0.0502677
0.0528825
0.0594988
0.0450398
0.0437793
0.0328849
0.0307502
0.0493034
0.0494492
0.0414136
0.0467309
0.0315704
0.041917
0.0406715
0.0402746
0.0449634
0.0454692
0.0439393
0.035266
0.0360331
0.0401042
0.0398833
0.0592836
0.0427173
0.0470466
0.0402783
0.0380063
0.0367581
0.0519369
0.0527448
0.048277
0.0356658
0.0420581
0.0471907
0.035118
0.0271864
0.0358128
0.0331336
0.035092
0.0411857
0.0450667
0.0486462
0.0453176
0.0328151
0.0350234
0.038519
0.0384707
0.0516638
0.0490838
0.0490016
0.0416046
0.0386803
0.0507643
0.0547473
0.0369021
0.0416068
0.0420905
0.0362962
0.0398198
0.0357467
0.0375311
0.0525232
0.0370432
0.047062
0.0412787
0.0421004
0.0372903
0.0382963
0.0499932
0.0371421
0.0451425
0.0470881
0.0369732
0.0374702
0.0347844
0.0336064
0.0399705
0.0392904
0.0327123
0.0379267
0.0405305
0.0437566
0.0538815
0.0452339
0.0349851
0.0342131
0.0536374
0.0667918
0.0430999
0.0349483
0.0409058
0.0392045
0.0416147
0.049609
0.0370222
0.0389648
0.0439472
0.0397538
0.042834
0.050202
0.0397891
0.0505403
0.042882
0.0630495
0.0616601
0.0495449
0.066085
0.065745
0.048289
0.0421095
0.0443503
0.0515642
0.0375849
0.0391819
0.0350458
0.032834
0.0388458
0.0492074
0.0492193
0.0379577
0.0392672
0.0377925
0.0379239
0.0456664
0.0485299
0.0378696
0.0437981
0.0414532
0.0418288
0.0445242
0.0427794
0.0391488
0.0361605
0.0357418
0.0348779
0.0344726
0.0415832
0.0394996
0.042042
0.0363061
0.0376262
0.0432913
0.0421889
0.0374434
0.0305714
0.0303765
0.0425041
0.0484138
0.0395046
0.029153
0.0368897
0.0394392
0.0385468
0.0366395
0.0390321
0.0570057
0.0385016
0.0467168
0.0482312
0.0486549
0.0374001
0.0340142
0.0344941
0.0332106
0.0354389
0.0582277
0.0406902
0.0427208
0.0422286
0.0571951
0.0313832
0.0327582
0.0487486
0.0486637
0.0527425
0.0322502
0.0374752
0.040267
0.0514043
0.0381238
0.0379813
0.0538576
0.0428001
0.0549299
0.0461078
0.0559486
0.0484416
0.0448435
0.0421836
0.0480244
0.0353206
0.0410795
0.0319756
0.0395929
0.0414265
0.0390006
0.0313885
0.0488779
0.0528037
0.0414792
0.032795
0.0309447
0.0381344
0.0348493
0.0408623
0.0375443
0.0347472
0.0347385
0.0369804
0.0470994
0.0530463
0.0460179
0.0427112
0.0399098
0.0316421
0.0312073
0.031849
0.0350515
0.0388827
0.0360115
0.0368446
0.0381564
0.0518359
0.0467317
0.0445729
0.0485541
0.0408178
0.0437519
0.0413063
0.0449292
0.0454509
0.0358831
0.0409558
0.0281932
0.0437533
0.0417284
0.0426797
0.0468765
0.0441146
0.0392756
0.0395684
0.0407484
0.0354124
0.0355949
0.0432705
0.0430544
0.0314122
0.0356873
0.0298049
0.0433073
0.0459518
0.0381783
0.0329668
0.0348978
0.0363583
0.0293074
0.0352247
0.0601895
0.0538652
0.0418954
0.0299746
0.0367262
0.0455044
0.0403211
0.0344179
0.038494
0.0400786
0.0407024
0.0506122
0.0489201
0.0415295
0.033891
0.0326435
0.0371323
0.0451165
0.036381
0.0362307
0.0351526
0.0382912
0.0348059
0.0386831
0.0450331
0.0414516
0.0485107
0.0396113
0.0397659
0.0391454
0.0397883
0.0462815
0.0469275
0.0358563
0.0374991
0.0319635
0.0380666
0.0383267
0.0419416
0.0300106
0.0404649
0.0431847
0.0494617
0.033713
0.0387212
0.0500164
0.040336
0.0438708
0.0357255
0.0510057
0.0392927
0.0409913
0.028739
0.0381488
0.0306807
0.0373461
0.0330254
0.0437262
0.0420636
0.0412511
0.0318279
0.0398044
0.0396917
0.0447649
0.0432072
0.0332077
0.0490831
0.0560699
0.0536998
0.050654
0.0421406
0.0325375
0.0459643
0.0432387
0.0352792
0.0369015
0.0304916
0.0305997
0.0352404
0.0357732
0.0439939
0.0512768
0.044808
0.0384438
0.0462661
0.0423913
0.0397676
0.040811
0.0515628
0.0584206
0.0430682
0.0438051
0.0600128
0.0439849
0.0402897
0.0528465
0.0563409
0.0418656
0.0600418
0.0489924
0.0433795
0.048105
0.036162
0.0391781
0.0396087
0.0397378
0.0340839
0.0398329
0.0370711
0.0340582
0.0329604
0.0363244
0.0351382
0.0505411
0.0370901
0.0390212
0.0379368
0.046043
0.0422699
0.0527328
0.0535435
0.0337785
0.0474737
0.0431071
0.0386789
0.0361406
0.0398899
0.0308288
0.0365355
0.038972
0.0635877
0.0579021
0.0421128
0.0449606
0.0425062
0.055615
0.0468834
0.0425638
0.0507667
0.0390197
0.0427355
0.0345835
0.0421593
0.042085
0.0366458
0.0428488
0.0406516
0.037484
0.0411385
0.0490745
0.0448484
0.0382419
0.0456149
0.0520304
0.0393549
0.0368533
0.0331794
0.0417315
0.0374686
0.0464612
0.0333604
0.0414561
0.03202
0.0413707
0.0349847
0.0428705
0.0420282
0.0405311
0.0596027
0.0436236
0.0472714
0.043375
0.0341339
0.03441
0.0414014
0.0528
0.0361614
0.0326867
0.0327884
0.0293892
0.0357409
0.0334618
0.042186
0.0522123
0.0487133
0.0397121
0.0523542
0.046857
0.0480339
0.0403584
0.0453027
0.0626934
0.0520484
0.0422304
0.0607799
0.0582756
0.0369353
0.0436614
0.0414702
0.0394417
0.0374807
0.0325623
0.0380977
0.038845
0.0468952
0.0484433
0.041822
0.0411538
0.0398794
0.0340124
0.0361189
0.0397292
0.0604402
0.0497049
0.0389185
0.0325888
0.034635
0.0429041
0.0383173
0.0424064
0.0527198
0.0569241
0.0479487
0.0620093
0.0404921
0.0422898
0.0424807
0.047504
0.0402714
0.0511672
0.0369869
0.0497661
0.046307
0.0401499
0.0325982
0.0434324
0.03645
0.0540448
0.0412342
0.0639189
0.0590724
0.0681144
0.0362249
0.054931
0.050633
0.0372684
0.048248
0.0435145
0.0419595
0.0372777
0.0472662
0.0426636
0.035382
0.0285442
0.04354
0.0464303
0.0548864
0.0510139
0.0495234
0.0446525
0.0394791
0.0326751
0.0377048
0.042365
0.0299746
0.0502177
0.0307315
0.0275635
0.0420972
0.0328725
0.0457592
0.0392393
0.0443831
0.0501242
0.0386057
0.0440825
0.0511361
0.0356261
0.03141
0.0397544
0.0399123
0.0373099
0.0395124
0.0280182
0.035525
0.0454083
0.0364723
0.0446345
0.0341826
0.0365322
0.0403467
0.0466658
0.0470727
0.0493862
0.0457113
0.0731621
0.0544748
0.0554298
0.0482106
0.0582582
0.0384238
0.0404827
0.0494753
0.0571131
0.0406312
0.0409629
0.0439493
0.0513527
0.0555322
0.0465702
0.0497999
0.0530894
0.0526695
0.0404532
0.0494097
0.0526477
0.0558469
0.0357403
0.0359341
0.0452616
0.0468494
0.0387629
0.0415541
0.0419074
0.0498782
0.0386704
0.0374312
0.0342995
0.0396452
0.0505199
0.0391533
0.0464495
0.0351482
0.0361033
0.0376936
0.0320938
0.0343706
0.0430361
0.0441864
0.0550899
0.0506025
0.0381841
0.0390269
0.0391603
0.0518392
0.0329813
0.0478346
0.0528854
0.0444317
0.0420886
0.0584792
0.0427081
0.0381478
0.0361656
0.0374842
0.0586094
0.0387484
0.032268
0.04306
0.0279514
0.0335802
0.0349821
0.0351515
0.039758
0.0472801
0.0514735
0.0657468
0.0609675
0.0655081
0.0390956
0.0385745
0.0503577
0.0444304
0.0453241
0.0539779
0.0466271
0.0421419
0.0488194
0.0629994
0.0579425
0.0477066
0.040376
0.0351312
0.0388226
0.0332584
0.0366187
0.0662198
0.0494034
0.0547673
0.0340813
0.0363124
0.0343018
0.0356615
0.0543402
0.0491655
0.0334373
0.041267
0.0300458
0.044081
0.0416119
0.0358997
0.0409424
0.0378883
0.0543214
0.0423537
0.0535356
0.0450214
0.0317329
0.0634677
0.042714
0.0389739
0.033922
0.0452745
0.0443481
0.0581553
0.0453403
0.0415677
0.0409474
0.0402091
0.0473034
0.049371
0.0433793
0.0395422
0.0358119
0.0422428
0.0384431
0.0356541
0.0344361
0.0404944
0.0485166
0.0310359
0.0392418
0.0457353
0.0433999
0.0450818
0.0414734
0.0438602
0.0413701
0.0328423
0.030734
0.0340477
0.0482573
0.0623753
0.0365443
0.0482287
0.0476922
0.0563692
0.0459767
0.0327708
0.032017
0.0464847
0.0548823
0.0406744
0.0420126
0.0423565
0.0476654
0.04302
0.0349667
0.0369426
0.0382875
0.0410304
0.0454144
0.0573418
0.0459131
0.044341
0.0439823
0.0368122
0.0401379
0.0374411
0.0470915
0.0333825
0.0360339
0.035533
0.051283
0.0403963
0.0469398
0.0416359
0.0487288
0.0505699
0.041554
0.027082
0.0333234
0.0403265
0.0367915
0.0402397
0.0359598
0.0259693
0.0298878
0.0462132
0.0499652
0.0494509
0.0462511
0.035534
0.0448463
0.0478615
0.0485534
0.0476052
0.0395827
0.0425026
0.046601
0.0494986
0.0464168
0.0350391
0.0482895
0.0443852
0.0449076
0.050753
0.0544453
0.0423645
0.0252987
0.0319277
0.039951
0.0478915
0.0502694
0.0407102
0.040218
0.039818
0.0393435
0.0378084
0.0645245
0.0512164
0.0443259
0.0424081
0.0398129
0.0381187
0.0400033
0.0530385
0.0389221
0.0422996
0.0416266
0.0407359
0.0300732
0.0375526
0.0521944
0.048141
0.0446685
0.038676
0.0321722
0.0389721
0.0392367
0.0405916
0.0559839
0.0364352
0.0455092
0.05012
0.0310386
0.0401202
0.0393461
0.038633
0.0375575
0.0558253
0.0433761
0.0403257
0.0430468
0.0421614
0.0369915
0.0329896
0.0419813
0.0509738
0.0468973
0.0387136
0.0354041
0.0288134
0.0345348
0.0439663
0.0433174
0.0331617
0.0425033
0.0410608
0.0410423
0.0357135
0.0349233
0.0422719
0.0404319
0.0349789
0.0425448
0.0352099
0.045783
0.0627375
0.0401466
0.0388473
0.03472
0.0477959
0.0372397
0.0590285
0.0434154
0.0479507
0.0437586
0.0347535
0.0276095
0.0459933
0.0537591
0.0410315
0.0522895
0.0380591
0.0422671
0.0399276
0.0403924
0.0350569
0.0407444
0.0366678
0.0360581
0.0382965
0.0314554
0.0470274
0.0405059
0.0551272
0.0337899
0.0489978
0.0350972
0.0494663
0.0399136
0.0312532
0.03217
0.0281633
0.0315854
0.0394805
0.0400857
0.0447097
0.0411082
0.0347069
0.0295091
0.0317514
0.0378728
0.0410637
0.0347643
0.0378621
0.0365637
0.0459084
0.0469931
0.0557945
0.0445615
0.0423806
0.0325218
0.0415976
0.0667514
0.0419361
0.0363067
0.0325918
0.0415366
0.0478303
0.0440742
0.0377468
0.0381495
0.0447609
0.0397143
0.033721
0.0465193
0.0412895
0.0460958
0.0471719
0.0377878
0.0282763
0.0299887
0.0334265
0.0358348
0.0299103
0.0454308
0.0343947
0.0419218
0.0568902
0.038105
0.0379216
0.035427
0.0460901
0.0406887
0.0477358
0.0358236
0.0411388
0.0400716
0.0339023
0.0443976
0.0508181
0.0497255
0.0407755
0.0470996
0.0518155
0.0412678
0.0455552
0.0418821
0.0630844
0.0499118
0.0365142
0.0386645
0.0481666
0.0532192
0.034738
0.0345151
0.0344867
0.0358007
0.0418151
0.0519644
0.0577028
0.0732841
0.0645515
0.060292
0.0579837
0.0611373
0.0475699
0.0400127
0.0432552
0.0359611
0.0408154
0.0439772
0.0404905
0.0489302
0.049412
0.03722
0.0481418
0.0416753
0.0470076
0.047095
0.0472701
0.0422806
0.0414874
0.0575007
0.0544299
0.0451181
0.0527237
0.0566367
0.0638652
0.0515757
0.0571313
0.0431994
0.0453163
0.0461208
0.0602368
0.0565495
0.0473799
0.0417725
0.0414209
0.0473096
0.039817
0.0345424
0.0442954
0.0296899
0.0358679
0.0442106
0.0434341
0.0341563
0.0404106
0.0551289
0.0329437
0.0319129
0.0328451
0.0363682
0.0489923
0.044885
0.0445504
0.0342222
0.0489186
0.0584704
0.0434354
0.0541895
0.0487896
0.0460262
0.0340261
0.0380393
0.0500745
0.0476215
0.0420872
0.0341348
0.0388953
0.0459352
0.0325756
0.0317497
0.0524682
0.0354915
0.0380869
0.0359157
0.0663235
0.041763
0.0417115
0.0568628
0.0601127
0.0420181
0.0397082
0.0387799
0.0394148
0.0440357
0.0490044
0.0521073
0.0402373
0.0363797
0.035241
0.0426507
0.0435758
0.0501427
0.0384157
0.037149
0.0469099
0.030947
0.0489758
0.0407171
0.0337336
0.0565408
0.0478905
0.0311365
0.0369436
0.0296385
0.0460787
0.0430313
0.0628349
0.0432349
0.0388435
0.0393288
0.0425377
0.0449318
0.0408848
0.0452807
0.041173
0.0432115
0.0608316
0.0512772
0.0359248
0.04151
0.0468177
0.0373397
0.0406536
0.0418969
0.0422255
0.0343892
0.0374727
0.0435653
0.041487
0.0564633
0.04264
0.0412492
0.0524335
0.0516772
0.0525867
0.0434456
0.0408556
0.0349414
0.0467158
0.0388445
0.0401512
0.0460869
0.0542113
0.0395846
0.0454132
0.0451878
0.0465844
0.0354708
0.0307617
0.0496241
0.0451035
0.0476669
0.0685189
0.0372711
0.0468359
0.0512164
0.037375
0.0337491
0.0552726
0.0459076
0.0406031
0.0460877
0.0470599
0.0296378
0.031871
0.0469317
0.035691
0.0676051
0.0456411
0.0329476
0.0350471
0.035803
0.0493104
0.0640557
0.0428767
0.0346983
0.0349042
0.0329697
0.0394619
0.0329611
0.0341558
0.0447137
0.0478086
0.0366391
0.062422
0.0439416
0.0429817
0.0692732
0.0546731
0.0494414
0.0422402
0.0406548
0.0345687
0.0437591
0.0336099
0.0449299
0.0598697
0.0541491
0.0516676
0.0517607
0.0475045
0.0549246
0.0393742
0.0307539
0.0299971
0.0485636
0.0494144
0.053719
0.0304391
0.0456754
0.0549673
0.03956
0.0344568
0.0332561
0.0376698
0.0323435
0.043681
0.0376504
0.0506327
0.0523941
0.0536795
0.050054
0.048428
0.0447338
0.0333295
0.0341918
0.0443249
0.0467274
0.0486708
0.0377754
0.0418148
0.0322831
0.0394173
0.0501628
0.0410596
0.0408026
0.0362529
0.0469836
0.0387429
0.0362164
0.0515019
0.0531897
0.0365024
0.0352869
0.0385168
0.0353854
0.0310484
0.0338267
0.0402314
0.0378428
0.0354907
0.0364482
0.0655946
0.0545992
0.0451276
0.0422583
0.046585
0.0452592
0.0453986
0.0331684
0.0385046
0.057802
0.0498121
0.0414983
0.0470574
0.0391872
0.0367617
0.0358742
0.0398705
0.0435379
0.0426016
0.044851
0.0321613
0.0381765
0.0408366
0.035839
0.0441317
0.0380268
0.0392589
0.0532567
0.0383319
0.038489
0.0370096
0.048672
0.0570066
0.0499522
0.0405516
0.0522966
0.0659207
0.0505732
0.037316
0.0411609
0.0462342
0.0421396
0.0560923
0.0396234
0.0436847
0.0408488
0.0423592
0.04073
0.0357243
0.0410846
0.0343617
0.0365327
0.0376486
0.0615686
0.0460168
0.0501718
0.0545519
0.0428252
0.0420693
0.0495857
0.0355631
0.0387409
0.0394613
0.0454708
0.0488313
0.0548869
0.0506864
0.0664108
0.0719262
0.0333311
0.0364985
0.03655
0.041015
0.0348607
0.0425207
0.0550113
0.0514073
0.0481864
0.036518
0.0453681
0.0421871
0.0426461
0.0447386
0.0380478
0.040827
0.0364441
0.0404781
0.0420164
0.0515952
0.0462292
0.0533748
0.0484248
0.0415611
0.0496373
0.043588
0.0448731
0.0535669
0.0496967
0.047089
0.0487331
0.0682617
0.0600792
0.0485218
0.0598562
0.0528094
0.0646591
0.0568046
0.0471118
0.0398674
0.0433326
0.051238
0.0469936
0.0447318
0.0446384
0.0391395
0.0395775
0.0391949
0.0420852
0.0430386
0.0450606
0.0457605
0.0463948
0.0397211
0.0442524
0.0378646
0.0435346
0.0454303
0.0408578
0.0458698
0.0531031
0.0495347
0.0413549
0.0390083
0.0406705
0.0311126
0.0390917
0.0319928
0.0398853
0.0346702
0.037994
0.0513499
0.0408504
0.0414808
0.0408229
0.0388528
0.0341118
0.0291249
0.043788
0.0605452
0.0423233
0.0353206
0.0332372
0.046386
0.0527587
0.0453068
0.0447125
0.0522073
0.0582865
0.0609354
0.0379836
0.0468132
0.0446581
0.0378196
0.0452163
0.0382929
0.0485897
0.0449423
0.03276
0.0359581
0.0524725
0.0352951
0.0452234
0.0360331
0.0375547
0.0448392
0.0404494
0.0594869
0.0442637
0.0378493
0.0360047
0.0459458
0.0403956
0.037744
0.0410934
0.0434404
0.0439402
0.0506613
0.0517056
0.0577764
0.0429187
0.0482056
0.0497752
0.0376658
0.0444673
0.0328507
0.0315416
0.0545918
0.0536971
0.0469806
0.0377857
0.0470594
0.037573
0.0538795
0.0533633
0.0399402
0.0462215
0.0398796
0.040871
0.0478318
0.0394318
0.0489037
0.0383486
0.069235
0.0635728
0.0606059
0.0603637
0.0363099
0.0533887
0.05333
0.0407137
0.0353514
0.0495435
0.0481738
0.0694581
0.0747233
0.0473051
0.0357662
0.0516071
0.0427724
0.0388809
0.0411724
0.0317739
0.0355022
0.0375238
0.0580671
0.0678842
0.0486166
0.0468742
0.0491641
0.0457661
0.0453946
0.041394
0.0350593
0.0514713
0.0448705
0.0443296
0.047842
0.0451795
0.0535009
0.0358176
0.0419193
0.0339157
0.039634
0.0362084
0.0359697
0.0454398
0.0448718
0.0322693
0.0431624
0.0272283
0.0277408
0.0309489
0.0341146
0.0333226
0.0391227
0.0418867
0.041139
0.0408554
0.0369292
0.0301439
0.0512401
0.0416118
0.0399102
0.0357377
0.0469498
0.0462211
0.0346483
0.0324471
0.0441722
0.0510361
0.0335153
0.0347344
0.0384408
0.0472754
0.0405922
0.0423287
0.0432434
0.0467443
0.0449192
0.0398595
0.0411352
0.0402141
0.0442383
0.0498655
0.0479635
0.0595597
0.0459565
0.0534776
0.0411188
0.0401922
0.0618286
0.0712094
0.0679636
0.0374253
0.0341353
0.0389125
0.0320143
0.0307226
0.0341231
0.0472572
0.0412986
0.0456604
0.0455069
0.0451041
0.0339318
0.0334017
0.0416457
0.0395857
0.0516634
0.0407608
0.0325436
0.0260827
0.0333587
0.0291974
0.0332921
0.0368088
0.030125
0.049001
0.062965
0.0462092
0.0412407
0.0343556
0.049094
0.0509077
0.0446921
0.0422712
0.0407911
0.0391069
0.0451579
0.0462435
0.0416544
0.0392528
0.0326352
0.0322829
0.034124
0.0308914
0.0290701
0.0349187
0.039085
0.0404146
0.0525176
0.0608609
0.0566566
0.0474968
0.0365004
0.0452615
0.0461007
0.0353334
0.0386222
0.0359384
0.0465629
0.0513165
0.0411267
0.0451453
0.0407084
0.0328433
0.0316686
0.0486423
0.0481513
0.0434212
0.0358354
0.0340374
0.0446575
0.0459386
0.0410186
0.0467502
0.0359038
0.0340742
0.0431556
0.0404929
0.037359
0.0388686
0.0461963
0.0383633
0.050989
0.0380309
0.0530408
0.0521354
0.0503779
0.0532295
0.0380572
0.0370825
0.041514
0.045236
0.0288379
0.0385449
0.0333046
0.0319
0.0516016
0.0428892
0.0348304
0.0456706
0.0343817
0.0664801
0.0517618
0.0508789
0.0394583
0.0492168
0.0328886
0.0373602
0.0462166
0.0446361
0.0394005
0.0410355
0.0354758
0.0371175
0.0426498
0.0385878
0.0424953
0.0371203
0.0333491
0.0457182
0.0346661
0.0360565
0.0419962
0.0391042
0.0446364
0.0446154
0.0350643
0.0622181
0.0482621
0.0462529
0.0354276
0.0507152
0.0453436
0.0507058
0.0456628
0.0429162
0.039993
0.0328205
0.0427785
0.0612823
0.0483188
0.0399408
0.0446103
0.0382464
0.0366883
0.0516389
0.0528648
0.0407271
0.0445844
0.0464978
0.056272
0.0414559
0.0465702
0.0415187
0.0436371
0.0372379
0.038965
0.0328129
0.0404773
0.0442208
0.0531086
0.0482165
0.0571622
0.0429352
0.0451053
0.0439324
0.0477785
0.0433237
0.0406445
0.0347072
0.0296873
0.0440759
0.0379442
0.0499914
0.0375769
0.0391504
0.0386351
0.0377846
0.0354272
0.0366065
0.0347788
0.0422291
0.0360574
0.0328591
0.0479012
0.0411405
0.0353961
0.0333506
0.0334155
0.0417517
0.0373849
0.0447524
0.0420228
0.0494551
0.0558931
0.0390181
0.0356484
0.0483506
0.0460534
0.0292371
0.0472949
0.0458982
0.0411858
0.0407382
0.0411962
0.0364397
0.0423288
0.0459977
0.0445172
0.0554996
0.0514193
0.0449951
0.0408603
0.0607281
0.0407312
0.0291979
0.0419014
0.048797
0.0370578
0.0500414
0.0597392
0.0459568
0.0499877
0.043399
0.0415772
0.0337487
0.0399591
0.0398732
0.0375851
0.0385887
0.0516497
0.0391463
0.0371148
0.0380123
0.0363357
0.0369659
0.0530145
0.0367473
0.0258418
0.0339586
0.0378231
0.0488671
0.0498521
0.0586852
0.046508
0.0394132
0.0308627
0.0366179
0.048831
0.0365426
0.0311383
0.0344514
0.0303852
0.0460156
0.0417644
0.0460373
0.0448657
0.0522315
0.0396325
0.0367113
0.04959
0.0412598
0.0363448
0.0421291
0.0405305
0.0535826
0.051718
0.0499013
0.0421507
0.0360476
0.0374663
0.0446662
0.0301216
0.0316447
0.0403706
0.0482223
0.0395288
0.0474355
0.0497313
0.0633636
0.0364756
0.0395069
0.0388845
0.0381506
0.034976
0.0332989
0.0472402
0.0421148
0.0603223
0.0499236
0.0419735
0.0392843
0.0356462
0.0431419
0.0414157
0.0650966
0.0427657
0.0376386
0.0514323
0.0382038
0.047805
0.0368795
0.0325369
0.0367005
0.05096
0.0613139
0.0516672
0.0448933
0.0443401
0.038364
0.0449899
0.0375752
0.0374914
0.0530278
0.0580212
0.0484368
0.0449749
0.045343
0.0484801
0.035047
0.0495073
0.0454862
0.0435682
0.0454031
0.0483923
0.0396398
0.0313357
0.0283016
0.0346842
0.047565
0.0443659
0.042529
0.0485418
0.0419101
0.0409663
0.0340209
0.0346989
0.0385618
0.0370281
0.0366729
0.0363201
0.0543598
0.0482108
0.0556471
0.04414
0.0353004
0.0373768
0.0310761
0.0400249
0.0546305
0.0474862
0.0576012
0.0423094
0.0391282
0.0382946
0.031067
0.0326004
0.0486351
0.0404845
0.0304393
0.0350207
0.0397887
0.0386236
0.0494714
0.0486479
0.0533687
0.0526768
0.0634216
0.0494245
0.0541317
0.0554112
0.0421227
0.0357244
0.0349979
0.0318327
0.0355569
0.0414294
0.0353236
0.0288061
0.0500765
0.0455015
0.0395641
0.037552
0.0411243
0.0379761
0.0436844
0.0346249
0.0411564
0.0426797
0.0385244
0.0226923
0.0430834
0.044564
0.0276635
0.0481429
0.0621546
0.0545658
0.0430593
0.0364948
0.0328075
0.0321809
0.0325739
0.0336618
0.0388849
0.0372906
0.0476709
0.0355581
0.0661438
0.0559992
0.0472023
0.0375471
0.0308898
0.0352139
0.046326
0.0327649
0.0538381
0.0396042
0.0328643
0.0399235
0.0458184
0.0278379
0.0412355
0.0390421
0.0436869
0.0270124
0.0357436
0.0454865
0.0450857
0.0350279
0.0399021
0.0485478
0.0375679
0.0415346
0.0452938
0.0514195
0.0331991
0.0433146
0.039975
0.0410589
0.0441675
0.0457531
0.0402196
0.0491888
0.0374237
0.0297706
0.0380967
0.0249977
0.0311206
0.0313805
0.0446091
0.0314665
0.0372142
0.0390975
0.039024
0.0470236
0.0369173
0.0434263
0.0365447
0.0471197
0.0493228
0.0349651
0.0398347
0.0405587
0.0318127
0.0319701
0.0398121
0.0460649
0.0344594
0.0387388
0.0427391
0.0393953
0.0533211
0.0604943
0.0534739
0.0377161
0.0458728
0.0363409
0.0354247
0.0320436
0.0275061
0.0442125
0.0418565
0.0429687
0.0427135
0.0386886
0.034675
0.0467895
0.0430569
0.0421811
0.0322018
0.0373499
0.0372351
0.0353234
0.0434004
0.0366836
0.0514434
0.041869
0.0385334
0.0533347
0.0526483
0.0387138
0.0376562
0.0417982
0.0442415
0.0376476
0.0556229
0.0310188
0.0363098
0.048396
0.0460909
0.0301943
0.0531864
0.0436385
0.0335516
0.0286016
0.0456746
0.0372298
0.0349513
0.0355793
0.0477257
0.0420015
0.0440813
0.0325673
0.0366583
0.0396891
0.0421908
0.0376072
0.0373304
0.0406487
0.0369773
0.0335375
0.0338596
0.0385129
0.0291702
0.0380197
0.0312257
0.0370577
0.0400143
0.0398676
0.0391464
0.0393919
0.0349272
0.0622262
0.0430645
0.0421558
0.0588696
0.0520321
0.0526928
0.0666713
0.0511146
0.0523957
0.0528683
0.0459706
0.0452674
0.0372327
0.0517184
0.0421809
0.0402086
0.0353258
0.0460692
0.0650548
0.0471965
0.0345993
0.0376483
0.0269792
0.0346795
0.043678
0.0456523
0.0387372
0.0368691
0.0566577
0.0416508
0.0521033
0.0359002
0.0478402
0.0370246
0.043274
0.0442957
0.0479527
0.0452516
0.0450176
0.0446385
0.0337345
0.0391856
0.0292733
0.0350812
0.0344696
0.0349431
0.0326859
0.0361097
0.0488253
0.0650066
0.047366
0.0549433
0.0402993
0.0358006
0.0456358
0.057164
0.0642317
0.0360745
0.0390918
0.0399538
0.0448614
0.0318586
0.0330957
0.0351179
0.0378239
0.0331599
0.0341447
0.0318463
0.0330357
0.0399626
0.0449157
0.0582205
0.0588673
0.0403516
0.042302
0.0397405
0.0418386
0.0312143
0.0472815
0.0378418
0.0316481
0.0311026
0.0350772
0.0362319
0.0344246
0.0346107
0.046832
0.0383669
0.0566466
0.0533761
0.0327279
0.0319383
0.0364263
0.0400909
0.0554381
0.0549891
0.054008
0.0338295
0.0283072
0.037094
0.0325337
0.0368596
0.0433275
0.0473299
0.0409232
0.03421
0.0551403
0.0368517
0.0433259
0.0300012
0.0305819
0.0335821
0.0369431
0.0512444
0.037108
0.0313502
0.0369623
0.0370825
0.0419889
0.0318745
0.0348697
0.0337166
0.0380513
0.0478574
0.0523267
0.0449867
0.0424668
0.0494042
0.0425808
0.0380698
0.0439951
0.0401996
0.0463128
0.035835
0.0348139
0.0556171
0.0389077
0.0454276
0.0507784
0.0486128
0.0422045
0.0485889
0.0488831
0.059363
0.0530618
0.0562545
0.0451079
0.0527505
0.0411646
0.035442
0.0430867
0.0386602
0.0381632
0.0418819
0.0390239
0.0327174
0.0359668
0.04013
0.0414034
0.0374189
0.0388708
0.0415102
0.0447136
0.0343615
0.0387693
0.0418837
0.0489818
0.0526458
0.0530482
0.0378147
0.0612367
0.0371045
0.0395588
0.0370187
0.0427972
0.0409225
0.0436976
0.0433694
0.0539479
0.0477267
0.0438796
0.0357151
0.0449107
0.0568884
0.0461454
0.055744
0.0554947
0.0486457
0.0411566
0.0541436
0.0520721
0.0417178
0.0509217
0.0424878
0.0352791
0.0432895
0.0423773
0.0341622
0.0435798
0.0369007
0.0415025
0.0385381
0.0329953
0.0321679
0.0398626
0.0416081
0.0398116
0.0490828
0.0424215
0.0489036
0.0269476
0.0390751
0.0391674
0.0552191
0.0521457
0.0469735
0.0486156
0.0429581
0.0415886
0.0341743
0.0347562
0.0375084
0.0434878
0.0445186
0.0403233
0.055264
0.0555592
0.0381326
0.0388319
0.0368232
0.0257063
0.0307629
0.0414618
0.0492393
0.0447806
0.043032
0.044989
0.0477304
0.0405981
0.0417188
0.039921
0.0371731
0.0439847
0.0426267
0.0397223
0.0381575
0.0565819
0.0404323
0.046492
0.0541229
0.0419041
0.0424066
0.0529311
0.0551061
0.0354769
0.0393365
0.0397525
0.0556276
0.0385073
0.0441583
0.0339231
0.0326016
0.02862
0.0306054
0.0339422
0.0427254
0.0517023
0.0624151
0.0606627
0.059678
0.0455497
0.0506856
0.0460861
0.0410293
0.0440923
0.0442784
0.0370308
0.0359262
0.0455044
0.0486055
0.0397733
0.0475875
0.0421324
0.0349308
0.0316394
0.0470809
0.0593418
0.0436273
0.0483069
0.0327788
0.0454523
0.0447749
0.0384306
0.0377461
0.0411114
0.0408418
0.0584676
0.0471612
0.043021
0.0512053
0.0485178
0.0415505
0.0526181
0.0410432
0.0421206
0.0363343
0.0417668
0.0449075
0.0536685
0.0646377
0.0629717
0.0454084
0.0392962
0.033048
0.0402122
0.0411091
0.050903
0.0752906
0.0354938
0.0331288
0.035733
0.0434851
0.0531719
0.0459517
0.0437971
0.0415079
0.052128
0.0699131
0.0484148
0.0433494
0.061992
0.0447051
0.0533611
0.0576717
0.0542493
0.0370251
0.0327164
0.0439889
0.0419724
0.0472354
0.0465347
0.0537277
0.0375024
0.0451463
0.0414598
0.0408566
0.0359415
0.032033
0.0460892
0.0499783
0.0432542
0.0369183
0.0322726
0.0465112
0.0372267
0.0346256
0.0316733
0.0465157
0.0285324
0.0286222
0.0445278
0.0420157
0.0464252
0.0370281
0.0351852
0.042777
0.0389935
0.0478613
0.053218
0.0458864
0.0410956
0.0319137
0.0322797
0.0363252
0.0413855
0.0472962
0.0431417
0.0361842
0.0566698
0.0416448
0.0410527
0.0450418
0.0343651
0.0360512
0.0358688
0.0401845
0.0400971
0.0474328
0.0321656
0.0581061
0.037267
0.0354253
0.0496641
0.0490398
0.0304216
0.0357943
0.0452779
0.0534535
0.0475891
0.0561003
0.0512442
0.0408988
0.0318719
0.0338116
0.0387391
0.0413819
0.0318996
0.029254
0.0431497
0.0483849
0.0494728
0.0585639
0.0351669
0.0450584
0.0346492
0.0385529
0.0346705
0.0459218
0.0334676
0.0449997
0.0306724
0.0472274
0.0382386
0.04634
0.0516641
0.0315901
0.0366537
0.0502037
0.0486426
0.0473493
0.0390334
0.0416338
0.0480899
0.0487878
0.0557293
0.0459897
0.0357131
0.0413513
0.0408955
0.0370345
0.0424675
0.0513153
0.0364678
0.0393145
0.0477263
0.0396809
0.0427547
0.033524
0.0387527
0.0385893
0.0352608
0.0316656
0.0423434
0.0315499
0.0302072
0.0382236
0.0458138
0.0384804
0.0472049
0.0445816
0.0607236
0.083392
0.0467555
0.0461735
0.0415517
0.0392655
0.0434316
0.0435754
0.0423774
0.0452464
0.0538741
0.0548032
0.0645323
0.0634082
0.0624971
0.0621739
0.0452941
0.0454316
0.0413405
0.0384008
0.0472914
0.0461542
0.0483477
0.0503477
0.0328692
0.032563
0.0333099
0.0416252
0.0599034
0.0439567
0.0331192
0.0399636
0.0555241
0.0316145
0.0334577
0.0358655
0.0259506
0.0245784
0.0368981
0.0384698
0.0399262
0.0354196
0.0377082
0.0422429
0.0356543
0.0362866
0.0284084
0.0381292
0.0463177
0.050502
0.0484969
0.036402
0.0360146
0.0475983
0.0430273
0.041831
0.0462605
0.0513947
0.0401137
0.0287911
0.037266
0.0344683
0.05281
0.0559262
0.0391239
0.0385317
0.0346787
0.0357966
0.0453026
0.0328001
0.03617
0.0336258
0.0283221
0.0375234
0.0382642
0.0488695
0.034837
0.0459772
0.0402306
0.0395946
0.0376879
0.0377853
0.0444743
0.0420085
0.0470844
0.0466632
0.029167
0.0354197
0.0420142
0.0436749
0.0472021
0.03676
0.028824
0.0442384
0.0329546
0.037533
0.0383765
0.0416519
0.0427421
0.0435692
0.0423069
0.0383634
0.0428661
0.0399967
0.0371753
0.0305496
0.0271688
0.0234622
0.032441
0.0354646
0.0367721
0.0321576
0.0439959
0.0629054
0.0548665
0.045246
0.0428899
0.0337936
0.0363417
0.0380816
0.0328429
0.0480136
0.0532113
0.0494386
0.0432876
0.0487623
0.0593261
0.0554784
0.0462493
0.0401069
0.0346206
0.0360044
0.0539905
0.043634
0.0360354
0.0613185
0.045136
0.0402388
0.0264197
0.0452053
0.0566102
0.0506372
0.0575487
0.0547971
0.0540411
0.0375886
0.0321518
0.0350326
0.0464931
0.0495697
0.0436306
0.0397621
0.0385979
0.0351415
0.039635
0.0395839
0.0380896
0.0456667
0.0422847
0.0321396
0.0316564
0.0402715
0.0357856
0.0396143
0.0400582
0.0345705
0.0357714
0.0531792
0.0540831
0.0690135
0.0453505
0.0431101
0.0525156
0.038657
0.0427612
0.0419387
0.0351073
0.0370461
0.0814038
0.0390175
0.0357871
0.0429101
0.0506621
0.045665
0.0483706
0.0428171
0.0382776
0.0380805
0.036762
0.0339028
0.0308514
0.0295836
0.0349227
0.0481123
0.0514069
0.0445672
0.0440867
0.043235
0.0474213
0.0399079
0.0474639
0.0563181
0.0459236
0.0395702
0.0533915
0.0392613
0.0382611
0.0404571
0.0419381
0.0540568
0.042996
0.0484768
0.0584888
0.0548723
0.0355673
0.0385083
0.0342525
0.0397233
0.0429085
0.0371906
0.0368086
0.0417647
0.0362603
0.0414302
0.0309114
0.0318338
0.0279881
0.0399696
0.0414302
0.0410728
0.0399594
0.0352851
0.0425128
0.0502237
0.0389952
0.0352464
0.0351952
0.0406571
0.0483152
0.055796
0.0397291
0.039567
0.0531292
0.0472778
0.0350501
0.0276799
0.0407431
0.0371546
0.0374981
0.0355994
0.0556336
0.0544248
0.0587247
0.0399169
0.0466974
0.0405482
0.0411969
0.0297746
0.0407305
0.0382283
0.0477098
0.0466068
0.0347003
0.0390214
0.0312022
0.0598553
0.0385266
0.0288616
0.0356728
0.0423052
0.040452
0.0445292
0.0464322
0.0546077
0.0407887
0.0503659
0.0447981
0.0406792
0.0445526
0.0415731
0.0350472
0.0443018
0.0376836
0.0475001
0.044459
0.0428785
0.0457669
0.04313
0.0426303
0.049438
0.0585298
0.0715977
0.0467443
0.0354708
0.0353762
0.0349841
0.043839
0.0346956
0.0426036
0.0471381
0.0439766
0.033199
0.026815
0.028811
0.0335108
0.0304641
0.0368212
0.059186
0.0380658
0.0385958
0.0434856
0.0354351
0.0334809
0.0397272
0.0482199
0.0428943
0.0404966
0.0581349
0.0422557
0.0332551
0.0434511
0.0454792
0.0482165
0.0420596
0.0387087
0.041436
0.0538335
0.0326048
0.0455897
0.0280974
0.0317634
0.0292588
0.0436144
0.0335955
0.0518992
0.0327116
0.0329738
0.0480769
0.0454884
0.0380116
0.0443887
0.0408585
0.0554702
0.0363609
0.0399948
0.032623
0.0297417
0.0502663
0.0370268
0.0408199
0.0407858
0.0558608
0.0557322
0.0415619
0.0484474
0.0399158
0.0444194
0.0480544
0.0379598
0.0451132
0.0423339
0.0503307
0.056393
0.0507859
0.0601036
0.0735606
0.0529011
0.0580809
0.0386245
0.037927
0.0418343
0.0331716
0.0414565
0.0572481
0.0512148
0.039936
0.0399475
0.0377245
0.0403262
0.0496012
0.0405603
0.0403728
0.0573912
0.0485202
0.0568838
0.0437301
0.0443319
0.0448703
0.0470994
0.0464286
0.0492467
0.0407186
0.038537
0.047836
0.0386698
0.0396354
0.0455945
0.041023
0.0364372
0.0409188
0.0396838
0.0347528
0.0469537
0.0490277
0.0418492
0.0376653
0.0405848
0.0417173
0.0305125
0.0383726
0.0322655
0.0462176
0.0360953
0.046898
0.0406939
0.0496797
0.0501579
0.0406144
0.0420293
0.0554235
0.0414955
0.0684241
0.0359516
0.037481
0.0428137
0.044332
0.0439672
0.0413778
0.0471781
0.0542752
0.0501372
0.0425075
0.0376394
0.0389491
0.0351917
0.039803
0.0465205
0.0529093
0.0446304
0.0398994
0.039067
0.0349999
0.0594972
0.0427922
0.0533847
0.0399497
0.0375567
0.0438224
0.0573864
0.0414959
0.0480254
0.036675
0.0366786
0.0435581
0.0463519
0.0334654
0.0420154
0.038731
0.037607
0.0419589
0.0460442
0.0331801
0.0438293
0.0400707
0.0302638
0.0338059
0.0333484
0.0366759
0.0418618
0.0287161
0.037962
0.0273503
0.0307958
0.0461894
0.0627286
0.0494768
0.0445423
0.0509964
0.04824
0.0348848
0.0309278
0.036589
0.0413763
0.0619772
0.0432468
0.0389905
0.0429023
0.0341686
0.0350806
0.0471223
0.044451
0.0344157
0.0432988
0.0407111
0.0583948
0.0505944
0.0549626
0.0536777
0.0377753
0.0456493
0.0515174
0.044038
0.0416593
0.0453224
0.054468
0.0392099
0.0337062
0.0320458
0.0355346
0.0338857
0.0328637
0.0363455
0.0371979
0.041509
0.0519351
0.0462746
0.0438383
0.04192
0.0417155
0.033475
0.0390913
0.0328372
0.036703
0.0322047
0.0476801
0.0341684
0.0392611
0.0329998
0.0381685
0.0532289
0.0441948
0.0400578
0.0434257
0.038023
0.0381013
0.0417757
0.0339686
0.0394172
0.0374667
0.0338824
0.0363708
0.0382075
0.0435229
0.0410867
0.0358404
0.0420983
0.0600389
0.0407207
0.0445771
0.0364296
0.0447198
0.0430568
0.0396574
0.0473574
0.030686
0.0400063
0.0480502
0.0440709
0.0546348
0.0455889
0.0461675
0.0362751
0.033853
0.0469377
0.070459
0.0551478
0.0426381
0.0440872
0.0459026
0.0448849
0.0562897
0.0413374
0.0463244
0.0382017
0.0352448
0.0414595
0.0400076
0.0664501
0.0738795
0.0410103
0.0511397
0.0475424
0.07749
0.0640768
0.0366392
0.0384532
0.0578856
0.0429825
0.0488388
0.0282047
0.0293292
0.0296572
0.0298294
0.0387609
0.0368851
0.0388164
0.0568667
0.0436852
0.0458705
0.0456334
0.0382129
0.0436594
0.0360787
0.0631429
0.0522613
0.05294
0.0423612
0.0288948
0.0300855
0.0351055
0.0314846
0.0325974
0.0438903
0.0414369
0.03992
0.0419806
0.0627705
0.0588274
0.0561396
0.0517089
0.042444
0.0464202
0.0349874
0.0385902
0.0448103
0.0509027
0.0486472
0.0630729
0.0475538
0.0389764
0.0468084
0.0492757
0.039336
0.040618
0.0396966
0.0419452
0.0416069
0.0449496
0.078073
0.0459093
0.0490529
0.0497043
0.0420896
0.0452459
0.0349071
0.0390503
0.0466162
0.0424218
0.0436868
0.0598719
0.0429929
0.0399843
0.0363074
0.0412603
0.0362994
0.0422799
0.0326237
0.0314296
0.0515217
0.0629855
0.0516916
0.0394616
0.0458044
0.0390585
0.0355933
0.0403321
0.0437573
0.0342721
0.0551497
0.0418286
0.0440398
0.0417049
0.0478171
0.0509755
0.0319037
0.0442769
0.0371171
0.0403646
0.0421114
0.0424509
0.0509811
0.0447171
0.0301142
0.0362942
0.0497228
0.043014
0.0388935
0.0404821
0.0467778
0.0443768
0.0430131
0.0322741
0.0405957
0.0398154
0.0401334
0.0492989
0.0368972
0.0348964
0.0382522
0.0400186
0.0432608
0.0494022
0.0388764
0.0401755
0.0398043
0.0626772
0.0417482
0.0409536
0.047594
0.0552424
0.0537886
0.0448125
0.0370481
0.0459273
0.0463325
0.0423561
0.0459889
0.0355642
0.0371395
0.0424043
0.0405652
0.0442407
0.0484722
0.0412241
0.0608458
0.048793
0.0599769
0.0650372
0.0626978
0.0351481
0.0489957
0.0419882
0.0410265
0.0458919
0.042973
0.052488
0.0489324
0.0517202
0.0545513
0.0694768
0.0537713
0.0458497
0.0395752
0.044679
0.0362862
0.0336838
0.0399198
0.0455963
0.0511581
0.0482731
0.0486377
0.0430395
0.046235
0.0425021
0.0548556
0.0431472
0.02958
0.0462531
0.0446405
0.0506401
0.0354863
0.033109
0.0377157
0.0599312
0.0365858
0.0493744
0.0451138
0.0511104
0.0376963
0.0408577
0.050765
0.037753
0.0335357
0.0425005
0.0398596
0.0375356
0.0296849
0.0378599
0.0394932
0.0332929
0.0360569
0.0422757
0.0418548
0.0394291
0.0378227
0.0500783
0.0517073
0.047275
0.0603337
0.0528891
0.0511679
0.0505669
0.0504618
0.0493374
0.0388161
0.03773
0.0369734
0.0410569
0.0532168
0.0397795
0.0413036
0.0308164
0.033206
0.0371006
0.0396647
0.0377442
0.0340523
0.0363553
0.0420569
0.0457835
0.0427995
0.0414087
0.0462447
0.0607822
0.0368514
0.0437666
0.0399857
0.0440537
0.0494632
0.0582823
0.0424867
0.0576487
0.0415156
0.0388054
0.0504314
0.052505
0.041684
0.0433057
0.0320885
0.0418701
0.043951
0.0419545
0.0534619
0.0370173
0.040346
0.0401701
0.0443989
0.0396442
0.0328504
0.0416021
0.0593061
0.0432495
0.0442093
0.0539815
0.0473124
0.0541231
0.0488075
0.0498581
0.0472016
0.0383202
0.0366923
0.0450279
0.0622224
0.049133
0.0536053
0.0590846
0.0422319
0.0501537
0.0419322
0.0433693
0.045413
0.0340569
0.0532793
0.040298
0.0306666
0.0291041
0.0436353
0.0527636
0.0590679
0.0436217
0.0574541
0.0376928
0.0394362
0.0392846
0.0275007
0.0300213
0.0313056
0.0270178
0.0423864
0.0457464
0.0501643
0.037264
0.0407919
0.0466595
0.0474729
0.0448842
0.0435144
0.0393717
0.037582
0.0516296
0.0395553
0.0353186
0.0394827
0.0409507
0.0507303
0.0346327
0.0399451
0.0481257
0.0364716
0.0340804
0.0496015
0.0389445
0.0442072
0.0329121
0.0285496
0.0325049
0.0287453
0.033935
0.0403047
0.0414148
0.0455323
0.0538277
0.0531635
0.0455459
0.0431373
0.0393611
0.0429852
0.0533218
0.0440051
0.0353882
0.0355011
0.0525829
0.0374755
0.0451491
0.046998
0.0440073
0.0492424
0.0549879
0.039659
0.0555766
0.0666979
0.0408819
0.0449348
0.0349792
0.0487758
0.05217
0.0594506
0.037022
0.0449653
0.0374184
0.038954
0.0413937
0.0290174
0.0594407
0.0535906
0.0464587
0.0435632
0.0518334
0.0415026
0.0507682
0.0402514
0.0521131
0.0384684
0.0563503
0.0414497
0.042083
0.0445736
0.0393102
0.0476385
0.035522
0.0376236
0.0353676
0.0359893
0.0395624
0.0493326
0.0346256
0.0494687
0.0404357
0.037954
0.0398497
0.0340198
0.0432998
0.0512466
0.0527548
0.040851
0.0538591
0.0486427
0.0531831
0.0488217
0.0324379
0.0317342
0.036168
0.0371478
0.0436458
0.0450647
0.0338007
0.0391094
0.0457875
0.0491556
0.0452609
0.0468298
0.0443459
0.0359154
0.0506769
0.041228
0.0523764
0.043912
0.0419666
0.0588658
0.0414826
0.036049
0.0357503
0.0481059
0.0616676
0.0523961
0.04721
0.0452402
0.0492735
0.0516069
0.0498595
0.0438614
0.049905
0.0525599
0.0418711
0.0367637
0.0725544
0.0619391
0.0307717
0.0384004
0.0488791
0.0492104
0.0510021
0.030958
0.0440933
0.0552418
0.043492
0.0435878
0.0358397
0.0426684
0.0284582
0.0314652
0.0341331
0.0296443
0.0452765
0.0384808
0.0348464
0.0346485
0.0389153
0.0337872
0.0422711
0.0554623
0.044647
0.043551
0.0436714
0.0531487
0.0519667
0.0301574
0.0271839
0.0320304
0.028271
0.0494277
0.0611599
0.0421202
0.0402316
0.0316909
0.0397892
0.0438519
0.0414424
0.0413495
0.0535269
0.045428
0.0366995
0.042709
0.0497633
0.0329982
0.029039
0.0437815
0.0451679
0.0524969
0.0491821
0.0389882
0.0287722
0.0352443
0.0266906
0.0252832
0.0550127
0.0473803
0.0406429
0.056548
0.0309087
0.0348542
0.0545997
0.0597281
0.0541832
0.0355201
0.0443149
0.0438697
0.0394154
0.0525365
0.0536283
0.0515083
0.0506643
0.0415005
0.052888
0.0470193
0.0723789
0.0464674
0.0289454
0.0517428
0.0505956
0.0278769
0.0364271
0.0387286
0.0410083
0.0434115
0.0462548
0.0455613
0.0355689
0.067671
0.0350059
0.0320972
0.0344517
0.0331962
0.0285405
0.0331271
0.0426208
0.0345312
0.0370156
0.0400835
0.0529892
0.0518887
0.0302908
0.0332098
0.0425564
0.0488597
0.0660608
0.0505079
0.0448584
0.0452673
0.0309303
0.0398338
0.0412439
0.0405759
0.0480789
0.0419955
0.0370115
0.0418959
0.0470464
0.0349814
0.0431311
0.0437584
0.0403503
0.0424959
0.0466659
0.0472961
0.0516908
0.0397194
0.0444798
0.0415278
0.0417355
0.03894
0.0332573
0.0313674
0.0287686
0.0350125
0.0415336
0.0297777
0.0266072
0.0326333
0.0545721
0.0391993
0.0526404
0.0343521
0.0442314
0.0331948
0.0531933
0.035409
0.0502491
0.0433599
0.0353135
0.0409216
0.0357112
0.0359109
0.0561194
0.0523134
0.0376095
0.040062
0.034387
0.0422248
0.0497784
0.0401865
0.0395829
0.0524637
0.0357694
0.0429814
0.0389747
0.0517679
0.0557327
0.0344788
0.0353485
0.0488441
0.0318266
0.0328275
0.0456327
0.0527789
0.0403603
0.0478179
0.0558392
0.0551987
0.0447447
0.0439827
0.0455387
0.0429442
0.0448502
0.0347965
0.0365113
0.0353175
0.0302321
0.0322374
0.0424721
0.0497655
0.0400884
0.0328923
0.0466309
0.0630579
0.0630051
0.0471928
0.0450855
0.0499918
0.0369948
0.0376711
0.0395629
0.0455095
0.0417709
0.037975
0.0396605
0.0451253
0.0316545
0.0281153
0.0409502
0.057975
0.0345316
0.0519559
0.043958
0.0411287
0.0516561
0.0547289
0.0444106
0.0493848
0.0564038
0.0379234
0.0340168
0.0336123
0.0326453
0.0413127
0.0459387
0.0392694
0.0420228
0.0504945
0.0488385
0.0475
0.0484637
0.040138
0.0360238
0.0405206
0.0407721
0.0419138
0.0366758
0.0342486
0.0384116
0.034863
0.032921
0.034133
0.0269402
0.0571901
0.0717164
0.0689065
0.044751
0.0465161
0.0393946
0.0460601
0.0401027
0.0429331
0.0363654
0.0545636
0.0437162
0.0407502
0.0469508
0.0402937
0.0379792
0.0375165
0.0338062
0.0377162
0.0475004
0.0549284
0.0490833
0.0521104
0.0437644
0.0427939
0.0467792
0.0474106
0.0496498
0.0408112
0.0443408
0.0329957
0.0482022
0.051323
0.0411185
0.0376982
0.0508384
0.0437036
0.045316
0.0374858
0.0396729
0.0503907
0.0280628
0.0315921
0.0357869
0.0406301
0.036579
0.0355625
0.0449076
0.0648384
0.0460998
0.0484664
0.0449944
0.0452657
0.036204
0.0382704
0.0492713
0.0498879
0.0624149
0.0308138
0.0339208
0.0363949
0.0534179
0.0512479
0.0368435
0.0377154
0.0379841
0.0564115
0.0502239
0.0614694
0.043537
0.0462071
0.0431951
0.0607217
0.0362101
0.0470068
0.0389429
0.0443873
0.0460272
0.0467049
0.0487988
0.0434326
0.0471397
0.0408725
0.0416137
0.0386933
0.0538597
0.0426378
0.0361047
0.0437645
0.043225
0.0377475
0.0466297
0.052631
0.0493211
0.0548837
0.0468727
0.0442371
0.0391107
0.0458255
0.0310716
0.028816
0.0320615
0.0413945
0.0405359
0.0378851
0.0455213
0.0512825
0.0584883
0.0464225
0.0511574
0.048891
0.0461443
0.045589
0.0424257
0.0662609
0.0693157
0.0607743
0.0479927
0.0398825
0.0335642
0.0335873
0.0490744
0.0478143
0.0381574
0.035326
0.0435771
0.0579885
0.0439184
0.0516928
0.0425312
0.0374803
0.0257151
0.0438892
0.0382981
0.0391412
0.0409449
0.0400124
0.0344609
0.0365336
0.0415458
0.0332164
0.0405609
0.0359876
0.0399451
0.0464054
0.0413298
0.0509173
0.0418187
0.0554017
0.0487011
0.0351965
0.0377593
0.0346244
0.0417736
0.0418545
0.0437903
0.0501617
0.0591578
0.0484403
0.0387527
0.0370477
0.0350303
0.0393621
0.034139
0.0373525
0.0360479
0.0424059
0.0359241
0.027118
0.0263429
0.0515087
0.0472991
0.0351059
0.0420585
0.037252
0.0316306
0.0450895
0.0478204
0.0412276
0.0416495
0.0510714
0.0422373
0.0380145
0.0381032
0.0373775
0.0302173
0.0399891
0.0407503
0.0445401
0.0578113
0.0571681
0.0492183
0.0362176
0.0281364
0.0353819
0.0477622
0.0381902
0.0286908
0.0309187
0.0361131
0.0443168
0.0498507
0.0456357
0.0477766
0.0474406
0.0355827
0.0347745
0.0311314
0.0298237
0.032673
0.057391
0.0457104
0.0417746
0.0427264
0.0537782
0.07127
0.0485735
0.0332331
0.0453898
0.0442348
0.0498902
0.0492018
0.0408387
0.0542026
0.0306539
0.030308
0.0339628
0.0380358
0.0366084
0.0341011
0.0286638
0.0365181
0.0428556
0.039176
0.0391163
0.046582
0.0423754
0.0384538
0.0380984
0.0337838
0.0329858
0.0318044
0.0426984
0.0377461
0.0377417
0.0414707
0.0388102
0.04053
0.0374576
0.0477375
0.0379021
0.0571948
0.0445178
0.0571439
0.049619
0.0531266
0.0440711
0.0378631
0.0436109
0.0307562
0.038502
0.0343044
0.0323262
0.0384106
0.0425017
0.0471808
0.0332392
0.0405783
0.0361831
0.0384968
0.0394182
0.0415709
0.0449062
0.035492
0.0382016
0.042727
0.0393512
0.0255926
0.0370453
0.0443323
0.0402233
0.0510879
0.0443966
0.0390939
0.0359948
0.03454
0.0413105
0.0508088
0.0388082
0.046466
0.0498407
0.0458266
0.0358298
0.0334825
0.0334897
0.0471813
0.0350893
0.0400133
0.0430059
0.0537532
0.0458901
0.0436403
0.0453729
0.0508739
0.0493322
0.0476618
0.0503747
0.0440285
0.0454096
0.044461
0.0513125
0.0387986
0.0468923
0.0398211
0.0404048
0.0411173
0.0470864
0.0375568
0.0454728
0.0350741
0.0466974
0.0436648
0.0341275
0.0318084
0.038146
0.0443726
0.0427231
0.0504177
0.051759
0.0363038
0.0423467
0.0499317
0.0419999
0.0409993
0.0480876
0.0381042
0.0433522
0.0323757
0.0354406
0.0391897
0.0416385
0.0391529
0.0504978
0.054337
0.0587329
0.0495705
0.0616613
0.0401672
0.0473592
0.0514362
0.0519365
0.0479354
0.0459433
0.0344668
0.0286547
0.0351925
0.0331143
0.0584897
0.0406945
0.0444555
0.0439673
0.0401013
0.0415167
0.0533423
0.0423013
0.0343584
0.0436636
0.0411043
0.0511679
0.0418335
0.0347374
0.0331381
0.0390618
0.0488977
0.0468969
0.0379144
0.0403556
0.0599812
0.0455895
0.0571528
0.0440083
0.0377444
0.0447045
0.0427077
0.0355128
0.0526338
0.0461257
0.0391871
0.0452522
0.0413488
0.0502434
0.0510645
0.0427849
0.0342677
0.0673488
0.059763
0.0380393
0.0366835
0.0365543
0.0333811
0.0378715
0.0370909
0.0398906
0.0451133
0.0368165
0.045323
0.0423871
0.0450007
0.0406597
0.0352504
0.0371229
0.0371614
0.0391414
0.0447886
0.0462223
0.0361515
0.0465826
0.0424858
0.0382962
0.0318186
0.047878
0.0561658
0.069246
0.0756241
0.0369717
0.0363198
0.0494105
0.047785
0.0488959
0.0449348
0.0553654
0.0598343
0.0468476
0.0409193
0.0359603
0.0399848
0.0567898
0.0512206
0.0505858
0.0430344
0.0410181
0.0373742
0.0419096
0.0396431
0.0343246
0.0330091
0.0370464
0.038551
0.0381143
0.0336802
0.039486
0.0392675
0.0475993
0.0448974
0.0518109
0.0413661
0.0466875
0.0312517
0.0360373
0.0460188
0.0376771
0.0327875
0.0391868
0.0385555
0.0457153
0.0427812
0.0360449
0.0501999
0.0535845
0.0246875
0.021816
0.0396438
0.0364335
0.0455643
0.0346452
0.0335668
0.0288338
0.039749
0.0301053
0.0321615
0.0387118
0.0425316
0.0472097
0.04113
0.0426885
0.0371462
0.0327821
0.0312296
0.047623
0.0482089
0.0368145
0.0481521
0.0478018
0.0311288
0.0333561
0.0450092
0.046779
0.0582215
0.0419854
0.0325003
0.0385776
0.0539083
0.0391392
0.0341511
0.0328965
0.0476824
0.0434271
0.0351315
0.0370608
0.0346027
0.0371317
0.0392073
0.0407706
0.0366286
0.0574914
0.0378991
0.0335224
0.0494203
0.0479847
0.038225
0.045394
0.0343932
0.0344969
0.0370036
0.0555623
0.0329653
0.0367081
0.0488458
0.0370633
0.0489804
0.0449779
0.0412424
0.0349857
0.0480912
0.0463268
0.0475767
0.0563827
0.0591245
0.0407109
0.0290667
0.0353852
0.032615
0.0371725
0.0347717
0.0271345
0.0340846
0.0381971
0.0404356
0.0610756
0.0457694
0.0423662
0.0500372
0.033477
0.0399445
0.0445881
0.0489421
0.0408711
0.0523178
0.0481553
0.0374409
0.0494262
0.0486192
0.0518018
0.0536198
0.045822
0.0411588
0.0437295
0.0353693
0.0538978
0.0367617
0.0532439
0.042701
0.0347736
0.0526732
0.0466804
0.0389069
0.0552505
0.0545059
0.0658704
0.0649991
0.0524663
0.0427531
0.0435958
0.0546996
0.0437735
0.0451158
0.0421494
0.0382324
0.0387118
0.0336728
0.0428298
0.0273221
0.0391051
0.0378841
0.0511034
0.0374617
0.0465459
0.0439311
0.045367
0.0443551
0.0451732
0.0411576
0.0370926
0.050847
0.0457608
0.037616
0.0385604
0.0590944
0.0417012
0.0460357
0.0608301
0.0491529
0.0497039
0.0530948
0.0382254
0.0585889
0.0544148
0.0505282
0.0575373
0.0402189
0.0509433
0.0370347
0.0276546
0.034245
0.0388063
0.0462406
0.0368117
0.0430826
0.0378779
0.0436184
0.0458585
0.0461012
0.0387156
0.0535354
0.0452941
0.0409494
0.0402852
0.0492872
0.0415244
0.0484252
0.0580291
0.0591695
0.0431625
0.0331418
0.042341
0.050797
0.0404206
0.0396719
0.0384432
0.0437852
0.0396201
0.0331072
0.0412321
0.0447155
0.039068
0.0440223
0.0451256
0.0376156
0.0301352
0.0288519
0.0313684
0.0412264
0.0450216
0.056671
0.0512976
0.0355659
0.0312765
0.0342948
0.0337802
0.0351315
0.0426876
0.0415947
0.0315515
0.0412088
0.0412098
0.0418355
0.0569374
0.0389996
0.0331802
0.036709
0.0363715
0.0385263
0.0360815
0.0441366
0.0470648
0.0442629
0.0438742
0.0415015
0.0499146
0.0436234
0.0522843
0.045522
0.0429298
0.0418091
0.0417398
0.0365884
0.0320908
0.0394013
0.0440944
0.0331172
0.0381106
0.0359395
0.0378568
0.0434379
0.0470224
0.0419145
0.0389013
0.0402377
0.0353456
0.0399899
0.0460031
0.03732
0.0554185
0.0484636
0.0412445
0.046003
0.0372357
0.0316628
0.0409438
0.0419407
0.0403597
0.0302136
0.0404416
0.0426352
0.0497329
0.0356243
0.0517125
0.0514479
0.0407175
0.0384927
0.0421759
0.0415271
0.0457243
0.0402292
0.0449782
0.0462598
0.0443392
0.0421421
0.0378056
0.0469763
0.0481491
0.0364021
0.0441896
0.0364021
0.0531936
0.0466649
0.0814378
0.0501958
0.0480904
0.0522925
0.0436521
0.0501378
0.0481238
0.061603
0.0326143
0.042217
0.0379273
0.0556398
0.0495616
0.0431662
0.0411788
0.0474702
0.0387662
0.0490233
0.0372052
0.0464416
0.0419509
0.0315179
0.0422583
0.0447284
0.0497264
0.0387691
0.0437907
0.0500677
0.047507
0.034689
0.0494151
0.0314215
0.0476779
0.052336
0.0308309
0.0320401
0.0406114
0.0439086
0.0371847
0.0398472
0.0427704
0.0466205
0.0432403
0.0313777
0.0388945
0.0376072
0.0528207
0.0412134
0.0458702
0.0388914
0.0381191
0.0413042
0.0426603
0.0330426
0.0298545
0.0338365
0.0317255
0.0356596
0.0384984
0.0411561
0.034883
0.0285645
0.0319107
0.0415115
0.0387894
0.0355408
0.0629658
0.0438278
0.0450035
0.0402282
0.0440615
0.0381584
0.0383294
0.0464832
0.0391682
0.0500344
0.0383095
0.0461387
0.045389
0.0480165
0.0435291
0.0359267
0.0328567
0.0579151
0.0732276
0.0354953
0.0373055
0.0572711
0.0474646
0.0492562
0.0311915
0.0347797
0.0343861
0.0266729
0.0425129
0.0366478
0.0375252
0.0479351
0.0362112
0.0382407
0.0414871
0.042737
0.0437364
0.0355578
0.0404991
0.0284052
0.0366859
0.0303892
0.0327595
0.0363107
0.0546818
0.0496856
0.0468574
0.0427747
0.042873
0.0516881
0.0300157
0.0340595
0.0327182
0.0364814
0.032869
0.0354534
0.0357782
0.0447525
0.0441833
0.0498424
0.0547733
0.050518
0.0467627
0.0465785
0.0430234
0.0569916
0.0398402
0.0479812
0.0375457
0.0402412
0.0328568
0.0399931
0.0371173
0.0505814
0.0427221
0.0364991
0.0531761
0.0473436
0.0429803
0.0418279
0.0429103
0.0360427
0.0403917
0.0431874
0.0405645
0.0414797
0.0392343
0.0318393
0.0314729
0.0329149
0.0384363
0.0362641
0.0469603
0.0350291
0.037697
0.0411868
0.0378249
0.0327339
0.0368955
0.0416361
0.0399485
0.0377238
0.0456495
0.0622742
0.0433875
0.0346751
0.0330456
0.0375173
0.0431076
0.0562906
0.043013
0.0460257
0.0566456
0.0381622
0.0473919
0.0391468
0.0386075
0.0531483
0.0502806
0.0355024
0.0401813
0.0467511
0.0413455
0.0327566
0.038162
0.0355753
0.0513135
0.0470463
0.0485775
0.0408074
0.0412333
0.039086
0.056508
0.0544804
0.0499037
0.0433161
0.0583956
0.0383439
0.0389631
0.0306498
0.0351397
0.0493362
0.0382394
0.0360025
0.0428646
0.043622
0.0415897
0.0394682
0.0446587
0.0429398
0.0416573
0.0472945
0.0411845
0.0367344
0.0458164
0.0388939
0.047326
0.0453408
0.0379714
0.0417833
0.0498746
0.0461383
0.0417552
0.0546065
0.049486
0.044308
0.0454806
0.0392706
0.0426298
0.0479382
0.0402322
0.0366852
0.0302854
0.0307033
0.040547
0.0553797
0.0457487
0.0456933
0.0372902
0.0344074
0.0372764
0.0497637
0.0482029
0.0380255
0.0429601
0.0463713
0.0384305
0.042555
0.050883
0.0450695
0.0480692
0.0624309
0.0621957
0.0529055
0.0394519
0.0437588
0.060437
0.04065
0.0567429
0.0576024
0.0457967
0.0382015
0.0494773
0.056382
0.0341289
0.0437727
0.0450231
0.036539
0.0657278
0.0393794
0.0467983
0.0534712
0.0373817
0.0597204
0.0474597
0.0534596
0.0436253
0.0427761
0.0379689
0.0464201
0.0364194
0.036392
0.0462825
0.0398295
0.0437257
0.0480758
0.045728
0.0424969
0.0456471
0.040988
0.0398081
0.0378911
0.0425853
0.0339818
0.0363969
0.0322737
0.043155
0.0399903
0.040051
0.0357133
0.0413277
0.0367405
0.0534167
0.0496445
0.0432693
0.0342918
0.0394086
0.0551346
0.0357208
0.0428125
0.0430496
0.0427313
0.0490788
0.0524443
0.0352978
0.0361435
0.0465024
0.0456425
0.0425959
0.0540617
0.071367
0.0466967
0.0478932
0.0530599
0.03984
0.0370477
0.0472035
0.0378106
0.0395258
0.0458644
0.0406285
0.0360494
0.0502078
0.0380453
0.0395005
0.0327301
0.0479596
0.0510205
0.0379598
0.0408331
0.0402321
0.0514093
0.0408711
0.044616
0.0542292
0.0412257
0.0380828
0.0364021
0.0368604
0.0369686
0.0343278
0.0368189
0.043114
0.0399225
0.0317915
0.036681
0.0506515
0.0388607
0.0441517
0.0330331
0.0378093
0.0482613
0.0383657
0.0355496
0.0325963
0.0375235
0.0490714
0.0505477
0.0407832
0.0359325
0.0589245
0.0401757
0.0526973
0.0594979
0.0425531
0.0407815
0.0576812
0.0541896
0.040092
0.0455473
0.0464528
0.0337944
0.0391501
0.0384939
0.0402868
0.037372
0.0593582
0.0524301
0.0516679
0.0471953
0.0497007
0.0380419
0.047261
0.0415382
0.0398065
0.0301035
0.0431978
0.0393035
0.0456621
0.0354584
0.0419297
0.0521615
0.0459603
0.0406888
0.0446768
0.0318754
0.0444256
0.0442896
0.0363793
0.0399558
0.045218
0.0337794
0.0467347
0.0362428
0.0434293
0.0401785
0.0325198
0.0422772
0.0366293
0.046484
0.0295956
0.0353328
0.0284902
0.0364503
0.04274
0.0440074
0.0435873
0.060773
0.0448126
0.0480451
0.0470497
0.0485451
0.0598443
0.0465889
0.0340976
0.0401235
0.0461092
0.042049
0.0474217
0.0269131
0.0343516
0.0349263
0.037106
0.0466577
0.0386615
0.0434457
0.0447581
0.0333832
0.0279362
0.0398686
0.0571237
0.0379735
0.0453199
0.035636
0.0351474
0.0354334
0.0376904
0.0434799
0.0418764
0.056688
0.04846
0.0326074
0.0416457
0.0631083
0.0272549
0.0481939
0.0632207
0.0551745
0.0370215
0.0402533
0.0364923
0.050735
0.0433929
0.0472975
0.0540133
0.0408962
0.0485714
0.0422986
0.0407486
0.0487264
0.0491527
0.0378712
0.0405871
0.0445658
0.060917
0.0594755
0.0449327
0.0426
0.041568
0.0395848
0.0438317
0.035875
0.0563557
0.0324607
0.0443975
0.0466783
0.0515678
0.0430233
0.0406502
0.0339373
0.0374009
0.0377318
0.0411939
0.0413012
0.0460135
0.0377788
0.0517854
0.0526553
0.0403765
0.0362987
0.0506447
0.0639119
0.0569216
0.0331287
0.0357308
0.046653
0.0451674
0.0400282
0.0585749
0.0468053
0.0470791
0.0452385
0.0339089
0.0605281
0.0506842
0.03693
0.042044
0.0416683
0.0439044
0.0430409
0.0341097
0.0349807
0.0414474
0.0416938
0.0385375
0.0403569
0.0471491
0.0501276
0.0378335
0.0345891
0.0381396
0.0353808
0.0340086
0.0329324
0.031194
0.0368372
0.0388781
0.0335944
0.039401
0.0376948
0.0454575
0.0397918
0.0479431
0.040684
0.0586956
0.0367579
0.0481953
0.0509364
0.0460067
0.0274517
0.0359937
0.0457016
0.0469891
0.0295572
0.0326345
0.0607653
0.0504622
0.0550265
0.0451307
0.05258
0.0345768
0.0376043
0.0365874
0.0426287
0.0470208
0.0324812
0.0315436
0.0443201
0.0322738
0.03794
0.0371622
0.0376809
0.0481217
0.0537573
0.0587276
0.04155
0.0391232
0.0414958
0.0329748
0.0408267
0.052272
0.0279802
0.0312126
0.0376973
0.0336133
0.0311592
0.040975
0.0337324
0.0290729
0.0403898
0.0458051
0.0500826
0.0408859
0.0363505
0.0386188
0.0289027
0.0336731
0.0410829
0.0424141
0.0345923
0.0495941
0.0489771
0.0406619
0.0313272
0.0422022
0.0414937
0.0335111
0.0328465
0.045905
0.0429735
0.0394049
0.051502
0.0356602
0.0482657
0.0446452
0.0494497
0.0497957
0.0347963
0.0454102
0.046272
0.0342587
0.0500349
0.0455204
0.0512078
0.0360544
0.0334889
0.0557166
0.0569399
0.0522147
0.0387797
0.0468919
0.035973
0.0364257
0.0311686
0.0496436
0.0484987
0.040319
0.0406146
0.0553685
0.0376221
0.0396432
0.0344354
0.0387332
0.0363902
0.0288098
0.039247
0.0511553
0.075122
0.0382573
0.0379552
0.0417099
0.0363889
0.0578192
0.0438842
0.0492695
0.0368365
0.05105
0.0407634
0.0443922
0.04817
0.0335464
0.0362924
0.0359899
0.0446343
0.0291557
0.0422699
0.0383424
0.0347989
0.0401733
0.0329909
0.0370524
0.0450654
0.043252
0.0354752
0.0332328
0.0395985
0.0377635
0.0325197
0.0461875
0.0436048
0.0401397
0.0410208
0.0414023
0.0400735
0.0428681
0.0404813
0.039765
0.050746
0.0361941
0.0468742
0.0458983
0.0481803
0.0437322
0.0549967
0.0580363
0.0312518
0.0372031
0.0287805
0.0494426
0.0517233
0.0369566
0.037521
0.0520878
0.0496753
0.0429541
0.0420518
0.0440431
0.0420498
0.0376455
0.04071
0.0476415
0.0417312
0.0404806
0.0457445
0.0456424
0.0434416
0.0464673
0.0452053
0.053817
0.0385408
0.0423416
0.032323
0.032221
0.0459177
0.0331303
0.0452774
0.0433818
0.04704
0.0551049
0.0476362
0.0400534
0.039949
0.0352079
0.0380072
0.0324897
0.0485502
0.0347308
0.0323316
0.0377381
0.0513638
0.0401679
0.0391076
0.036976
0.0511643
0.0363562
0.0436484
0.0364864
0.0402319
0.0422809
0.0512284
0.0452351
0.0550297
0.0538764
0.0450644
0.0509662
0.0488369
0.0347511
0.0350324
0.0379645
0.0429265
0.0366333
0.0350316
0.0401689
0.0353277
0.0409506
0.0336724
0.0405091
0.0440909
0.0529859
0.040528
0.0400676
0.0522138
0.0422991
0.0391092
0.0326474
0.0352482
0.0391122
0.0330401
0.0572553
0.0272055
0.0259581
0.0344687
0.0358299
0.0571972
0.055345
0.046342
0.0352331
0.0420376
0.0576034
0.0391485
0.0367288
0.0472019
0.0487984
0.0454374
0.0507916
0.0518542
0.0468998
0.0475865
0.0404838
0.0449232
0.0428036
0.035604
0.0380274
0.0394031
0.0407678
0.0439993
0.0372913
0.0361666
0.033864
0.0506804
0.0357928
0.0289119
0.0300651
0.0405546
0.0361694
0.0460541
0.0400925
0.0393417
0.0482934
0.0406192
0.043288
0.0421096
0.0301898
0.0317818
0.0292722
0.0487608
0.0450225
0.0265903
0.0345969
0.042176
0.0417015
0.0489988
0.0376124
0.0337419
0.0328593
0.0394993
0.0394855
0.0422698
0.0314688
0.0455055
0.0599663
0.0545126
0.0505487
0.0523268
0.0380227
0.0354169
0.0288503
0.0457361
0.0466443
0.045436
0.040271
0.0459973
0.0342033
0.0384049
0.0497555
0.0515141
0.0475908
0.0464359
0.0442739
0.0394645
0.0509499
0.0454301
0.0448139
0.0359475
0.0286745
0.0451614
0.047805
0.0411315
0.0397648
0.0389789
0.0431633
0.0533638
0.0382776
0.0363339
0.0383143
0.0429103
0.0334326
0.0353037
0.033322
0.0327921
0.0503169
0.0523191
0.0462592
0.0437416
0.0545365
0.0518535
0.0565614
0.0455198
0.0456427
0.0490719
0.0421624
0.0508313
0.0439682
0.0472141
0.0534996
0.0489916
0.0310207
0.0329736
0.0311821
0.03144
0.0375712
0.035254
0.0394905
0.0350804
0.05212
0.0367949
0.0322157
0.0340807
0.0395468
0.0583021
0.0428494
0.0445224
0.0366096
0.0390759
0.0249457
0.0452191
0.0345998
0.0474654
0.0527643
0.0525246
0.0415521
0.0397806
0.0477511
0.0432125
0.0509992
0.0526717
0.0478247
0.0364193
0.0377143
0.0452675
0.0494535
0.053768
0.0472636
0.0403934
0.0563227
0.0482175
0.0398711
0.0460613
0.0412571
0.037855
0.0450991
0.0500196
0.0508368
0.0504947
0.0594206
0.04467
0.0400662
0.0319313
0.0332743
0.0401523
0.0502031
0.0474562
0.0264503
0.0375906
0.0378767
0.0360053
0.031386
0.0511481
0.0352552
0.0334676
0.0322001
0.0376227
0.0360856
0.0352878
0.045045
0.0467765
0.0385339
0.0387233
0.0371028
0.0439586
0.047625
0.0398224
0.0426642
0.0503787
0.043048
0.0487395
0.051626
0.0591759
0.0467953
0.0335275
0.0318488
0.0472124
0.0458097
0.0451259
0.0413097
0.0480854
0.0482369
0.0364335
0.0551999
0.0590593
0.042496
0.041071
0.0491752
0.0621435
0.0465427
0.0498269
0.0416998
0.0346088
0.0352516
0.037818
0.0336451
0.053502
0.0414243
0.0404625
0.0416125
0.0401875
0.0349952
0.032595
0.0374357
0.0429457
0.0398498
0.0442944
0.0484375
0.0439943
0.0561681
0.0533536
0.0441664
0.0383176
0.0484912
0.0567271
0.0528119
0.0334562
0.0324038
0.039997
0.0280767
0.0363504
0.0506455
0.053145
0.0457227
0.0444554
0.0435958
0.0491763
0.041236
0.0642772
0.0703894
0.0522364
0.0405216
0.0491464
0.0335988
0.0355641
0.0485763
0.0505507
0.0358691
0.0436962
0.0432805
0.0414294
0.0478513
0.0503846
0.0595714
0.0674583
0.0332291
0.0353206
0.0404669
0.0551214
0.0419731
0.0464532
0.0562826
0.0531225
0.0472913
0.0393887
0.0289494
0.0419845
0.0520025
0.0407168
0.0376494
0.0443981
0.0463177
0.0440546
0.0473862
0.0464687
0.038661
0.0487226
0.0502556
0.052411
0.0523115
0.0394085
0.0548812
0.0322373
0.0379694
0.0610676
0.0633066
0.0421386
0.0435972
0.041106
0.0359355
0.0448112
0.0356547
0.041314
0.0481122
0.0391774
0.0365527
0.034403
0.0365241
0.030408
0.0355983
0.0384301
0.0406636
0.0350483
0.0287202
0.0375967
0.0358978
0.0279368
0.0346264
0.0409392
0.0378478
0.0376443
0.0374381
0.0294901
0.0298177
0.0414019
0.0324398
0.034692
0.0422343
0.0385236
0.0390824
0.0352347
0.040788
0.0482344
0.0385141
0.0370519
0.045607
0.0454948
0.0550624
0.0522634
0.0375223
0.0482043
0.0467204
0.055279
0.0438745
0.0489856
0.0541883
0.0468424
0.0349711
0.0289835
0.033248
0.0410369
0.0358917
0.0399028
0.0564714
0.0528796
0.0442333
0.0426671
0.0409637
0.0369855
0.0423765
0.0437538
0.0330975
0.0433237
0.0437391
0.0310212
0.0370122
0.0443615
0.0359576
0.0315588
0.034163
0.0335234
0.0418105
0.0421838
0.036156
0.040413
0.0403521
0.037324
0.049959
0.0512086
0.0361368
0.0369276
0.0504995
0.0494652
0.0317083
0.0387113
0.032129
0.0447217
0.0349652
0.0309809
0.0387037
0.0361291
0.0332607
0.0362021
0.0348292
0.0520695
0.041419
0.0351353
0.0308214
0.0328638
0.0313232
0.0233922
0.034025
0.0384452
0.0393348
0.0383593
0.0298789
0.0314555
0.037597
0.0354028
0.0401398
0.0371636
0.047205
0.0314195
0.0378384
0.049966
0.0589957
0.0458609
0.0481474
0.0329225
0.0335703
0.0482509
0.0467494
0.0473022
0.0330731
0.0477475
0.0471382
0.0467132
0.0479825
0.0495688
0.0398445
0.0427519
0.0450498
0.0498864
0.046758
0.0429654
0.0474205
0.0441917
0.0431291
0.0435055
0.0412652
0.041478
0.0432971
0.0495957
0.0349381
0.0425175
0.0390191
0.0427319
0.0464928
0.0409574
0.0425945
0.0300218
0.0424125
0.0375438
0.0338774
0.0454182
0.0533843
0.0515665
0.0373192
0.0359085
0.0347942
0.042101
0.0490219
0.0445829
0.0488861
0.0410211
0.0438423
0.0526985
0.0425255
0.0528097
0.0777769
0.0557003
0.0406108
0.0401189
0.0336747
0.0416079
0.0495559
0.0402422
0.0345471
0.0392079
0.0329995
0.037583
0.0327713
0.043064
0.0456689
0.0418893
0.0501296
0.0499786
0.0499743
0.0474233
0.0435432
0.0453243
0.0418121
0.047502
0.0415348
0.0357507
0.0290621
0.0569886
0.0572141
0.0556989
0.0404243
0.0491034
0.035329
0.030713
0.0426186
0.0399669
0.0369815
0.0335262
0.0348701
0.0443462
0.0436551
0.0488922
0.0305852
0.0469685
0.0384527
0.0457879
0.0427055
0.0395828
0.0348218
0.0414173
0.0355385
0.0372314
0.0413089
0.0519134
0.0372064
0.0392277
0.0430556
0.0386817
0.0355433
0.0514386
0.0642531
0.0478249
0.0416932
0.0424238
0.0416337
0.0384527
0.0413959
0.043969
0.0582834
0.0391703
0.041718
0.0403094
0.0400297
0.0408234
0.0350166
0.0382438
0.0439938
0.0371348
0.0460188
0.0406184
0.0364103
0.0501195
0.0450842
0.0391076
0.0328979
0.0456273
0.0429061
0.0469348
0.0509764
0.0467653
0.0363083
0.0482973
0.0447506
0.0578185
0.0493595
0.0434032
0.0501328
0.0403786
0.0336173
0.0476599
0.034175
0.0315599
0.0360193
0.0393126
0.0427372
0.0411795
0.0368215
0.0395694
0.0323578
0.0348063
0.0379572
0.052232
0.0542141
0.0494885
0.0516602
0.0399852
0.0428789
0.0474096
0.0352683
0.0617298
0.0353052
0.0448519
0.0363858
0.0400716
0.036139
0.0317536
0.03188
0.0357498
0.0419894
0.0516897
0.0433405
0.0442546
0.0455464
0.0562998
0.0555813
0.053675
0.0410031
0.0396826
0.0501086
0.0447544
0.0512622
0.0360756
0.0612674
0.0308656
0.03659
0.0388186
0.0349827
0.0385327
0.0521129
0.0298384
0.0331597
0.036662
0.0674056
0.041231
0.0353106
0.0392728
0.0402296
0.0421547
0.0457439
0.0326953
0.0294306
0.0382628
0.0456203
0.0521254
0.0416313
0.0449584
0.0413589
0.0386551
0.0348569
0.0364692
0.0499362
0.0534991
0.0507623
0.0440117
0.0548497
0.0434519
0.046016
0.0504862
0.0413696
0.0410515
0.0418643
0.0477725
0.0493671
0.0365114
0.029921
0.0386765
0.0487189
0.0384445
0.0490696
0.0442303
0.0402631
0.0353404
0.0336456
0.0505898
0.0307619
0.0360604
0.0452664
0.0358099
0.0367976
0.0370672
0.043171
0.0418007
0.029811
0.0364987
0.0360955
0.0461861
0.03755
0.0318956
0.0439122
0.0282126
0.0367478
0.0364954
0.0385277
0.0359698
0.0402276
0.0356773
0.0336015
0.0398104
0.0442883
0.0484095
0.042013
0.0426716
0.0454053
0.0390572
0.0458613
0.0464041
0.038452
0.0386699
0.0368357
0.0530526
0.04349
0.0355603
0.0416402
0.0559133
0.0427631
0.0396285
0.0373627
0.0476363
0.0516616
0.0410212
0.0568893
0.0491911
0.0450701
0.0384076
0.0404079
0.0331324
0.0464964
0.0424759
0.0486612
0.0412357
0.0403155
0.052725
0.0567221
0.034341
0.0355129
0.0402127
0.0468737
0.051295
0.0468914
0.06844
0.0593588
0.040465
0.0397011
0.032657
0.0458122
0.0433907
0.0356683
0.0483676
0.0367723
0.0417012
0.031781
0.0445386
0.0295034
0.0314394
0.0352754
0.0449555
0.0433023
0.0389224
0.0507505
0.0471887
0.0664008
0.0631002
0.0450808
0.0501603
0.0540452
0.0497939
0.0458137
0.0391696
0.0384739
0.0328923
0.0403855
0.0431954
0.0307398
0.0404847
0.0336017
0.0580935
0.0539679
0.052593
0.0462582
0.0405977
0.0409447
0.0327087
0.0417151
0.0469458
0.0499044
0.0495031
0.0342328
0.0347287
0.0342583
0.0403041
0.0309508
0.0295751
0.0393508
0.0314141
0.0292802
0.0413202
0.0442606
0.037777
0.0461939
0.0463321
0.0363574
0.0430647
0.0522556
0.0380211
0.0434373
0.0417382
0.039846
0.0307164
0.032001
0.0371358
0.0397737
0.0554231
0.0484874
0.05199
0.0493242
0.0467506
0.0421068
0.0513969
0.0431482
0.0377077
0.0468953
0.048582
0.0410144
0.0403874
0.0445836
0.0457482
0.0496857
0.0406243
0.0485071
0.038491
0.0378292
0.0563261
0.0570294
0.0623742
0.0316847
0.041593
0.0389056
0.0443132
0.0349623
0.0433715
0.0409225
0.051678
0.039315
0.0555619
0.0426076
0.0388227
0.0446583
0.0451855
0.0568861
0.0453971
0.0513896
0.0520897
0.0534622
0.0348213
0.0448478
0.0378188
0.041349
0.0432613
0.0411967
0.0316498
0.0466199
0.0406898
0.0400894
0.0410499
0.061062
0.0317706
0.0397949
0.0405927
0.0482216
0.0418215
0.0381096
0.037498
0.0457413
0.0374206
0.0500196
0.0440614
0.0390838
0.0375754
0.0429536
0.0632457
0.0486482
0.0406254
0.034269
0.0328689
0.0332104
0.0381117
0.0406167
0.0403879
0.0506214
0.0460638
0.0389727
0.038365
0.0339363
0.0445217
0.0500453
0.0385575
0.0358614
0.027607
0.0415646
0.0393103
0.03918
0.0490948
0.0472848
0.0501506
0.0456515
0.0408092
0.0363328
0.0344092
0.0415842
0.031643
0.0443961
0.0530166
0.057376
0.0442467
0.042764
0.0398905
0.0384326
0.0345121
0.0386591
0.0392695
0.0368438
0.0420768
0.0561873
0.0339153
0.0348656
0.0372193
0.0662506
0.041929
0.0383596
0.0313886
0.0346369
0.0336452
0.0421735
0.0389673
0.040529
0.0446801
0.0365883
0.0428751
0.0464578
0.0439329
0.0503876
0.04428
0.0438622
0.0452045
0.0420821
0.0492681
0.0421757
0.0417111
0.0364161
0.0408224
0.0399765
0.0558377
0.0519651
0.0319071
0.0308348
0.0376749
0.0343811
0.0470252
0.0473143
0.0469283
0.0416196
0.0343074
0.0348903
0.0458169
0.0423145
0.0565303
0.0504569
0.0517064
0.0510125
0.0477089
0.0447147
0.0449074
0.0322911
0.0382581
0.0366249
0.0415284
0.0349876
0.057281
0.0397386
0.0298285
0.0315854
0.0462724
0.0364108
0.0521043
0.044932
0.0334997
0.0297392
0.0276242
0.0296503
0.0316778
0.0479504
0.0501723
0.0655529
0.0562628
0.0493509
0.0449269
0.0371569
0.0414416
0.0382582
0.0362985
0.0337643
0.0452676
0.0519221
0.0364875
0.0338208
0.0450018
0.0467278
0.0390747
0.0356766
0.0401948
0.0379835
0.0342607
0.0322043
0.0374042
0.0385215
0.0347332
0.0363864
0.0456162
0.0423566
0.0500731
0.0472295
0.0357619
0.0500473
0.0370238
0.0433073
0.0565473
0.0519169
0.0362039
0.0369302
0.036317
0.0357513
0.0390118
0.0419965
0.044637
0.039563
0.0422208
0.0526592
0.0421651
0.0626854
0.0534365
0.0491068
0.0525444
0.047677
0.0392279
0.0466089
0.0585689
0.0402997
0.0586264
0.0433824
0.0435395
0.0367447
0.0334581
0.0499148
0.0619802
0.0554838
0.0422298
0.0428619
0.038119
0.0362
0.0496839
0.0474727
0.052079
0.0451003
0.0507459
0.0470177
0.0404181
0.0424793
0.0550136
0.0411886
0.0339993
0.0384953
0.052131
0.0573605
0.0417921
0.0406593
0.0316218
0.0381658
0.0491973
0.0412729
0.0505028
0.0426927
0.0419534
0.0551648
0.0567056
0.0399347
0.0418663
0.0362167
0.0403227
0.0472358
0.0550092
0.0391713
0.0446476
0.0514167
0.0618842
0.0596045
0.0414299
0.0399148
0.0329567
0.0404653
0.0386855
0.0414101
0.0514187
0.0445449
0.0354992
0.0451896
0.0399158
0.0357902
0.0468491
0.0450137
0.0561797
0.0445149
0.0389185
0.0420797
0.039736
0.0428229
0.0418949
0.0431893
0.0326173
0.0324785
0.034166
0.0422198
0.0453292
0.0470683
0.0401398
0.0319573
0.0470147
0.0395178
0.038989
0.0330098
0.0466525
0.0359829
0.0523718
0.0375612
0.0377963
0.0337792
0.0326619
0.0349408
0.0422376
0.055864
0.0484801
0.0383966
0.0359139
0.0382347
0.0365078
0.0413094
0.0460984
0.0531778
0.049323
0.0503321
0.0352025
0.0426132
0.0375515
0.0372042
0.0476626
0.0528764
0.0380641
0.0549671
0.0571447
0.0616663
0.0446177
0.0372128
0.0443575
0.0334142
0.0391122
0.0353315
0.0470195
0.0436734
0.0432705
0.0547115
0.0467794
0.0343471
0.0392093
0.0384233
0.0380005
0.0442773
0.0400588
0.0539076
0.0385915
0.0402592
0.0448529
0.0462836
0.0343852
0.0427876
0.0592829
0.0576267
0.0515044
0.0668833
0.0645569
0.060518
0.0664521
0.0355083
0.0391478
0.0408679
0.036964
0.0444612
0.0675818
0.0498595
0.0362541
0.045538
0.0338379
0.0429956
0.0496952
0.0463185
0.047422
0.0522947
0.0428675
0.0482427
0.0361794
0.0416823
0.04485
0.0509265
0.0396897
0.0494907
0.036067
0.0365527
0.0381186
0.0476646
0.0458601
0.0380458
0.0318073
0.0378992
0.0395841
0.0435431
0.0470573
0.0462831
0.0423799
0.0434725
0.0478296
0.0480004
0.0415536
0.0443566
0.0491172
0.0353181
0.033754
0.0419138
0.0630625
0.0448299
0.0342216
0.0365093
0.0516696
0.0544141
0.0469911
0.0317044
0.0419013
0.0363332
0.0379547
0.0484887
0.0454149
0.0336616
0.0391489
0.0439721
0.0527768
0.0456272
0.0527098
0.035148
0.0441224
0.0439213
0.0440299
0.050579
0.0356771
0.0475849
0.0428859
0.0448306
0.0370853
0.0299676
0.0377844
0.0477061
0.0404579
0.0432065
0.0407765
0.055762
0.0484141
0.0453864
0.0437767
0.0422624
0.0353693
0.0398552
0.0388043
0.0346737
0.0468968
0.0558348
0.0379944
0.0439635
0.0519714
0.0477795
0.0401966
0.0457158
0.038463
0.0413967
0.0315113
0.0290778
0.0265605
0.0387631
0.0443566
0.0354526
0.0398452
0.0340666
0.047616
0.0559071
0.0511419
0.0436919
0.0409946
0.050619
0.0486718
0.0379197
0.036424
0.0274213
0.0296735
0.0424358
0.0373246
0.0384124
0.0369162
0.0454847
0.0402759
0.0578309
0.0369799
0.0400303
0.033878
0.0301285
0.0365603
0.0646548
0.0576588
0.0365878
0.0469546
0.0357659
0.0407197
0.0375231
0.0526254
0.0459092
0.040683
0.0391905
0.0377146
0.0429698
0.0441389
0.0325029
0.0347733
0.0437086
0.0539727
0.032606
0.0324471
0.0452973
0.0359959
0.0389411
0.0305811
0.0355429
0.0451266
0.0366747
0.0298697
0.0364663
0.0418508
0.0545745
0.0409499
0.0663038
0.0481948
0.0457126
0.0623255
0.0483949
0.0564077
0.0505998
0.0347478
0.0506609
0.0591997
0.0429746
0.0417165
0.0354798
0.0519282
0.0439638
0.0532939
0.0467135
0.0355174
0.0480273
0.0440514
0.0496287
0.0451093
0.0287344
0.0362577
0.0381043
0.0469515
0.0507396
0.0418026
0.0392954
0.0386835
0.0439152
0.0401075
0.0405432
0.0511486
0.0373381
0.0369034
0.0340559
0.0372096
0.0392091
0.0451792
0.0670557
0.0388798
0.0361402
0.0496119
0.0430894
0.058079
0.0397511
0.0376227
0.0459763
0.0540852
0.0599454
0.0471717
0.0433563
0.044803
0.0428662
0.0368057
0.0360834
0.0420889
0.0383633
0.0438377
0.0463928
0.0349647
0.0460854
0.0572054
0.0366068
0.046634
0.036744
0.0546418
0.0462953
0.0568701
0.0517186
0.0407789
0.0418826
0.0353575
0.0419296
0.0577561
0.0450143
0.0535175
0.056668
0.0367541
0.0397818
0.0529697
0.0421355
0.0512894
0.0299958
0.0354843
0.0357045
0.0372341
0.0523027
0.0431752
0.0398622
0.0326557
0.0357997
0.0419565
0.0334626
0.0440659
0.0428843
0.0319525
0.0315448
0.0351299
0.0383889
0.0452719
0.0463776
0.0339476
0.038805
0.0448449
0.041313
0.0336857
0.0397897
0.0339002
0.0365378
0.0370428
0.0366493
0.036873
0.0354186
0.0489553
0.0452461
0.048691
0.0490821
0.0385128
0.0406548
0.0481556
0.0503302
0.0477739
0.046275
0.0444485
0.0575702
0.0502243
0.0308054
0.0414756
0.0384639
0.0455677
0.0540612
0.0346958
0.0458277
0.0452117
0.0463733
0.0568004
0.0381029
0.0464563
0.0382394
0.0487052
0.0608811
0.0455516
0.054237
0.0534629
0.0438954
0.0531754
0.0558701
0.049446
0.0506115
0.0422058
0.0445483
0.0285024
0.042954
0.0380807
0.0355963
0.0356938
0.0494004
0.0466548
0.0412913
0.0419555
0.0417567
0.0306542
0.0451949
0.0592424
0.0632118
0.0450071
0.0384873
0.0438717
0.0355071
0.0285912
0.033565
0.0284009
0.0399073
0.0497111
0.0537158
0.0417597
0.0335486
0.0343204
0.039421
0.0407092
0.0469546
0.0538904
0.0456452
0.0405784
0.0497638
0.0309638
0.0298538
0.0476843
0.0404198
0.0355922
0.0383353
0.0394799
0.0337573
0.0342921
0.0379036
0.0338809
0.0412293
0.0406954
0.0420071
0.0325076
0.0394463
0.0461838
0.033722
0.0365065
0.0554663
0.0482738
0.0351395
0.0347004
0.0416802
0.0381074
0.050128
0.0473391
0.0451611
0.0397605
0.047678
0.0350267
0.0347805
0.0439403
0.039925
0.0483915
0.0495824
0.0460017
0.0531273
0.0472675
0.0463086
0.0506866
0.0511944
0.0422041
0.0395978
0.0490464
0.0459665
0.0322387
0.0339797
0.0377514
0.0558749
0.0487319
0.0332843
0.0332248
0.0318194
0.0342268
0.0317955
0.0614755
0.0417807
0.0363426
0.0345637
0.0296417
0.0371411
0.0454934
0.0490358
0.0359292
0.0558527
0.0578308
0.0582749
0.0406041
0.0487027
0.0453288
0.0415108
0.0491525
0.0414226
0.0453094
0.0341488
0.0426337
0.0418226
0.0311243
0.0399503
0.0376905
0.0544836
0.0411182
0.042282
0.0617479
0.034746
0.0475474
0.0485995
0.0458045
0.0415602
0.0507619
0.0424782
0.0612886
0.0514528
0.0591767
0.0517651
0.0419935
0.0422152
0.0606679
0.0512711
0.0494528
0.0384868
0.0438549
0.0516635
0.0423163
0.0318715
0.0435157
0.0438129
0.0365095
0.0440767
0.0460041
0.0415798
0.040011
0.0366737
0.0390442
0.0321861
0.0485689
0.0490514
0.041598
0.0561594
0.0428455
0.0406529
0.0431054
0.0458987
0.044036
0.0349336
0.0444126
0.034553
0.0418898
0.0545883
0.0473589
0.0436576
0.0550151
0.0654548
0.0428721
0.0418747
0.0436685
0.043473
0.0600689
0.0671758
0.0469465
0.0438283
0.0387005
0.0359506
0.0367209
0.0476069
0.0408704
0.0381146
0.0409421
0.0465282
0.0556563
0.0443163
0.0377971
0.0451758
0.0654659
0.0517318
0.0393912
0.0384959
0.0419331
0.0379029
0.0278467
0.0384842
0.0409331
0.0329274
0.0340649
0.038269
0.0466562
0.0438303
0.0420369
0.0403032
0.0408144
0.035281
0.0473112
0.0441588
0.0583551
0.046012
0.0341163
0.0470812
0.051443
0.0527853
0.0296528
0.0325297
0.0345906
0.0491666
0.0494987
0.0447294
0.0361013
0.0416597
0.0422243
0.0494099
0.039469
0.0313311
0.0311299
0.0342028
0.041464
0.034659
0.039795
0.0442638
0.0450341
0.0423398
0.049846
0.038969
0.0399124
0.0436104
0.0379645
0.0444441
0.0367739
0.0417662
0.0438061
0.0378418
0.0347953
0.0404719
0.0495772
0.0426449
0.0389034
0.0426265
0.0378607
0.0390911
0.0434506
0.0472874
0.0411907
0.0540107
0.035527
0.045407
0.0493098
0.04144
0.0390178
0.0302359
0.0493687
0.0348882
0.0456482
0.0378044
0.0413602
0.0405294
0.0383013
0.0425275
0.0582584
0.0478995
0.0517442
0.0473695
0.0437925
0.0431154
0.0486265
0.0543068
0.0409277
0.0385157
0.0400963
0.0354538
0.0423829
0.0390223
0.0471053
0.0368094
0.0483592
0.0429648
0.0340792
0.0562744
0.0610698
0.0566734
0.0447959
0.0394558
0.0428023
0.0377844
0.0512326
0.0633447
0.0507442
0.051272
0.0354625
0.044998
0.0396516
0.0349892
0.0351509
0.0401734
0.0452309
0.0441088
0.035535
0.0418365
0.0385458
0.0365979
0.0503751
0.0529218
0.0458921
0.0476128
0.0326141
0.0434212
0.0385257
0.0350998
0.0373193
0.0356699
0.0393856
0.0382809
0.0511833
0.0487363
0.0520666
0.0406987
0.0452446
0.0430043
0.0473181
0.0489746
0.0433227
0.0346727
0.0359531
0.0488725
0.0525443
0.044144
0.0639879
0.0474778
0.0416854
0.0403114
0.0325626
0.0356142
0.0381229
0.0331609
0.0328694
0.0284514
0.04431
0.0293246
0.0330175
0.0395065
0.0292209
0.0439853
0.0519455
0.0433686
0.0393453
0.0383944
0.0462029
0.0407269
0.0327903
0.0346715
0.0454612
0.048564
0.0499172
0.0561815
0.0461337
0.0564174
0.0412802
0.0335393
0.0351569
0.0370395
0.0447487
0.0756131
0.0406114
0.0299102
0.0432059
0.0508491
0.0374953
0.0294354
0.0337513
0.0457527
0.0341621
0.041907
0.0429862
0.039692
0.0433807
0.0386517
0.0325049
0.0411816
0.0430912
0.0449733
0.0481943
0.0353606
0.0430328
0.0525819
0.0506332
0.0317972
0.0340143
0.0275682
0.0331537
0.0460472
0.0440582
0.0400247
0.0458781
0.0474532
0.0332229
0.0378502
0.0386723
0.0385524
0.0288892
0.0481599
0.0327575
0.0430737
0.0449502
0.0484301
0.0344274
0.0335222
0.0326428
0.0443646
0.043278
0.0452073
0.0434893
0.0548228
0.0341846
0.0318388
0.0449702
0.0327369
0.0419756
0.037735
0.0458466
0.0362353
0.0427604
0.042768
0.0400396
0.0317227
0.0346651
0.0329003
0.0392286
0.0437977
0.0376949
0.0405576
0.0340342
0.0380782
0.0387241
0.0349086
0.0358631
0.0480943
0.0374025
0.0371096
0.0489725
0.0441012
0.0346125
0.0392097
0.0380548
0.0353791
0.0372666
0.0582655
0.0422062
0.0500073
0.0434971
0.0489396
0.0450316
0.0404046
0.0385092
0.0362294
0.0423433
0.0434758
0.0576293
0.050336
0.0600978
0.0405148
0.0388771
0.0410145
0.0471589
0.0478858
0.0415725
0.0476456
0.0382311
0.0395324
0.0457314
0.0464389
0.0408428
0.0410814
0.0374058
0.0425412
0.0291356
0.0407151
0.0358764
0.0499231
0.0520115
0.0621466
0.0439801
0.0485042
0.0479655
0.0504529
0.0358856
0.0442414
0.0469034
0.043028
0.0390829
0.0465263
0.0566874
0.0469289
0.0593201
0.0442804
0.039565
0.0563945
0.0375083
0.0471234
0.0424744
0.0453624
0.0384322
0.0534796
0.0528873
0.0342675
0.0501078
0.0342563
0.0430765
0.0359803
0.0414588
0.0437071
0.04845
0.0541112
0.0513674
0.0474174
0.0533741
0.046554
0.0484637
0.0375511
0.0324938
0.0420498
0.0358366
0.0435532
0.0544221
0.0546158
0.0398423
0.0373033
0.0446438
0.036283
0.032212
0.0311796
0.0335532
0.034929
0.038889
0.0495805
0.0599789
0.0560917
0.0618748
0.0428083
0.0372414
0.0561571
0.0456988
0.0542086
0.0545027
0.0725632
0.0374231
0.036924
0.047689
0.0653623
0.0671276
0.042367
0.042549
0.0447416
0.0348501
0.0357462
0.0414658
0.0383514
0.0355555
0.0346843
0.0442526
0.0363215
0.0364354
0.0383145
0.0345493
0.0436895
0.0471576
0.0451208
0.0442977
0.0378122
0.0403597
0.0431258
0.050685
0.0427269
0.036234
0.0405456
0.0378508
0.0401285
0.0293745
0.0460519
0.0601984
0.0397437
0.0365392
0.0361569
0.0416217
0.0482162
0.0466836
0.0347206
0.0381008
0.0567055
0.0340369
0.0431343
0.0325569
0.052159
0.0431268
0.0350311
0.0445992
0.0402169
0.0432226
0.0304939
0.0432833
0.0474767
0.0372035
0.0362251
0.0416932
0.034379
0.041568
0.0336731
0.0319966
0.0274432
0.0393109
0.0429292
0.043109
0.0465054
0.0288184
0.0330634
0.0363497
0.0367605
0.034277
0.0410092
0.0384208
0.0425319
0.035034
0.0487325
0.0468711
0.048694
0.0361908
0.0474433
0.0496271
0.0467134
0.0444923
0.0432689
0.0501243
0.0373037
0.0287283
0.0401269
0.0404502
0.036714
0.0521087
0.0487273
0.0355509
0.039318
0.0533089
0.0469667
0.0520862
0.0461496
0.0321611
0.0314139
0.0401116
0.0444036
0.0477332
0.0385436
0.0404916
0.0344562
0.0621639
0.0512668
0.0573387
0.0430138
0.0468947
0.0460061
0.0370887
0.036801
0.0413188
0.0601452
0.0412126
0.0479653
0.0602635
0.0303329
0.0437125
0.0343649
0.0459772
0.0362101
0.0277038
0.0497196
0.0411817
0.0392843
0.0606515
0.0402802
0.0548435
0.0436415
0.0385237
0.0302644
0.0243763
0.0328491
0.0549676
0.0615158
0.0318648
0.0411619
0.0528449
0.0377688
0.0354089
0.0305335
0.0373671
0.0333158
0.0326606
0.0336597
0.0393798
0.0492834
0.0342179
0.0362257
0.0305162
0.0347555
0.0563619
0.0469513
0.0333673
0.033936
0.0486934
0.0386615
0.0376108
0.0434128
0.05358
0.0535776
0.0357178
0.0407216
0.0390746
0.0372264
0.0473745
0.0623858
0.0429043
0.0473202
0.0453906
0.0439154
0.0508932
0.0606882
0.0482064
0.0483696
0.0494612
0.0353875
0.04464
0.0571949
0.0514409
0.0404971
0.0340736
0.034557
0.0329991
0.0302684
0.0477917
0.0429825
0.0450807
0.0582557
0.0458967
0.0526988
0.0361192
0.0404823
0.0458095
0.0361865
0.038112
0.0363077
0.0377596
0.0403327
0.0441947
0.0442978
0.0356621
0.0427754
0.064272
0.0652584
0.0437534
0.0383908
0.0300499
0.047328
0.0486056
0.0477797
0.0396974
0.0445082
0.0509303
0.0516682
0.0475098
0.0520257
0.0344595
0.03824
0.0489136
0.0464169
0.0342147
0.0305952
0.0405651
0.0374742
0.0437528
0.0331983
0.0374255
0.0370595
0.0413353
0.0452797
0.0320231
0.04747
0.0467055
0.0362797
0.0490205
0.0404715
0.040179
0.0446474
0.0509944
0.0429644
0.0370984
0.0407324
0.0702394
0.0536874
0.0457875
0.0431868
0.0360014
0.0338765
0.0412614
0.0461062
0.0599927
0.0620063
0.0585766
0.0426137
0.046953
0.0364634
0.0370217
0.0524355
0.0623366
0.0415132
0.0419989
0.0345966
0.0426296
0.0476691
0.0344951
0.0342555
0.0377673
0.0418789
0.0348659
0.0301447
0.0564224
0.0451437
0.039504
0.0372375
0.0511289
0.0529386
0.0392523
0.0441944
0.0471651
0.0421066
0.0303604
0.0511027
0.0514604
0.0303462
0.0338736
0.0347264
0.0416387
0.0301224
0.02843
0.0363801
0.04852
0.0530727
0.052251
0.059892
0.0416785
0.0403434
0.0429614
0.0436597
0.0332968
0.0413805
0.0600674
0.040489
0.0438511
0.0409994
0.0335797
0.043074
0.053322
0.0539442
0.0450988
0.0380178
0.047561
0.0276754
0.0409422
0.0442261
0.0442276
0.0378207
0.0357887
0.0467725
0.04416
0.0428217
0.0478916
0.0456012
0.0532938
0.0368218
0.0454785
0.0371031
0.0446826
0.0359904
0.0285382
0.0495717
0.0512077
0.0471553
0.0396201
0.0510051
0.0402217
0.0468911
0.0356331
0.0384175
0.043191
0.0405555
0.0523291
0.0397705
0.0364907
0.0546337
0.0422129
0.0401159
0.0385634
0.0367402
0.0498774
0.0489398
0.0515654
0.0486185
0.0384169
0.0391799
0.0389145
0.0405391
0.0430154
0.0573589
0.0533711
0.0431564
0.0434097
0.0384617
0.0564731
0.0433346
0.042955
0.0581624
0.0522776
0.057465
0.0408152
0.0468761
0.0360733
0.0469208
0.0330926
0.0344755
0.03307
0.0477914
0.0390202
0.0534484
0.0360796
0.0449869
0.074062
0.0576618
0.0445222
0.0416667
0.0362735
0.0380588
0.0423698
0.0695944
0.0383963
0.0429253
0.0529949
0.0537482
0.0448795
0.038071
0.0421591
0.0414962
0.0494071
0.0408138
0.0418991
0.0511819
0.0417199
0.0360851
0.0432161
0.0534955
0.0435318
0.0511388
0.0348557
0.0490301
0.0642622
0.0387796
0.040865
0.0459354
0.0349701
0.038387
0.0364464
0.0412427
0.0472982
0.0481049
0.0362141
0.0413202
0.0285193
0.031328
0.034948
0.0341547
0.0329886
0.0305866
0.0421682
0.0360835
0.0281686
0.0408955
0.0332186
0.0373598
0.0309411
0.0386901
0.0479242
0.0391678
0.0328906
0.0319999
0.0407043
0.0445903
0.0627634
0.048858
0.0484803
0.0464542
0.0471709
0.038082
0.0464916
0.0582951
0.0307593
0.0295195
0.0423229
0.0495375
0.0519326
0.0580406
0.0435148
0.0460026
0.0489713
0.0501888
0.0456568
0.0431184
0.041356
0.031856
0.0329053
0.0360884
0.0534138
0.0454599
0.0415579
0.038263
0.0448408
0.0319068
0.0399766
0.0351158
0.0499004
0.0655136
0.0363059
0.0484996
0.0432554
0.04313
0.055986
0.0416395
0.0439821
0.0399714
0.0453162
0.0421509
0.0293475
0.03685
0.0385571
0.0353247
0.0289309
0.0438106
0.0653763
0.0523695
0.0356172
0.0350692
0.0324789
0.0393284
0.0453899
0.0522867
0.033323
0.0346163
0.0351797
0.0333085
0.0442138
0.0468568
0.0401957
0.0482669
0.0428692
0.0446784
0.0418343
0.0458307
0.0395925
0.0347522
0.0411676
0.0396635
0.0421117
0.0509196
0.0722587
0.0498677
0.0546622
0.0508261
0.0423153
0.0407935
0.0317091
0.0413721
0.0370122
0.0347062
0.0433082
0.0469433
0.0487042
0.0504351
0.0389392
0.0416275
0.0406477
0.0385693
0.0355022
0.0351701
0.0360018
0.0337487
0.0475609
0.0427616
0.0435222
0.0358483
0.0457304
0.0589257
0.0495561
0.0478568
0.050127
0.0405685
0.0400805
0.055141
0.0521957
0.0415078
0.036245
0.0347517
0.0313686
0.0312941
0.0390537
0.0485651
0.0396959
0.0439224
0.0496392
0.0556503
0.0320844
0.0344925
0.0363502
0.0396118
0.0425492
0.040934
0.035622
0.0358755
0.0351818
0.0341399
0.0311599
0.0339639
0.0481376
0.0365218
0.050936
0.0469465
0.0433593
0.0433648
0.0399534
0.0349616
0.050497
0.0513155
0.0612621
0.0492506
0.0479346
0.034134
0.0415977
0.0372426
0.0534891
0.0447182
0.0526632
0.0456092
0.0472997
0.0498119
0.0500339
0.0371396
0.0473572
0.0500258
0.0369137
0.0396847
0.0517782
0.0430941
0.0527962
0.046861
0.0419072
0.0447677
0.0574056
0.0441673
0.041625
0.0284718
0.0499187
0.0357084
0.0442896
0.0506141
0.0427465
0.0366364
0.0318329
0.0316228
0.0344099
0.0363795
0.0446219
0.047772
0.0345083
0.0452805
0.038333
0.0535574
0.0424321
0.0430635
0.037222
0.0382545
0.0384925
0.0315551
0.0369371
0.0350526
0.036251
0.0353684
0.0424587
0.0516241
0.0434123
0.029552
0.0307377
0.038081
0.0513319
0.0504123
0.0315178
0.0629172
0.0425562
0.0407697
0.0425906
0.0434935
0.0430139
0.0310262
0.0439521
0.0540362
0.041647
0.0370188
0.0432049
0.0614735
0.043614
0.0449243
0.0403071
0.0347225
0.0330304
0.0427366
0.0436218
0.0444167
0.0304908
0.0423526
0.0430094
0.0374391
0.0491035
0.0498943
0.0362338
0.0404091
0.0390596
0.0363988
0.0502814
0.0384058
0.0450967
0.0400357
0.0571682
0.039999
0.0418989
0.041861
0.0471477
0.0474587
0.032288
0.0307305
0.0527362
0.0456141
0.0449397
0.0463055
0.0439018
0.0485556
0.0330552
0.0553369
0.0435121
0.0494118
0.0473906
0.0337566
0.032621
0.0416508
0.0385338
0.0410517
0.0370748
0.0369756
0.0284099
0.0437453
0.046818
0.0569121
0.0405447
0.0438831
0.048808
0.0423663
0.0329441
0.0405889
0.0410062
0.0482502
0.0478566
0.0659343
0.0492782
0.0449911
0.0543209
0.0610296
0.0400224
0.033408
0.0348793
0.0355943
0.0421553
0.0445464
0.0393196
0.0381062
0.0528766
0.045706
0.0467571
0.0423738
0.0395326
0.0472706
0.0382107
0.035241
0.0405846
0.040622
0.0487697
0.0404899
0.0487598
0.034121
0.0380445
0.0354796
0.0342342
0.0329383
0.0291756
0.050633
0.0395972
0.0397468
0.035281
0.0303209
0.0373257
0.0371871
0.0391384
0.0354345
0.041375
0.0419374
0.0445439
0.0474045
0.0503083
0.0433033
0.0378038
0.0480385
0.0453021
0.0366116
0.0355247
0.0444801
0.0447565
0.057982
0.0409467
0.0372201
0.0588948
0.0385289
0.0418729
0.0377809
0.0426065
0.0581138
0.0446289
0.0610171
0.0485266
0.0659228
0.0478672
0.045249
0.0364467
0.0337416
0.0538249
0.0285108
0.0328133
0.0474868
0.0478621
0.0370976
0.0351298
0.0327441
0.039161
0.035109
0.0463729
0.0400247
0.0366191
0.0501463
0.0404093
0.0337034
0.0409512
0.0471887
0.0395288
0.0431943
0.0443332
0.038236
0.0377239
0.0482497
0.0345457
0.042429
0.0463008
0.0383927
0.0461536
0.0459528
0.0465985
0.0358949
0.0329025
0.0438118
0.0353734
0.0374478
0.0433553
0.0419197
0.0367748
0.0462224
0.0548078
0.0542
0.0492478
0.0571219
0.0353863
0.0334999
0.0411841
0.0623906
0.0389845
0.0351611
0.0296585
0.0326138
0.0275133
0.031704
0.0409173
0.0413486
0.0349718
0.0387994
0.0301031
0.0324813
0.0279965
0.0349082
0.031628
0.0393297
0.037812
0.0371537
0.0344045
0.0331617
0.0298704
0.0413855
0.0373643
0.0361885
0.048683
0.0420977
0.029767
0.0391289
0.0407892
0.0467952
0.0395805
0.0303017
0.0364628
0.0264717
0.0297795
0.0383789
0.0458961
0.0630684
0.0445206
0.039822
0.0352093
0.0408653
0.0438019
0.0659055
0.0512401
0.0431149
0.0532965
0.0598903
0.0638851
0.0495238
0.0318415
0.0416548
0.0407858
0.0333409
0.0376973
0.048895
0.0395521
0.0370476
0.0411136
0.0454632
0.0457906
0.0345546
0.0448796
0.0463532
0.0488685
0.0487437
0.0406987
0.0381334
0.0422703
0.0405341
0.0616225
0.0595179
0.0477861
0.0538155
0.0605653
0.0463446
0.0424874
0.0493576
0.0551334
0.0369311
0.0349726
0.0451273
0.0469272
0.0418015
0.0343286
0.0450365
0.0335883
0.0478024
0.038152
0.038657
0.0471962
0.0449527
0.0447121
0.0333527
0.0336123
0.0384452
0.0409958
0.0391404
0.0369638
0.042499
0.0453422
0.0382409
0.0491966
0.0364495
0.0414419
0.0493718
0.0430194
0.0408675
0.0420172
0.0585742
0.0477867
0.0440863
0.0340289
0.0420919
0.0358263
0.0359335
0.0407744
0.0379247
0.0476651
0.0423266
0.0371977
0.0730576
0.0384502
0.0477183
0.0458823
0.0394557
0.0471178
0.0409766
0.0404355
0.0531853
0.0476541
0.0474663
0.045422
0.0345375
0.0367192
0.0359897
0.0385863
0.0546638
0.0458837
0.033826
0.0352755
0.0446421
0.0318855
0.0473795
0.042661
0.0525597
0.048158
0.0407106
0.0484458
0.0363356
0.0416908
0.0314285
0.0480613
0.0431385
0.0466487
0.03994
0.028349
0.0291858
0.0326265
0.0350037
0.0462226
0.0683964
0.0389732
0.0305993
0.0379322
0.0436759
0.0415532
0.056725
0.0413995
0.033798
0.0333643
0.0363767
0.0481217
0.0337584
0.0311324
0.0306106
0.0280111
0.046747
0.051162
0.0423666
0.0392645
0.0322811
0.0401694
0.0432016
0.0290958
0.0322276
0.0315008
0.0351431
0.0439754
0.0431248
0.038946
0.0340845
0.0495417
0.0412886
0.0328564
0.0403789
0.0549687
0.0439439
0.0355401
0.0449428
0.0394028
0.0445092
0.0322579
0.0434401
0.0445902
0.0321398
0.0376068
0.040907
0.0414751
0.0453676
0.0459616
0.0708759
0.050971
0.0418137
0.0475126
0.0443132
0.042969
0.0476808
0.0359569
0.0319044
0.0425582
0.0444694
0.0396874
0.0371481
0.0407239
0.0406227
0.041471
0.0547117
0.0348277
0.0456467
0.0392721
0.0354366
0.0295057
0.0511474
0.0494026
0.0541844
0.0387424
0.0281038
0.0325907
0.0385046
0.036621
0.0464695
0.0461535
0.0322759
0.0391454
0.0379546
0.0462075
0.0417303
0.0396425
0.0566425
0.0420702
0.0529247
0.0432466
0.0392218
0.0386537
0.0369081
0.0476269
0.0409773
0.0328149
0.0342672
0.031649
0.0299547
0.0370744
0.0474382
0.0517169
0.0349063
0.0652585
0.0488447
0.0522868
0.0469365
0.038524
0.0369486
0.0426845
0.0348373
0.0339563
0.0414463
0.0528752
0.0621113
0.0413787
0.0342249
0.0326284
0.0275776
0.032276
0.040948
0.0418832
0.0405551
0.0448856
0.0448836
0.042966
0.0336422
0.0394311
0.0301324
0.0355694
0.0345141
0.0365495
0.0432032
0.0372139
0.0483367
0.0470425
0.0585624
0.0418211
0.0468083
0.0400917
0.0446002
0.0433108
0.0379329
0.0320938
0.0357996
0.0502642
0.0411431
0.0442515
0.039246
0.0414975
0.0427236
0.0505216
0.0521983
0.0632075
0.0370276
0.0437985
0.043878
0.0465831
0.0461964
0.0320339
0.0398719
0.0437379
0.0356082
0.0337114
0.0383468
0.0345986
0.0387485
0.0378928
0.0455122
0.0337425
0.0441514
0.0362813
0.0469398
0.0426602
0.0399869
0.0386306
0.0471835
0.051094
0.039706
0.0438917
0.0477336
0.0560694
0.0400018
0.0409738
0.0389519
0.0441463
0.0431728
0.0628047
0.0640794
0.0423649
0.0377186
0.0521538
0.0454611
0.0372136
0.0386098
0.0397628
0.0424428
0.0554829
0.0604025
0.0668195
0.0527263
0.0339804
0.0357677
0.0337418
0.0310506
0.0395753
0.0434046
0.0445367
0.0459108
0.0393012
0.0372205
0.0434164
0.043615
0.0321479
0.0386756
0.0303469
0.0379669
0.0391386
0.0573277
0.0596055
0.0527761
0.0495225
0.0444412
0.0353796
0.0466797
0.0358012
0.0411288
0.0437325
0.0680788
0.0326645
0.0429534
0.0414783
0.0424844
0.0332459
0.0360326
0.0414554
0.0549519
0.0323527
0.0389721
0.0340362
0.0445714
0.0471945
0.0427253
0.043732
0.0473299
0.0489235
0.0537224
0.0508056
0.0365698
0.053924
0.0495852
0.039665
0.0385842
0.0391923
0.0472052
0.0365968
0.0436593
0.0426931
0.0360315
0.0320396
0.0382478
0.0327011
0.0363155
0.0529045
0.0436668
0.0498808
0.0457158
0.0442941
0.0442034
0.0414878
0.0490133
0.0438145
0.0554777
0.0351365
0.0504504
0.0398184
0.0413357
0.0426408
0.0387782
0.0462365
0.0357627
0.0390756
0.0436489
0.0574421
0.0395097
0.046559
0.0367623
0.0370127
0.0512095
0.0402271
0.0357359
0.0440585
0.0373353
0.0382549
0.0338474
0.0429737
0.0382819
0.0425238
0.0535398
0.0427778
0.0404654
0.0431268
0.0347401
0.0451108
0.0429365
0.0396067
0.0541736
0.0358064
0.0398524
0.0308477
0.0472366
0.0467404
0.0351144
0.0454953
0.046055
0.040648
0.0390039
0.036067
0.0427791
0.0429222
0.0456458
0.0452856
0.0363765
0.0438769
0.044881
0.0383999
0.0404233
0.0380879
0.0425684
0.0452199
0.0357445
0.0350235
0.0318884
0.0389002
0.0576471
0.0541653
0.03771
0.0378009
0.0446083
0.0364194
0.0302586
0.0335934
0.0340894
0.0356266
0.0432384
0.0372983
0.0404732
0.0434953
0.0385033
0.043133
0.040822
0.0460878
0.0331084
0.0386811
0.0369004
0.0444168
0.061662
0.0550301
0.047322
0.0563889
0.0363943
0.0366806
0.0306951
0.035524
0.0496498
0.043136
0.0393642
0.0376599
0.0484214
0.0578406
0.0352668
0.0374857
0.033518
0.0360705
0.0465351
0.0338496
0.0446427
0.0400945
0.049753
0.0520234
0.0373191
0.0308405
0.043487
0.0494445
0.0413278
0.052154
0.0652899
0.0381751
0.0458451
0.0631605
0.0357186
0.0307002
0.0415745
0.0346713
0.0487411
0.0339062
0.0460864
0.0349124
0.0385046
0.0574244
0.0710688
0.0526085
0.0396545
0.0379356
0.0364705
0.0384523
0.0455071
0.0343078
0.0321557
0.0411874
0.0336099
0.0391589
0.0355533
0.0519143
0.0511992
0.0520027
0.043842
0.0350913
0.0375171
0.0395951
0.0471628
0.0629958
0.0531383
0.0427056
0.0397079
0.0427836
0.0430189
0.0363804
0.0505288
0.0399478
0.0366035
0.0337536
0.0448321
0.0413289
0.0441019
0.0446462
0.0275297
0.048162
0.0283607
0.0292548
0.0364109
0.0438514
0.0543115
0.0313772
0.0413204
0.0398507
0.0366519
0.0455605
0.0330532
0.0396231
0.0343155
0.0370043
0.0395948
0.0401072
0.0561246
0.0361282
0.0396355
0.0313322
0.0352826
0.0340214
0.0401676
0.0493118
0.0390728
0.0382069
0.0395394
0.0364364
0.0453076
0.0398476
0.0490408
0.0341561
0.0401727
0.0374015
0.0600988
0.0536295
0.0374704
0.0425193
0.0455024
0.0399076
0.0385307
0.045074
0.0376062
0.0364767
0.0298203
0.0393642
0.0403273
0.0494766
0.0493436
0.0409326
0.0451876
0.0343791
0.0319067
0.0386384
0.0406867
0.0406448
0.0421449
0.0420501
0.0409445
0.041248
0.0439608
0.0399224
0.0421449
0.0444252
0.042712
0.0400525
0.0419766
0.0340213
0.0452266
0.0381918
0.0437757
0.0535258
0.0585387
0.0390409
0.0596428
0.0507526
0.0490024
0.0407979
0.0376799
0.0379929
0.0311277
0.030676
0.0351238
0.0352187
0.0386374
0.0416644
0.0429057
0.0429774
0.0522333
0.0483633
0.0391785
0.0384306
0.0320601
0.0333251
0.0378215
0.0358899
0.0441771
0.0431794
0.0532871
0.0547062
0.0384563
0.044057
0.0287282
0.0397393
0.0560516
0.0464021
0.04858
0.054214
0.0365336
0.0398958
0.0335978
0.0402819
0.0340908
0.0407953
0.0408949
0.0562019
0.0343902
0.0509708
0.0476117
0.0392756
0.0402465
0.0428975
0.0442647
0.0557511
0.0479272
0.0481909
0.0369907
0.0394382
0.0335315
0.04123
0.0439903
0.0442584
0.0319925
0.0446764
0.0343477
0.040562
0.047146
0.0275987
0.0391656
0.0313399
0.031662
0.0382831
0.0453994
0.0486249
0.0451537
0.0578363
0.0472931
0.0418027
0.0469075
0.0478489
0.0400523
0.0388191
0.0412365
0.0366849
0.0365716
0.0457217
0.0401549
0.0405276
0.0401597
0.0438501
0.0384177
0.0392873
0.0464667
0.0529771
0.0569032
0.0537494
0.0587967
0.0391878
0.0396666
0.0401704
0.036405
0.0406506
0.0342047
0.0378848
0.0472553
0.0366349
0.0452532
0.0381869
0.0491088
0.0439074
0.032818
0.0305618
0.0379714
0.0520705
0.0408864
0.0416803
0.0438831
0.0330683
0.0426547
0.0474966
0.0384437
0.0431276
0.0491874
0.0652421
0.040696
0.0336118
0.0515363
0.0403398
0.0418942
0.0380611
0.0374711
0.0438199
0.0399873
0.0391916
0.0440417
0.0411206
0.0356194
0.0404386
0.0444906
0.046941
0.0529041
0.0505103
0.0706752
0.0430269
0.0372284
0.0474003
0.0385088
0.0378381
0.0382876
0.0420901
0.0464032
0.0359458
0.0432233
0.030511
0.0252889
0.0247052
0.0340747
0.0388383
0.0494787
0.0553173
0.0392821
0.0370987
0.042201
0.0480451
0.0474395
0.0397192
0.035996
0.0381192
0.044846
0.0367836
0.039215
0.0471962
0.0515162
0.0373165
0.0497306
0.047015
0.0558774
0.0476189
0.0442417
0.031982
0.0373987
0.0431959
0.0282726
0.0379216
0.0255092
0.0219511
0.0289932
0.0315922
0.0363474
0.0445968
0.0321657
0.038726
0.0323442
0.0301378
0.0395097
0.0489282
0.0381034
0.0331512
0.0440988
0.0426912
0.0446651
0.0540837
0.0384236
0.0404699
0.0462857
0.0535591
0.0521035
0.0354292
0.0358728
0.0367266
0.0326956
0.0502642
0.0408578
0.0355147
0.0370811
0.0408643
0.0410532
0.0665607
0.0373331
0.044427
0.0514423
0.047932
0.0402666
0.0421221
0.0476644
0.0372321
0.043294
0.0360017
0.0356091
0.0436495
0.0388034
0.0409783
0.0387587
0.0452738
0.044633
0.0504193
0.058375
0.0525273
0.0402497
0.0370138
0.0437263
0.0520282
0.0389847
0.0321501
0.0477568
0.0430071
0.0384182
0.0365202
0.0389461
0.0440569
0.0454615
0.0381549
0.0507055
0.0403292
0.0550038
0.04039
0.0344109
0.0400167
0.0508388
0.0536495
0.0589089
0.0538775
0.0443933
0.0435022
0.046599
0.0386233
0.0326334
0.027949
0.0431352
0.0387519
0.0471071
0.0329166
0.0344334
0.0347748
0.056129
0.0527079
0.0376997
0.0480157
0.0443809
0.0486783
0.0344264
0.036996
0.0458811
0.054755
0.0567259
0.0325117
0.0328983
0.0303276
0.043488
0.0406431
0.0386613
0.0362647
0.0371994
0.0448229
0.0448991
0.0418158
0.0444529
0.0468811
0.0342096
0.0308779
0.0443683
0.0469716
0.0408446
0.0547044
0.0433285
0.0554175
0.0448127
0.0592884
0.0420601
0.0605854
0.0364259
0.0288446
0.0292815
0.0523288
0.0405642
0.0430943
0.0384321
0.0441599
0.0477203
0.0551938
0.0462057
0.0434008
0.0398111
0.0371352
0.0379185
0.0467636
0.0372436
0.0516617
0.0555003
0.0378535
0.0467986
0.0416446
0.0518596
0.0452918
0.0420199
0.0493843
0.0419416
0.0632506
0.0508062
0.044471
0.0451313
0.0313491
0.0345392
0.0566205
0.0565521
0.0456843
0.0568296
0.0419614
0.0349649
0.0401087
0.0400962
0.0358898
0.0437238
0.0385827
0.0459455
0.0543957
0.0587674
0.0450604
0.0371789
0.0395272
0.0427039
0.0438515
0.0369155
0.0455937
0.0386847
0.0440033
0.0462061
0.04868
0.039529
0.0469128
0.0319695
0.0411937
0.0406744
0.0462936
0.0401132
0.0365486
0.046548
0.0510504
0.0410977
0.0471577
0.0467413
0.0341843
0.0362439
0.0729627
0.0510516
0.0456279
0.0441749
0.0452099
0.0334961
0.0420175
0.0372204
0.0596155
0.0468854
0.0330139
0.0340411
0.0436382
0.038821
0.0333924
0.0336733
0.0483795
0.0381475
0.0319521
0.0364377
0.043167
0.040374
0.0368444
0.0518027
0.0554169
0.0563654
0.0510902
0.043376
0.0586118
0.0480546
0.0406528
0.0432789
0.0468924
0.0502611
0.0397602
0.0353135
0.0488789
0.0287193
0.0369519
0.0380986
0.0396785
0.0480592
0.0388908
0.0473376
0.0375934
0.036083
0.0287936
0.037526
0.0494268
0.0542371
0.0447557
0.0342344
0.039287
0.0391266
0.0525296
0.0495202
0.0511096
0.0724347
0.0505367
0.0639729
0.0406736
0.0334895
0.0464862
0.0482808
0.0381498
0.0461186
0.03726
0.0417911
0.0445159
0.0341224
0.0298291
0.0300888
0.0394315
0.0319968
0.0397544
0.0443508
0.0305579
0.0392235
0.0340633
0.0271409
0.0324193
0.0585718
0.0427665
0.0298648
0.0263415
0.0343692
0.0354989
0.0393342
0.0477188
0.0428185
0.04186
0.0363482
0.0681312
0.0416223
0.0387747
0.0314556
0.047903
0.0433219
0.0416638
0.0316708
0.0339315
0.0302237
