           0           0           0
  0.00231823           0           0
  0.00463647           0           0
   0.0069547           0           0
  0.00927294           0           0
   0.0115912           0           0
   0.0139094           0           0
   0.0162276           0           0
   0.0185459           0           0
   0.0208641           0           0
   0.0231823           0           0
   0.0255006           0           0
   0.0278188           0           0
    0.030137           0           0
   0.0324553           0           0
   0.0347735           0           0
   0.0370917           0           0
     0.03941           0           0
   0.0417282           0           0
   0.0440464           0           0
   0.0463647           0           0
   0.0486829           0           0
   0.0510011           0           0
   0.0533194           0           0
   0.0556376           0           0
   0.0579559           0           0
   0.0602741           0           0
   0.0625923           0           0
   0.0649106           0           0
   0.0672288           0           0
    0.069547           0           0
   0.0718653           0           0
   0.0741835           0           0
   0.0765017           0           0
     0.07882           0           0
   0.0811382           0           0
   0.0834564           0           0
   0.0857747           0           0
   0.0880929           0           0
   0.0904111           0           0
   0.0927294           0           0
   0.0950476           0           0
   0.0973658           0           0
   0.0996841           0           0
    0.102002           0           0
    0.104321           0           0
    0.106639           0           0
    0.108957           0           0
    0.111275           0           0
    0.113593           0           0
    0.115912           0           0
     0.11823           0           0
    0.120548           0           0
    0.122866           0           0
    0.125185           0           0
    0.127503           0           0
    0.129821           0           0
    0.132139           0           0
    0.134458           0           0
    0.136776           0           0
    0.139094           0           0
    0.141412           0           0
    0.143731           0           0
    0.146049           0           0
    0.148367           0           0
    0.150685           0           0
    0.153003           0           0
    0.155322           0           0
     0.15764           0           0
    0.159958           0           0
    0.162276           0           0
    0.164595           0           0
    0.166913           0           0
    0.169231           0           0
    0.171549           0           0
    0.173868           0           0
    0.176186           0           0
    0.178504           0           0
    0.180822           0           0
     0.18314           0           0
    0.185459           0           0
    0.187777           0           0
    0.190095           0           0
    0.192413           0           0
    0.194732           0           0
     0.19705           0           0
    0.199368           0           0
    0.201686           0           0
    0.204005           0           0
    0.206323           0           0
    0.208641           0           0
    0.210959           0           0
    0.213278           0           0
    0.215596           0           0
    0.217914           0           0
    0.220232           0           0
     0.22255           0           0
    0.224869           0           0
    0.227187           0           0
    0.229505           0           0
    0.231823           0           0
    0.234142           0           0
     0.23646           0           0
    0.238778           0           0
    0.241096           0           0
    0.243415           0           0
    0.245733           0           0
    0.248051           0           0
    0.250369           0           0
    0.252688           0           0
    0.255006           0           0
    0.257324           0           0
    0.259642           0           0
     0.26196           0           0
    0.264279           0           0
    0.266597           0           0
    0.268915           0           0
    0.271233           0           0
    0.273552           0           0
     0.27587           0           0
    0.278188           0           0
    0.280506           0           0
    0.282825           0           0
    0.285143           0           0
    0.287461           0           0
    0.289779           0           0
    0.292097           0           0
    0.294416           0           0
    0.296734           0           0
    0.299052           0           0
     0.30137           0           0
    0.303689           0           0
    0.306007           0           0
    0.308325           0           0
    0.310643           0           0
    0.312962           0           0
     0.31528           0           0
    0.317598           0           0
    0.319916           0           0
    0.322235           0           0
    0.324553           0           0
    0.326871           0           0
    0.329189           0           0
    0.331507           0           0
    0.333826           0           0
    0.336144           0           0
    0.338462           0           0
     0.34078           0           0
    0.343099           0           0
    0.345417           0           0
    0.347735           0           0
    0.350053           0           0
    0.352372           0           0
     0.35469           0           0
    0.357008           0           0
    0.359326           0           0
    0.361645           0           0
    0.363963           0           0
    0.366281           0           0
    0.368599           0           0
    0.370917           0           0
    0.373236           0           0
    0.375554           0           0
    0.377872           0           0
     0.38019           0           0
    0.382509           0           0
    0.384827           0           0
    0.387145           0           0
    0.389463           0           0
    0.391782           0           0
      0.3941           0           0
    0.396418           0           0
    0.398736           0           0
    0.401054           0           0
    0.403373           0           0
    0.405691           0           0
    0.408009           0           0
    0.410327           0           0
    0.412646           0           0
    0.414964           0           0
    0.417282           0           0
      0.4196           0           0
    0.421919           0           0
    0.424237           0           0
    0.426555           0           0
    0.428873           0           0
    0.431192           0           0
     0.43351           0           0
    0.435828           0           0
    0.438146           0           0
    0.440464           0           0
    0.442783           0           0
    0.445101           0           0
    0.447419           0           0
    0.449737           0           0
    0.452056           0           0
    0.454374           0           0
    0.456692           0           0
     0.45901           0           0
    0.461329           0           0
    0.463647           0           0
    0.465965           0           0
    0.468283           0           0
    0.470602           0           0
     0.47292           0           0
    0.475238           0           0
    0.477556           0           0
    0.479874           0           0
    0.482193           0           0
    0.484511           0           0
    0.486829           0           0
    0.489147           0           0
    0.491466           0           0
    0.493784           0           0
    0.496102           0           0
     0.49842           0           0
    0.500739           0           0
    0.503057           0           0
    0.505375           0           0
    0.507693           0           0
    0.510011           0           0
     0.51233           0           0
    0.514648           0           0
    0.516966           0           0
    0.519284           0           0
    0.521603           0           0
    0.523921           0           0
    0.526239           0           0
    0.528557           0           0
    0.530876           0           0
    0.533194           0           0
    0.535512           0           0
     0.53783           0           0
    0.540149           0           0
    0.542467           0           0
    0.544785           0           0
    0.547103           0           0
    0.549421           0           0
     0.55174           0           0
    0.554058           0           0
    0.556376           0           0
    0.558694           0           0
    0.561013           0           0
    0.563331           0           0
    0.565649           0           0
    0.567967           0           0
    0.570286           0           0
    0.572604           0           0
    0.574922           0           0
     0.57724           0           0
    0.579559           0           0
    0.581877           0           0
    0.584195           0           0
    0.586513           0           0
    0.588831           0           0
     0.59115           0           0
    0.593468           0           0
    0.595786           0           0
    0.598104           0           0
    0.600423           0           0
    0.602741           0           0
    0.605059           0           0
    0.607377           0           0
    0.609696           0           0
    0.612014           0           0
    0.614332           0           0
     0.61665           0           0
    0.618968           0           0
    0.621287           0           0
    0.623605           0           0
    0.625923           0           0
    0.628241           0           0
     0.63056           0           0
    0.632878           0           0
    0.635196           0           0
    0.637514           0           0
    0.639833           0           0
    0.642151           0           0
    0.644469           0           0
    0.646787           0           0
    0.649106           0           0
    0.651424           0           0
    0.653742           0           0
     0.65606           0           0
    0.658378           0           0
    0.660697           0           0
    0.663015           0           0
    0.665333           0           0
    0.667651           0           0
     0.66997           0           0
    0.672288           0           0
    0.674606           0           0
    0.676924           0           0
    0.679243           0           0
    0.681561           0           0
    0.683879           0           0
    0.686197           0           0
    0.688516           0           0
    0.690834           0           0
    0.693152           0           0
     0.69547           0           0
    0.697788           0           0
    0.700107           0           0
    0.702425           0           0
    0.704743           0           0
    0.707061           0           0
     0.70938           0           0
    0.711698           0           0
    0.714016           0           0
    0.716334           0           0
    0.718653           0           0
    0.720971           0           0
    0.723289           0           0
    0.725607           0           0
    0.727925           0           0
    0.730244           0           0
    0.732562           0           0
     0.73488           0           0
    0.737198           0           0
    0.739517           0           0
    0.741835           0           0
    0.744153           0           0
    0.746471           0           0
     0.74879           0           0
    0.751108           0           0
    0.753426           0           0
    0.755744           0           0
    0.758063           0           0
    0.760381           0           0
    0.762699           0           0
    0.765017           0           0
    0.767335           0           0
    0.769654           0           0
    0.771972           0           0
     0.77429           0           0
    0.776608           0           0
    0.778927           0           0
    0.781245           0           0
    0.783563           0           0
    0.785881           0           0
      0.7882           0           0
    0.790518           0           0
    0.792836           0           0
    0.795154           0           0
    0.797473           0           0
    0.799791           0           0
    0.802109           0           0
    0.804427           0           0
    0.806745           0           0
    0.809064           0           0
    0.811382           0           0
      0.8137           0           0
    0.816018           0           0
    0.818337           0           0
    0.820655           0           0
    0.822973           0           0
    0.825291           0           0
     0.82761           0           0
    0.829928           0           0
    0.832246           0           0
    0.834564           0           0
    0.836882           0           0
    0.839201           0           0
    0.841519           0           0
    0.843837           0           0
    0.846155           0           0
    0.848474           0           0
    0.850792           0           0
     0.85311           0           0
    0.855428           0           0
    0.857747           0           0
    0.860065           0           0
    0.862383           0           0
    0.864701           0           0
     0.86702           0           0
    0.869338           0           0
    0.871656  7.5858e-06 7.50956e-06
    0.873974           0           0
    0.876292 3.00234e-05 2.97216e-05
    0.878611           0           0
    0.880929 7.42715e-06  7.3525e-06
    0.883247 7.38827e-06 7.31401e-06
    0.885565 2.20491e-05 1.23422e-05
    0.887884 7.31141e-06 7.23792e-06
    0.890202 6.54608e-05 2.85244e-05
     0.89252 0.000115772 4.27338e-05
    0.894838 0.000194355 5.86654e-05
    0.897157  0.00028645 7.51077e-05
    0.899475 0.000341972 6.90444e-05
    0.901793  0.00060247  8.8101e-05
    0.904111 0.000923764  9.3492e-05
     0.90643  0.00119266 0.000127059
    0.908748  0.00188459 0.000161296
    0.911066  0.00243058 0.000201511
    0.913384  0.00393142 0.000289846
    0.915702  0.00470213 0.000256011
    0.918021   0.0062858 0.000361269
    0.920339  0.00929626 0.000345867
    0.922657   0.0120395 0.000413791
    0.924975   0.0166214 0.000538123
    0.927294   0.0208491 0.000636481
    0.929612   0.0279429 0.000643787
     0.93193    0.036174 0.000692268
    0.934248   0.0435505 0.000923584
    0.936567   0.0546852 0.000882068
    0.938885   0.0695746   0.0011112
    0.941203   0.0822541  0.00122506
    0.943521    0.103648  0.00135346
    0.945839    0.123864  0.00156028
    0.948158    0.149121  0.00134332
    0.950476     0.18004  0.00185397
    0.952794    0.215147  0.00192253
    0.955112    0.251536  0.00179043
    0.957431    0.298079  0.00220928
    0.959749    0.348039  0.00274943
    0.962067    0.397072  0.00179182
    0.964385    0.458122  0.00327005
    0.966704    0.524913  0.00330613
    0.969022      0.5944  0.00288863
     0.97134    0.672789  0.00336672
    0.973658    0.748845  0.00367661
    0.975977     0.84604  0.00374852
    0.978295    0.941253  0.00398934
    0.980613      1.0451  0.00378077
    0.982931     1.15688  0.00421768
    0.985249     1.26539  0.00485605
    0.987568     1.37786  0.00493983
    0.989886     1.50641  0.00573125
    0.992204     1.62568  0.00454846
    0.994522     1.76626  0.00425579
    0.996841      1.8974  0.00578762
    0.999159     2.03339  0.00586576
     1.00148     2.18558  0.00549798
      1.0038     2.32194   0.0052779
     1.00611     2.47122  0.00530835
     1.00843     2.62021  0.00563303
     1.01075     2.76177  0.00564455
     1.01307      2.9025  0.00636633
     1.01539     3.04887  0.00591823
      1.0177     3.18609  0.00585674
     1.02002     3.33546  0.00672104
     1.02234     3.46548  0.00597977
     1.02466     3.60525  0.00590051
     1.02698     3.72841  0.00689067
      1.0293     3.86894   0.0064491
     1.03161     3.97163  0.00686868
     1.03393       4.088  0.00725891
     1.03625     4.20537  0.00747561
     1.03857      4.3001  0.00805968
     1.04089      4.3993  0.00595805
     1.04321     4.49511  0.00615816
     1.04552     4.56363  0.00769682
     1.04784     4.62878  0.00785903
     1.05016     4.70834  0.00737177
     1.05248     4.76032   0.0071476
      1.0548     4.79449  0.00817404
     1.05711     4.83637   0.0069303
     1.05943     4.87341  0.00691843
     1.06175     4.91725  0.00784765
     1.06407     4.92963  0.00739968
     1.06639     4.91692  0.00871964
     1.06871     4.93497  0.00803957
     1.07102     4.94148  0.00740969
     1.07334     4.90347  0.00946341
     1.07566     4.89666  0.00774998
     1.07798     4.85821  0.00866197
      1.0803     4.83904  0.00732309
     1.08262     4.78763  0.00813615
     1.08493     4.75235  0.00781409
     1.08725     4.69977  0.00727513
     1.08957     4.65423  0.00780229
     1.09189     4.59324  0.00705126
     1.09421     4.52508    0.007338
     1.09652     4.45701  0.00601004
     1.09884     4.37792  0.00769302
     1.10116     4.29998  0.00721267
     1.10348     4.22418  0.00696641
      1.1058      4.1234  0.00712104
     1.10812     4.06174  0.00721515
     1.11043      3.9544  0.00668018
     1.11275     3.85805  0.00542285
     1.11507     3.76223  0.00577644
     1.11739     3.68102  0.00679791
     1.11971     3.58208  0.00638291
     1.12203     3.47527  0.00653394
     1.12434     3.38497  0.00608977
     1.12666     3.27878  0.00555189
     1.12898     3.18387   0.0061762
      1.1313     3.08266   0.0059359
     1.13362     2.99616  0.00607929
     1.13593     2.89103  0.00596707
     1.13825     2.79499  0.00574809
     1.14057     2.69691  0.00484209
     1.14289     2.59365   0.0056414
     1.14521     2.49439  0.00622371
     1.14753      2.4117  0.00538678
     1.14984     2.32514  0.00565339
     1.15216      2.2323  0.00432809
     1.15448     2.13647  0.00506081
      1.1568     2.05612  0.00432441
     1.15912     1.96871  0.00396431
     1.16144     1.88289  0.00386764
     1.16375     1.79966  0.00379254
     1.16607     1.72883  0.00355454
     1.16839     1.64902  0.00441592
     1.17071      1.5798  0.00432356
     1.17303     1.50801  0.00346742
     1.17534     1.42749  0.00401167
     1.17766     1.36923  0.00345027
     1.17998     1.30066  0.00330715
      1.1823     1.24197  0.00338403
     1.18462     1.17853   0.0027555
     1.18694     1.12047  0.00313332
     1.18925     1.05941  0.00341359
     1.19157     1.00218  0.00349636
     1.19389    0.954044   0.0029217
     1.19621     0.89882  0.00264925
     1.19853    0.851792  0.00239234
     1.20085    0.810888  0.00261674
     1.20316    0.765092  0.00286712
     1.20548    0.723139  0.00250152
      1.2078    0.682407  0.00295492
     1.21012    0.641616  0.00235632
     1.21244    0.605128   0.0021878
     1.21475    0.568391  0.00270665
     1.21707    0.539108  0.00203825
     1.21939    0.503539   0.0025276
     1.22171    0.476613  0.00243167
     1.22403    0.443069  0.00215304
     1.22635    0.420783   0.0021925
     1.22866    0.393422  0.00175353
     1.23098    0.369759  0.00229332
      1.2333    0.344727  0.00228357
     1.23562    0.321886  0.00186189
     1.23794    0.303843  0.00183594
     1.24026     0.28516  0.00175929
     1.24257     0.26472   0.0018983
     1.24489    0.243537  0.00195519
     1.24721    0.230081  0.00162284
     1.24953    0.214651  0.00149277
     1.25185     0.19976  0.00139537
     1.25416    0.186147  0.00148892
     1.25648     0.17411  0.00159596
      1.2588    0.162399  0.00166197
     1.26112    0.150981  0.00122594
     1.26344    0.142138  0.00107015
     1.26576    0.132052  0.00121243
     1.26807    0.122552  0.00121259
     1.27039    0.113845  0.00125715
     1.27271    0.106893 0.000962532
     1.27503   0.0991246  0.00108925
     1.27735   0.0917547 0.000953939
     1.27967   0.0862833 0.000984317
     1.28198   0.0803384 0.000952077
      1.2843   0.0759082  0.00086409
     1.28662   0.0724501 0.000837974
     1.28894   0.0666102 0.000854217
     1.29126   0.0621298  0.00078467
     1.29357   0.0593323 0.000851339
     1.29589   0.0547786 0.000785977
     1.29821   0.0528445 0.000753501
     1.30053   0.0511421 0.000666358
     1.30285   0.0476129 0.000708226
     1.30517    0.046225 0.000723686
     1.30748   0.0439388 0.000867282
      1.3098   0.0431615 0.000731241
     1.31212   0.0420945 0.000740897
     1.31444   0.0424438 0.000651851
     1.31676   0.0414561 0.000632349
     1.31908   0.0416654 0.000769182
     1.32139   0.0408885 0.000657794
     1.32371   0.0414961 0.000724004
     1.32603   0.0430508 0.000590184
     1.32835   0.0435121 0.000701107
     1.33067   0.0437355 0.000614637
     1.33298   0.0450641 0.000735417
      1.3353   0.0459562 0.000703272
     1.33762   0.0474383 0.000645828
     1.33994   0.0510787 0.000669505
     1.34226   0.0517928 0.000590255
     1.34458    0.055833 0.000668123
     1.34689   0.0573647 0.000766967
     1.34921   0.0607807 0.000811013
     1.35153   0.0643151 0.000722507
     1.35385   0.0683286 0.000821458
     1.35617   0.0710878 0.000756166
     1.35849    0.076535  0.00075474
      1.3608   0.0809665 0.000826746
     1.36312   0.0846689 0.000872619
     1.36544   0.0904746 0.000924141
     1.36776   0.0969159 0.000974437
     1.37008    0.101589 0.000961592
     1.37239    0.108307 0.000926894
     1.37471    0.115522  0.00115374
     1.37703    0.119734 0.000943894
     1.37935    0.128477  0.00118203
     1.38167    0.135318   0.0011481
     1.38399    0.145022  0.00129463
      1.3863    0.153331  0.00119137
     1.38862    0.160084  0.00112076
     1.39094    0.168175  0.00126313
     1.39326    0.177724  0.00119783
     1.39558    0.185539 0.000984209
      1.3979    0.196105    0.001343
     1.40021    0.208837  0.00139247
     1.40253    0.220639  0.00131786
     1.40485    0.229024  0.00154809
     1.40717    0.240485  0.00165281
     1.40949    0.253478  0.00134559
      1.4118    0.266613  0.00161647
     1.41412    0.277417  0.00172684
     1.41644    0.292185  0.00155367
     1.41876     0.30759  0.00144096
     1.42108    0.320681  0.00168796
      1.4234    0.335041  0.00164177
     1.42571     0.34885  0.00160117
     1.42803    0.362484  0.00148672
     1.43035    0.380352  0.00159278
     1.43267     0.39279  0.00199892
     1.43499    0.413224  0.00145734
     1.43731    0.428292  0.00213107
     1.43962     0.44373  0.00175377
     1.44194    0.464141   0.0017784
     1.44426    0.476697    0.001505
     1.44658     0.49544  0.00196418
      1.4489    0.513967  0.00165365
     1.45121    0.532154  0.00181688
     1.45353    0.550154  0.00201804
     1.45585    0.565253  0.00191264
     1.45817    0.585335   0.0018803
     1.46049    0.600984  0.00201916
     1.46281    0.622017  0.00191023
     1.46512     0.63927  0.00192947
     1.46744    0.655774  0.00210747
     1.46976      0.6758  0.00206923
     1.47208    0.695103  0.00227791
      1.4744    0.715707  0.00223991
     1.47672    0.727884  0.00188286
     1.47903    0.741766  0.00253197
     1.48135    0.761193   0.0024876
     1.48367    0.778165   0.0017553
     1.48599    0.791607  0.00225343
     1.48831    0.807915  0.00231393
     1.49062    0.820449   0.0021651
     1.49294    0.842371  0.00235109
     1.49526    0.850803  0.00199297
     1.49758    0.867502  0.00232446
      1.4999    0.877539  0.00240896
     1.50222    0.891845  0.00223016
     1.50453     0.90465  0.00253288
     1.50685    0.912066  0.00234937
     1.50917    0.926678  0.00254921
     1.51149    0.931409  0.00240677
     1.51381    0.936122  0.00256396
     1.51613    0.953278  0.00269318
     1.51844    0.953707  0.00249422
     1.52076    0.959007  0.00217668
     1.52308    0.962072  0.00242083
      1.5254    0.969523  0.00242214
     1.52772    0.967673   0.0025611
     1.53003    0.974957  0.00271715
     1.53235     0.97009  0.00313617
     1.53467    0.973354  0.00233526
     1.53699    0.974726  0.00283139
     1.53931    0.975097  0.00248253
     1.54163    0.971178  0.00237008
     1.54394    0.967956    0.002854
     1.54626    0.965121  0.00262116
     1.54858    0.958379  0.00282678
      1.5509    0.946291  0.00291163
     1.55322    0.941471  0.00219455
     1.55554     0.93202   0.0023664
     1.55785    0.923266   0.0024334
     1.56017     0.91592  0.00265626
     1.56249    0.903639  0.00252477
     1.56481     0.89165  0.00223024
     1.56713    0.883722  0.00206998
     1.56944    0.869561  0.00263219
     1.57176    0.855265  0.00203636
     1.57408    0.840839  0.00222112
      1.5764    0.826504  0.00220977
     1.57872    0.811154  0.00210624
     1.58104     0.79702  0.00235023
     1.58335    0.779035  0.00186779
     1.58567    0.763846  0.00189096
     1.58799    0.747155  0.00205767
     1.59031    0.733962  0.00218788
     1.59263    0.715032  0.00177143
     1.59495    0.692134  0.00178235
     1.59726    0.674761  0.00180911
     1.59958    0.659287  0.00169549
      1.6019    0.642385   0.0016139
     1.60422    0.626057  0.00198389
     1.60654    0.608186  0.00179317
     1.60885    0.588656  0.00177317
     1.61117      0.5714  0.00177271
     1.61349    0.550959  0.00149161
     1.61581    0.534222  0.00137226
     1.61813    0.517874  0.00127748
     1.62045    0.497053  0.00145599
     1.62276     0.47884  0.00143817
     1.62508    0.464357  0.00132631
      1.6274    0.447833   0.0017388
     1.62972    0.431871  0.00136298
     1.63204    0.416327  0.00133326
     1.63436    0.398519  0.00174887
     1.63667    0.383673  0.00150703
     1.63899    0.369462  0.00142839
     1.64131    0.355547  0.00131382
     1.64363    0.343186   0.0013646
     1.64595    0.330505  0.00127888
     1.64826     0.31455  0.00130916
     1.65058    0.301624  0.00123089
      1.6529    0.289379  0.00123502
     1.65522    0.277501  0.00136812
     1.65754    0.267116  0.00137671
     1.65986    0.257784  0.00125899
     1.66217    0.247524  0.00110976
     1.66449    0.238531   0.0013008
     1.66681    0.230195   0.0013742
     1.66913    0.223496  0.00119318
     1.67145    0.217582  0.00136205
     1.67376    0.210003  0.00110745
     1.67608    0.203626  0.00120283
      1.6784    0.200321 0.000974897
     1.68072    0.196299  0.00124774
     1.68304     0.19202  0.00120748
     1.68536    0.190432  0.00131618
     1.68767     0.18825  0.00117918
     1.68999    0.188704  0.00118169
     1.69231    0.186727  0.00125058
     1.69463    0.189802  0.00109283
     1.69695    0.191897  0.00113013
     1.69927    0.193553  0.00132359
     1.70158    0.197555  0.00128883
      1.7039    0.201614  0.00150419
     1.70622    0.207495  0.00120719
     1.70854    0.216288  0.00155557
     1.71086    0.222744  0.00144809
     1.71317    0.230414  0.00161906
     1.71549    0.242215  0.00164567
     1.71781    0.252761  0.00133881
     1.72013    0.264632  0.00150268
     1.72245    0.279288  0.00157762
     1.72477    0.293621  0.00150511
     1.72708    0.309059  0.00166149
      1.7294    0.326135  0.00178898
     1.73172    0.345081  0.00127093
     1.73404     0.36475  0.00171628
     1.73636    0.387441  0.00172794
     1.73868    0.410321  0.00186862
     1.74099    0.435071  0.00177437
     1.74331    0.459701  0.00182954
     1.74563    0.487196  0.00191805
     1.74795    0.515138  0.00207404
     1.75027    0.548176  0.00191305
     1.75258    0.572259  0.00212722
      1.7549     0.60809  0.00201714
     1.75722     0.64531  0.00198842
     1.75954    0.680836  0.00203555
     1.76186    0.716165  0.00171651
     1.76418    0.755893  0.00195215
     1.76649    0.793528   0.0025562
     1.76881    0.839046  0.00247787
     1.77113    0.879588  0.00211668
     1.77345    0.924273  0.00226243
     1.77577    0.968487  0.00215939
     1.77809     1.01617  0.00219649
      1.7804     1.06383  0.00226145
     1.78272     1.11223  0.00233651
     1.78504      1.1555  0.00262309
     1.78736     1.21376  0.00235934
     1.78968     1.25908  0.00243645
     1.79199     1.31592  0.00257046
     1.79431     1.36924  0.00237414
     1.79663     1.42645  0.00257265
     1.79895     1.47776  0.00267493
     1.80127     1.53505  0.00250938
     1.80359     1.58632  0.00216517
      1.8059     1.64297  0.00247952
     1.80822     1.69435  0.00279414
     1.81054     1.74845  0.00221709
     1.81286     1.80347  0.00248218
     1.81518     1.86133  0.00267744
      1.8175     1.91465  0.00282176
     1.81981     1.96521  0.00246916
     1.82213       2.018  0.00188995
     1.82445     2.06994  0.00300651
     1.82677     2.12079  0.00318007
     1.82909     2.17423  0.00307197
      1.8314     2.21376   0.0027203
     1.83372     2.26237  0.00355158
     1.83604     2.30673  0.00336098
     1.83836     2.35194  0.00298193
     1.84068     2.38652  0.00356538
       1.843     2.43106  0.00311812
     1.84531     2.47073  0.00337146
     1.84763     2.50333   0.0033672
     1.84995     2.53707  0.00362098
     1.85227      2.5663  0.00328029
     1.85459     2.59687  0.00398487
     1.85691      2.6199  0.00348952
     1.85922     2.64044   0.0035047
     1.86154     2.66454   0.0035506
     1.86386     2.68264  0.00328731
     1.86618     2.69426   0.0037533
      1.8685     2.70869  0.00421299
     1.87081     2.71999  0.00440163
     1.87313     2.72133  0.00348286
     1.87545     2.72479  0.00393249
     1.87777      2.7313  0.00325015
     1.88009     2.72232  0.00409788
     1.88241     2.71439  0.00394388
     1.88472     2.71091  0.00378233
     1.88704     2.70004  0.00369179
     1.88936     2.68131  0.00404099
     1.89168     2.67104  0.00356668
       1.894     2.64226  0.00452717
     1.89632     2.62466   0.0037448
     1.89863     2.60569  0.00418923
     1.90095     2.57604   0.0041593
     1.90327     2.54786  0.00387357
     1.90559     2.51602  0.00380221
     1.90791     2.48726   0.0031754
     1.91022     2.44766  0.00378068
     1.91254     2.41508   0.0035503
     1.91486     2.37034  0.00315665
     1.91718     2.32596  0.00379687
      1.9195     2.28933  0.00339842
     1.92182     2.24475  0.00276238
     1.92413     2.20684  0.00354046
     1.92645     2.14879  0.00249937
     1.92877     2.10577  0.00289928
     1.93109     2.05898  0.00287215
     1.93341     2.00651  0.00245452
     1.93573      1.9639  0.00299531
     1.93804     1.90505   0.0028553
     1.94036     1.85871  0.00273388
     1.94268     1.80586  0.00244071
       1.945     1.75512  0.00206583
     1.94732     1.70345  0.00248147
     1.94963     1.65367  0.00208522
     1.95195     1.60309  0.00230949
     1.95427     1.55463   0.0020426
     1.95659     1.49793  0.00216594
     1.95891     1.45265   0.0025029
     1.96123     1.40094  0.00211976
     1.96354     1.35055  0.00240588
     1.96586     1.30038  0.00210392
     1.96818     1.25603  0.00229572
      1.9705     1.20456   0.0019937
     1.97282     1.16168   0.0022417
     1.97514     1.11875  0.00208729
     1.97745     1.07404  0.00205547
     1.97977     1.02993  0.00247008
     1.98209    0.991041  0.00188186
     1.98441    0.949141  0.00196148
     1.98673     0.90903  0.00196265
     1.98904    0.874073  0.00178237
     1.99136    0.835966  0.00207351
     1.99368    0.804825  0.00216431
       1.996     0.77107   0.0015775
     1.99832    0.738195  0.00152332
     2.00064    0.706523   0.0017759
     2.00295    0.677015  0.00162835
     2.00527    0.651192  0.00208916
     2.00759    0.627039  0.00183981
     2.00991    0.603233  0.00170926
     2.01223    0.578387  0.00183492
     2.01455    0.558889  0.00212366
     2.01686    0.537401  0.00190503
     2.01918    0.521043  0.00187445
      2.0215     0.50523   0.0017901
     2.02382     0.49088    0.001923
     2.02614    0.478091  0.00222152
     2.02845    0.466659  0.00159644
     2.03077    0.453426  0.00181826
     2.03309    0.447839  0.00162416
     2.03541     0.43999  0.00185182
     2.03773    0.431308   0.0016951
     2.04005    0.428123  0.00166736
     2.04236    0.426198  0.00163567
     2.04468    0.425477  0.00163746
       2.047    0.421251  0.00164834
     2.04932    0.425387  0.00162974
     2.05164    0.428284  0.00175585
     2.05396    0.433153  0.00152237
     2.05627    0.436134    0.001498
     2.05859    0.442779   0.0016019
     2.06091     0.44879  0.00138308
     2.06323    0.458139  0.00159144
     2.06555    0.465117  0.00159469
     2.06786    0.478047  0.00165357
     2.07018    0.487117  0.00164762
      2.0725     0.50035  0.00125388
     2.07482    0.512988  0.00150115
     2.07714    0.522569  0.00157521
     2.07946     0.53963  0.00165939
     2.08177    0.553046  0.00160635
     2.08409    0.567854  0.00162723
     2.08641    0.583367   0.0012266
     2.08873    0.604081  0.00145156
     2.09105    0.617276  0.00171763
     2.09337    0.633757  0.00163254
     2.09568    0.651568  0.00137844
       2.098    0.670433  0.00161662
     2.10032     0.68743  0.00151776
     2.10264    0.705707  0.00122552
     2.10496    0.722638  0.00167483
     2.10727    0.741046  0.00128708
     2.10959    0.762954   0.0014265
     2.11191    0.778007  0.00147598
     2.11423    0.795542  0.00149023
     2.11655    0.812888  0.00155676
     2.11887    0.831855  0.00144857
     2.12118    0.843905  0.00147185
      2.1235    0.861344  0.00151286
     2.12582    0.876712  0.00176333
     2.12814    0.889438  0.00157461
     2.13046    0.907112  0.00164761
     2.13278    0.922117  0.00202417
     2.13509    0.935384  0.00170257
     2.13741    0.946846  0.00160089
     2.13973    0.960617  0.00149422
     2.14205    0.973352  0.00191758
     2.14437    0.982284  0.00162579
     2.14668    0.991673  0.00158506
       2.149           1  0.00209286
     2.15132     1.01018   0.0018529
     2.15364     1.01369  0.00186381
     2.15596     1.01839   0.0017943
     2.15828     1.02267  0.00186873
     2.16059     1.02636  0.00183197
     2.16291     1.02896   0.0021218
     2.16523     1.03323  0.00219019
     2.16755     1.03249  0.00226531
     2.16987     1.03197  0.00173776
     2.17219     1.03276  0.00199064
      2.1745     1.03095  0.00178986
     2.17682     1.02925  0.00187784
     2.17914     1.02494  0.00173889
     2.18146     1.01835  0.00208132
     2.18378     1.01195  0.00197513
     2.18609     1.00893  0.00190058
     2.18841    0.997984  0.00161993
     2.19073    0.992015  0.00185415
     2.19305    0.984664  0.00198212
     2.19537    0.975909  0.00174427
     2.19769    0.966148  0.00190083
         2.2    0.913591  0.00178954
     2.20232    0.904222   0.0018684
     2.20464    0.894315  0.00161361
     2.20696     0.88242  0.00169978
     2.20928     0.87108  0.00142498
      2.2116    0.859475   0.0014852
     2.21391    0.843154  0.00153556
     2.21623    0.830486  0.00164431
     2.21855    0.817352  0.00143208
     2.22087    0.804751  0.00145066
     2.22319    0.790687  0.00160357
      2.2255     0.77588  0.00128202
     2.22782    0.765266  0.00126634
     2.23014    0.750983  0.00123775
     2.23246    0.737822  0.00130994
     2.23478    0.724607  0.00124523
      2.2371    0.708778  0.00123134
     2.23941    0.696201  0.00116973
     2.24173     0.68553  0.00125856
     2.24405    0.669999   0.0013849
     2.24637    0.657544   0.0013782
     2.24869     0.64752  0.00149177
     2.25101    0.637916  0.00154281
     2.25332      0.6259  0.00135009
     2.25564    0.617554  0.00184088
     2.25796    0.607109  0.00149793
     2.26028    0.597362  0.00142447
      2.2626    0.592072  0.00164592
     2.26491    0.581229  0.00156737
     2.26723    0.575771  0.00140945
     2.26955    0.571791  0.00155141
     2.27187    0.565267  0.00175922
     2.27419    0.562785  0.00157278
     2.27651    0.558101  0.00151665
     2.27882    0.556706  0.00182054
     2.28114    0.557768  0.00194464
     2.28346    0.555788  0.00185675
     2.28578    0.558737  0.00185641
      2.2881    0.559741  0.00173363
     2.29042    0.560834   0.0016625
     2.29273    0.567164  0.00168028
     2.29505    0.572225  0.00172008
     2.29737    0.578246  0.00190818
     2.29969    0.586632  0.00159707
     2.30201    0.593188  0.00157817
     2.30432    0.602541  0.00175963
