           0           0           0
  0.00649578           0           0
   0.0129916           0           0
   0.0194873           0           0
   0.0259831           0           0
   0.0324789           0           0
   0.0389747           0           0
   0.0454705           0           0
   0.0519663           0           0
    0.058462           0           0
   0.0649578           0           0
   0.0714536           0           0
   0.0779494           0           0
   0.0844452           0           0
    0.090941           0           0
   0.0974367           0           0
    0.103933           0           0
    0.110428           0           0
    0.116924           0           0
     0.12342           0           0
    0.129916           0           0
    0.136411           0           0
    0.142907           0           0
    0.149403           0           0
    0.155899           0           0
    0.162395           0           0
     0.16889           0           0
    0.175386           0           0
    0.181882           0           0
    0.188378           0           0
    0.194873           0           0
    0.201369           0           0
    0.207865           0           0
    0.214361           0           0
    0.220857           0           0
    0.227352           0           0
    0.233848           0           0
    0.240344           0           0
     0.24684           0           0
    0.253336           0           0
    0.259831           0           0
    0.266327           0           0
    0.272823           0           0
    0.279319           0           0
    0.285814           0           0
     0.29231           0           0
    0.298806           0           0
    0.305302           0           0
    0.311798           0           0
    0.318293           0           0
    0.324789           0           0
    0.331285           0           0
    0.337781           0           0
    0.344276           0           0
    0.350772           0           0
    0.357268           0           0
    0.363764           0           0
     0.37026           0           0
    0.376755           0           0
    0.383251           0           0
    0.389747           0           0
    0.396243           0           0
    0.402739           0           0
    0.409234           0           0
     0.41573           0           0
    0.422226           0           0
    0.428722           0           0
    0.435217           0           0
    0.441713           0           0
    0.448209           0           0
    0.454705           0           0
    0.461201           0           0
    0.467696           0           0
    0.474192           0           0
    0.480688           0           0
    0.487184           0           0
     0.49368           0           0
    0.500175           0           0
    0.506671           0           0
    0.513167           0           0
    0.519663           0           0
    0.526158           0           0
    0.532654           0           0
     0.53915           0           0
    0.545646           0           0
    0.552142           0           0
    0.558637           0           0
    0.565133           0           0
    0.571629           0           0
    0.578125           0           0
     0.58462           0           0
    0.591116           0           0
    0.597612           0           0
    0.604108           0           0
    0.610604           0           0
    0.617099           0           0
    0.623595           0           0
    0.630091           0           0
    0.636587           0           0
    0.643083           0           0
    0.649578           0           0
    0.656074           0           0
     0.66257           0           0
    0.669066           0           0
    0.675561           0           0
    0.682057           0           0
    0.688553           0           0
    0.695049           0           0
    0.701545           0           0
     0.70804           0           0
    0.714536           0           0
    0.721032           0           0
    0.727528           0           0
    0.734023           0           0
    0.740519           0           0
    0.747015           0           0
    0.753511           0           0
    0.760007           0           0
    0.766502           0           0
    0.772998           0           0
    0.779494           0           0
     0.78599           0           0
    0.792486           0           0
    0.798981           0           0
    0.805477           0           0
    0.811973           0           0
    0.818469           0           0
    0.824964           0           0
     0.83146           0           0
    0.837956           0           0
    0.844452           0           0
    0.850948           0           0
    0.857443           0           0
    0.863939           0           0
    0.870435 0.000190211 0.000188299
    0.876931 0.000327974 0.000232598
    0.883426 0.000554033 0.000272145
    0.889922  0.00172901 0.000528411
    0.896418   0.0038343 0.000793141
    0.902914  0.00948198  0.00140045
     0.90941   0.0180849  0.00154594
    0.915905   0.0330932  0.00209651
    0.922401   0.0487814   0.0031266
    0.928897   0.0757172  0.00434563
    0.935393    0.110547  0.00473196
    0.941889     0.15882  0.00756695
    0.948384    0.215819  0.00869616
     0.95488    0.293831  0.00831381
    0.961376    0.371807   0.0108654
    0.967872    0.475177   0.0123444
    0.974367    0.608514   0.0152063
    0.980863    0.701384   0.0164725
    0.987359     0.80594   0.0159452
    0.993855    0.934428   0.0174202
     1.00035     1.06223   0.0189577
     1.00685        1.17   0.0217537
     1.01334     1.29282   0.0221255
     1.01984     1.41149   0.0204289
     1.02633     1.50726   0.0263839
     1.03283     1.63695     0.02874
     1.03933     1.72471   0.0274905
     1.04582     1.79693   0.0249345
     1.05232     1.88181   0.0217194
     1.05881     1.95247   0.0285647
     1.06531     2.01878   0.0307832
      1.0718     2.08662   0.0310053
      1.0783     2.12821   0.0337152
      1.0848     2.17874    0.032708
     1.09129     2.22395   0.0347513
     1.09779     2.22676   0.0334244
     1.10428     2.24736   0.0327243
     1.11078     2.24746   0.0309291
     1.11727     2.24323    0.032849
     1.12377     2.24745   0.0353649
     1.13027     2.21736   0.0323615
     1.13676     2.24067    0.035483
     1.14326      2.2276   0.0335695
     1.14975     2.21225    0.033707
     1.15625     2.23015     0.03294
     1.16275     2.20069   0.0340248
     1.16924     2.14883   0.0342335
     1.17574     2.10253   0.0290496
     1.18223     2.08079   0.0269807
     1.18873     2.06105   0.0263418
     1.19522     2.03135   0.0276655
     1.20172     2.00294   0.0298102
     1.20822     1.97396   0.0278419
     1.21471     1.93935   0.0247316
     1.22121       1.937    0.023578
      1.2277     1.93783   0.0244042
      1.2342     1.89401   0.0227037
     1.24069     1.87466   0.0241034
     1.24719     1.83713   0.0233528
     1.25369     1.78543   0.0218704
     1.26018     1.78305   0.0242607
     1.26668     1.75294   0.0236533
     1.27317     1.72469   0.0230763
     1.27967     1.70681   0.0248712
     1.28617     1.69384   0.0226378
     1.29266     1.66637   0.0218887
     1.29916      1.6471    0.019383
     1.30565     1.63451   0.0227942
     1.31215     1.61504   0.0208394
     1.31864     1.58934   0.0223382
     1.32514     1.56661   0.0232505
     1.33164     1.55051   0.0236651
     1.33813     1.54487   0.0242492
     1.34463     1.53995   0.0209886
     1.35112     1.53634   0.0212082
     1.35762     1.52103   0.0184123
     1.36411      1.4981   0.0196788
     1.37061     1.46162   0.0187915
     1.37711     1.46151   0.0212004
      1.3836      1.4579   0.0215134
      1.3901     1.42886   0.0201708
     1.39659     1.42364   0.0196032
     1.40309     1.40368   0.0165096
     1.40958     1.40923   0.0177473
     1.41608     1.38512    0.020358
     1.42258     1.37409   0.0183478
     1.42907     1.34517   0.0191317
     1.43557     1.33237    0.018259
     1.44206     1.31613   0.0184672
     1.44856     1.31057   0.0188877
     1.45506     1.31104   0.0177417
     1.46155     1.30468   0.0172212
     1.46805     1.29345    0.015782
     1.47454     1.29359   0.0170885
     1.48104     1.26962   0.0163825
     1.48753     1.25837   0.0140777
     1.49403     1.25568   0.0152035
     1.50053      1.2511   0.0156961
     1.50702     1.23518   0.0151418
     1.51352     1.22027   0.0157897
     1.52001     1.22881   0.0160605
     1.52651     1.20847   0.0159691
       1.533     1.21056    0.015182
      1.5395     1.20376   0.0156354
       1.546     1.20475   0.0152548
     1.55249     1.18585   0.0149821
     1.55899     1.17018   0.0145699
     1.56548      1.1653   0.0149812
     1.57198     1.15435   0.0146462
     1.57848     1.15444   0.0164502
     1.58497     1.14114   0.0140258
     1.59147     1.14217   0.0169372
     1.59796     1.14534   0.0165326
     1.60446     1.14486   0.0156886
     1.61095     1.14567   0.0158047
     1.61745       1.142   0.0160227
     1.62395     1.13907   0.0171302
     1.63044     1.13219   0.0168315
     1.63694     1.12695   0.0175229
     1.64343     1.12164   0.0171261
     1.64993     1.11044   0.0166674
     1.65642     1.10133   0.0156263
     1.66292     1.10146   0.0164189
     1.66942     1.09645   0.0172778
     1.67591     1.09825   0.0172949
     1.68241     1.09225   0.0172756
      1.6889     1.09768   0.0164956
      1.6954     1.08665   0.0181493
      1.7019     1.08263   0.0174743
     1.70839     1.07404   0.0175154
     1.71489     1.07886   0.0180994
     1.72138     1.09699   0.0186497
     1.72788     1.10491   0.0175638
     1.73437     1.08773   0.0150254
     1.74087     1.08845   0.0153902
     1.74737     1.07857     0.01536
     1.75386     1.07465    0.015019
     1.76036     1.07183   0.0150759
     1.76685     1.06306   0.0146093
     1.77335     1.06696   0.0140428
     1.77984     1.07199   0.0147242
     1.78634     1.06588   0.0149433
     1.79284     1.06106   0.0123528
     1.79933     1.05457   0.0125043
     1.80583     1.06752   0.0136283
     1.81232     1.07493   0.0125974
     1.81882     1.06775    0.012489
     1.82532     1.05011   0.0114405
     1.83181     1.05946   0.0139382
     1.83831     1.05599   0.0136234
      1.8448     1.06582    0.013523
      1.8513     1.06197   0.0140428
     1.85779     1.05274   0.0126615
     1.86429     1.05274    0.014215
     1.87079     1.05654   0.0139354
     1.87728     1.05712   0.0139093
     1.88378     1.05507   0.0128486
     1.89027     1.06396   0.0132497
     1.89677     1.05931    0.012347
     1.90326     1.06098   0.0126058
     1.90976     1.05333   0.0138223
     1.91626     1.06784   0.0135224
     1.92275     1.06335    0.011911
     1.92925     1.06582   0.0110839
     1.93574     1.05678   0.0116534
     1.94224     1.07036   0.0125922
     1.94873     1.06242    0.012879
     1.95523     1.06754   0.0124032
     1.96173     1.05518   0.0122259
     1.96822     1.05746   0.0112937
     1.97472     1.04836   0.0108025
     1.98121     1.04208   0.0101178
     1.98771     1.03922   0.0107636
     1.99421     1.03319   0.0114684
      2.0007     1.03669   0.0107809
      2.0072     1.04581   0.0109346
     2.01369     1.04698   0.0116163
     2.02019     1.04318    0.011975
     2.02668     1.04789   0.0110393
     2.03318     1.04863   0.0114372
     2.03968     1.04741   0.0109997
     2.04617     1.04193  0.00999687
     2.05267     1.04325   0.0120899
     2.05916     1.04042   0.0107109
     2.06566     1.03602   0.0115126
     2.07215     1.03866   0.0111738
     2.07865     1.03834   0.0113835
     2.08515     1.03574   0.0110993
     2.09164     1.03794   0.0112796
     2.09814     1.03962   0.0101936
     2.10463     1.04035   0.0108804
     2.11113     1.04183   0.0102405
     2.11763     1.03594  0.00992256
     2.12412     1.03911   0.0111319
     2.13062     1.03698  0.00960548
     2.13711     1.03184   0.0089337
     2.14361     1.02639  0.00916057
      2.1501     1.03478   0.0115109
      2.1566      1.0446   0.0113187
      2.1631     1.03852   0.0106295
     2.16959     1.03733  0.00974403
     2.17609     1.03419   0.0087795
     2.18258     1.03227  0.00916386
     2.18908     1.03474  0.00906649
     2.19557     1.02854   0.0101836
     2.20207     1.03601   0.0111351
     2.20857     1.03543   0.0117567
     2.21506     1.03875   0.0104797
     2.22156     1.02494  0.00974386
     2.22805     1.02256   0.0102708
     2.23455     1.02808   0.0111429
     2.24105     1.02841   0.0106078
     2.24754     1.03037   0.0107656
     2.25404     1.02487   0.0103023
     2.26053     1.02397   0.0100624
     2.26703     1.03284   0.0105218
     2.27352     1.02856  0.00941254
     2.28002     1.03057   0.0105855
     2.28652     1.02691   0.0102243
     2.29301     1.02527  0.00979784
     2.29951     1.02355   0.0086395
       2.306     1.02546  0.00866202
      2.3125     1.02619  0.00981664
     2.31899     1.02411   0.0100568
     2.32549     1.01697    0.010141
     2.33199     1.02507   0.0100396
     2.33848     1.02663   0.0101619
     2.34498     1.03354   0.0104976
     2.35147     1.03113   0.0100936
     2.35797     1.02773   0.0100302
     2.36447     1.02233   0.0103488
     2.37096     1.02783   0.0100525
     2.37746     1.02292  0.00998147
     2.38395     1.02965  0.00916942
     2.39045     1.03743  0.00944988
     2.39694     1.02937  0.00934065
     2.40344     1.02172  0.00991673
     2.40994     1.02232   0.0103542
     2.41643     1.02511  0.00963688
     2.42293     1.03029   0.0107999
     2.42942     1.02759  0.00984263
     2.43592     1.02161   0.0100248
     2.44241     1.01738   0.0101449
     2.44891     1.02071    0.010607
     2.45541      1.0188  0.00953652
      2.4619       1.025    0.009513
      2.4684     1.01617   0.0092177
     2.47489     1.01614  0.00950841
     2.48139     1.02026  0.00950384
     2.48788     1.01561   0.0094108
     2.49438     1.01634  0.00858435
     2.50088     1.01656  0.00845703
     2.50737      1.0158  0.00800085
     2.51387     1.01625  0.00873852
     2.52036     1.01342   0.0080428
     2.52686     1.01362  0.00819465
     2.53336     1.00947  0.00889896
     2.53985     1.00602  0.00848477
     2.54635     1.01129  0.00947747
     2.55284     1.02049  0.00978729
     2.55934     1.01044  0.00902805
     2.56583     1.00561  0.00797314
     2.57233     1.00096  0.00941933
     2.57883    0.998574  0.00894127
     2.58532     1.00584  0.00896747
     2.59182     1.01668  0.00851035
     2.59831     1.01074  0.00780036
     2.60481     1.00021  0.00837335
      2.6113     1.00493  0.00822179
      2.6178     1.00307  0.00799147
      2.6243     1.00187  0.00875192
     2.63079     1.00393  0.00873044
     2.63729     1.00203  0.00919337
     2.64378     1.00637  0.00882275
     2.65028      1.0009  0.00861208
     2.65678    0.999961  0.00840654
     2.66327     1.00648  0.00811004
     2.66977     1.00556  0.00799324
     2.67626     1.00119    0.008779
     2.68276     0.99979  0.00897275
     2.68925     1.00639  0.00840316
     2.69575     1.00618  0.00801536
     2.70225     1.00299    0.007593
     2.70874    0.992152  0.00883775
     2.71524    0.993875   0.0084206
     2.72173    0.999367  0.00800492
     2.72823     0.99332  0.00853368
     2.73472    0.994884  0.00791345
     2.74122    0.993784  0.00775556
     2.74772    0.996837  0.00863614
     2.75421    0.993733  0.00780952
     2.76071     1.00116  0.00811454
      2.7672     1.00698  0.00846806
      2.7737     1.00571  0.00857453
      2.7802      1.0036  0.00873862
     2.78669    0.997821  0.00777652
     2.79319     1.00201  0.00783197
     2.79968     0.99693  0.00790628
     2.80618    0.995087  0.00818912
     2.81267      0.9991  0.00787265
     2.81917    0.996008  0.00819412
     2.82567     1.00074  0.00780686
     2.83216    0.999945   0.0074854
     2.83866    0.999384  0.00774464
     2.84515    0.994588  0.00749343
     2.85165    0.996789  0.00767454
     2.85814     1.00277  0.00756463
     2.86464     1.00041  0.00843324
     2.87114     1.00785   0.0101521
     2.87763     1.00589   0.0087199
     2.88413      1.0053  0.00970293
     2.89062      1.0077   0.0084888
     2.89712     1.00161  0.00728081
     2.90361     1.00867  0.00842095
     2.91011     1.00585  0.00797626
     2.91661    0.998195  0.00741507
      2.9231     1.00151  0.00762248
      2.9296    0.995236  0.00790468
     2.93609    0.996178  0.00785329
     2.94259    0.986307  0.00714144
     2.94909    0.992043  0.00638928
     2.95558    0.994117  0.00678975
     2.96208    0.996048  0.00662789
     2.96857    0.998153  0.00671392
     2.97507    0.999388  0.00748293
     2.98156    0.999864  0.00708776
     2.98806    0.993911  0.00662244
     2.99456    0.997153  0.00697492
     3.00105     0.99395  0.00670269
     3.00755    0.995455   0.0063646
     3.01404    0.994297  0.00631909
     3.02054    0.995461  0.00668764
     3.02703    0.989533  0.00748313
     3.03353    0.987347  0.00635273
     3.04003    0.995498  0.00609649
     3.04652    0.991331  0.00698931
     3.05302    0.995201  0.00718304
     3.05951      0.9937  0.00745414
     3.06601    0.993078  0.00711965
     3.07251    0.992914  0.00773541
       3.079    0.983275  0.00756898
      3.0855    0.990562   0.0069912
     3.09199    0.987571  0.00674329
     3.09849    0.989488  0.00715595
     3.10498    0.985815  0.00730892
     3.11148    0.987244  0.00580067
     3.11798    0.986637  0.00666111
     3.12447    0.989713  0.00771718
     3.13097    0.990574  0.00637633
     3.13746    0.986844  0.00706896
     3.14396    0.990851   0.0069726
     3.15045    0.989041  0.00667395
     3.15695    0.982561   0.0067753
     3.16345    0.987304   0.0080226
     3.16994    0.990585  0.00787424
     3.17644    0.992819  0.00687828
     3.18293    0.992819  0.00677265
     3.18943    0.992747  0.00662065
     3.19593    0.993047  0.00622873
     3.20242    0.993914  0.00668349
     3.20892    0.998232  0.00658888
     3.21541    0.994329    0.006344
     3.22191     0.99993  0.00735842
      3.2284    0.994998  0.00703571
      3.2349    0.992257  0.00631203
      3.2414    0.993805  0.00664611
     3.24789    0.993248  0.00748627
     3.25439    0.993149  0.00679569
     3.26088    0.990144  0.00583121
     3.26738    0.991453  0.00591566
     3.27387     1.00085  0.00678108
     3.28037    0.995455  0.00662856
     3.28687    0.996214   0.0066042
     3.29336    0.995504  0.00641566
     3.29986     1.00195  0.00704509
     3.30635    0.999197  0.00698223
     3.31285    0.995437  0.00602452
     3.31935    0.993063   0.0066448
     3.32584     0.99161  0.00620096
     3.33234    0.996379  0.00582374
     3.33883     1.00333  0.00688952
     3.34533     1.00404   0.0059091
     3.35182    0.995402  0.00675447
     3.35832    0.997161  0.00705507
     3.36482    0.998868  0.00616206
     3.37131     1.00201  0.00653765
     3.37781    0.996415  0.00711465
      3.3843    0.989738  0.00709873
      3.3908    0.991131  0.00662948
     3.39729    0.988903   0.0070942
     3.40379    0.989632  0.00698489
     3.41029    0.992087  0.00718235
     3.41678    0.993069    0.007028
     3.42328    0.994435   0.0064621
     3.42977     0.99581   0.0066367
     3.43627    0.995151  0.00602691
     3.44276     1.00153  0.00698376
     3.44926    0.995967  0.00630995
     3.45576    0.996188  0.00689782
     3.46225    0.994827  0.00656058
     3.46875     1.00008  0.00652839
     3.47524    0.997153  0.00695905
     3.48174    0.993932  0.00701786
     3.48824    0.996603  0.00735418
     3.49473    0.996067   0.0075583
     3.50123    0.993653  0.00638663
     3.50772    0.992791  0.00620001
     3.51422    0.992079  0.00565863
     3.52071    0.991327  0.00579408
     3.52721    0.989524  0.00593962
     3.53371    0.990083  0.00601956
      3.5402    0.997236  0.00679544
      3.5467    0.992679  0.00672688
     3.55319    0.993809  0.00633159
     3.55969    0.997899  0.00619173
     3.56618     0.99882  0.00634334
     3.57268    0.996574  0.00569315
     3.57918    0.995789  0.00658365
     3.58567    0.994872  0.00546816
     3.59217    0.990526  0.00552181
     3.59866    0.991541  0.00560067
     3.60516    0.987818  0.00573909
     3.61166    0.984275  0.00500983
     3.61815    0.992767  0.00519205
     3.62465    0.988359  0.00534926
     3.63114    0.987036   0.0054504
     3.63764    0.982856  0.00572767
     3.64413    0.987667  0.00555652
     3.65063    0.984326  0.00488106
     3.65713    0.983914  0.00541027
     3.66362    0.984362  0.00571522
     3.67012    0.989043  0.00575574
     3.67661      0.9877  0.00625632
     3.68311    0.988281  0.00712143
      3.6896    0.989511  0.00670403
      3.6961    0.984391   0.0056827
      3.7026    0.980761  0.00609041
     3.70909    0.977287  0.00521886
     3.71559    0.977362  0.00526461
     3.72208    0.982051  0.00574659
     3.72858    0.984539  0.00612833
     3.73508    0.985003  0.00646541
     3.74157    0.982122  0.00587937
     3.74807    0.981175  0.00587387
     3.75456    0.985071  0.00555535
     3.76106    0.982799  0.00553999
     3.76755    0.982645  0.00551198
     3.77405    0.984708  0.00547782
     3.78055    0.983594  0.00526726
     3.78704    0.985028   0.0053322
     3.79354    0.986872  0.00521589
     3.80003    0.984885   0.0056258
     3.80653     0.98604  0.00567091
     3.81302    0.988966  0.00547894
     3.81952     0.98785  0.00541699
     3.82602    0.993269  0.00456913
     3.83251    0.990223  0.00501957
     3.83901    0.990886  0.00590495
      3.8455     0.98974  0.00569715
       3.852    0.991336  0.00512819
      3.8585    0.993628  0.00610392
     3.86499    0.990902  0.00486679
     3.87149    0.992194   0.0049726
     3.87798    0.992064   0.0053074
     3.88448    0.991071  0.00602083
     3.89097    0.988827  0.00573396
     3.89747    0.997122  0.00481331
     3.90397     0.99616   0.0052939
     3.91046    0.995242  0.00463447
     3.91696    0.997517  0.00574919
     3.92345    0.996861  0.00567248
     3.92995    0.999628  0.00527738
     3.93644    0.994475  0.00596257
     3.94294    0.995791  0.00640815
     3.94944    0.993733  0.00638823
     3.95593    0.988846  0.00595053
     3.96243    0.989545  0.00577899
     3.96892    0.992596  0.00602615
     3.97542    0.994036  0.00576668
     3.98191    0.990304  0.00607432
     3.98841    0.986969    0.005733
     3.99491    0.990081  0.00553957
      4.0014    0.993565  0.00590203
      4.0079    0.987589  0.00590278
     4.01439    0.983881  0.00567437
     4.02089    0.992472  0.00545321
     4.02739    0.992648  0.00530703
     4.03388     0.99218  0.00527266
     4.04038    0.989713   0.0055615
     4.04687    0.988838   0.0053844
     4.05337    0.984836  0.00534011
     4.05986    0.988675  0.00498589
     4.06636    0.993204  0.00553501
     4.07286    0.992021   0.0051532
     4.07935    0.994518  0.00533827
     4.08585    0.989605  0.00497121
     4.09234      0.9886  0.00561006
     4.09884    0.994721  0.00568266
     4.10533     0.99618  0.00535263
     4.11183    0.990558  0.00564758
     4.11833    0.989811  0.00536681
     4.12482    0.994817  0.00518394
     4.13132    0.999134  0.00431747
     4.13781      0.9989  0.00542348
     4.14431    0.996318  0.00561116
     4.15081    0.998614  0.00475599
      4.1573    0.997527  0.00515819
      4.1638    0.997039  0.00526878
     4.17029    0.991951  0.00510182
     4.17679    0.989557  0.00588893
     4.18328      0.9958  0.00527248
     4.18978    0.991941  0.00491355
     4.19628    0.991314  0.00424893
     4.20277     0.99352  0.00511989
     4.20927    0.994118  0.00476052
     4.21576    0.993664  0.00457582
     4.22226     0.99486  0.00454753
     4.22875    0.994495  0.00413431
     4.23525    0.991171  0.00367452
     4.24175    0.988237  0.00404079
     4.24824    0.994437  0.00427657
     4.25474    0.989445  0.00455448
     4.26123    0.989559  0.00424439
     4.26773    0.989275  0.00469366
     4.27423    0.987778  0.00502794
     4.28072    0.986696  0.00433166
     4.28722    0.987796   0.0046525
     4.29371    0.989561  0.00409521
     4.30021    0.985121  0.00425128
      4.3067    0.988107   0.0045277
      4.3132    0.985623  0.00418843
      4.3197    0.983325  0.00468253
     4.32619    0.982799  0.00469401
     4.33269    0.990059  0.00423452
     4.33918    0.989066  0.00442637
     4.34568    0.990227  0.00414269
     4.35217    0.988678  0.00391229
     4.35867    0.988804  0.00343986
     4.36517    0.989122  0.00313548
     4.37166     0.98716  0.00355203
     4.37816    0.983332  0.00329843
     4.38465    0.983542  0.00340055
     4.39115    0.987151  0.00380082
     4.39765    0.992786  0.00377544
     4.40414    0.991976  0.00407123
     4.41064    0.992154  0.00415945
     4.41713     0.98906  0.00354451
     4.42363    0.987208  0.00458208
     4.43012     0.98737  0.00394795
     4.43662    0.988048  0.00394124
     4.44312    0.991025  0.00429657
     4.44961    0.985881  0.00404869
     4.45611    0.986827  0.00396197
      4.4626    0.986318   0.0046131
      4.4691    0.983631  0.00458384
     4.47559    0.985263  0.00444187
     4.48209    0.989348  0.00451861
     4.48859    0.994444  0.00473965
     4.49508    0.990439  0.00454451
     4.50158    0.994233  0.00431292
     4.50807    0.989701  0.00467915
     4.51457    0.990301  0.00450929
     4.52106     0.98919  0.00455703
     4.52756    0.992151  0.00427362
     4.53406    0.990227  0.00357252
     4.54055    0.991475  0.00418886
     4.54705    0.991296  0.00460636
     4.55354    0.993473   0.0043556
     4.56004    0.990527  0.00490838
     4.56654     0.99149  0.00454532
     4.57303    0.988225  0.00399447
     4.57953    0.995306  0.00412431
     4.58602    0.996503  0.00443697
     4.59252    0.991876  0.00446958
     4.59901    0.987938   0.0045459
     4.60551    0.992731  0.00459792
     4.61201    0.993241  0.00423315
      4.6185    0.991986  0.00421471
       4.625    0.989208  0.00416405
     4.63149    0.987291  0.00476525
     4.63799    0.990421  0.00461177
     4.64448     0.98855  0.00530712
     4.65098    0.987859  0.00576593
     4.65748    0.991079  0.00498262
     4.66397    0.989653  0.00471385
     4.67047     0.99212   0.0046547
     4.67696    0.988816  0.00448303
     4.68346    0.987141   0.0041932
     4.68996    0.988399  0.00428125
     4.69645    0.990031  0.00480289
     4.70295    0.985284  0.00407723
     4.70944    0.984283  0.00425292
     4.71594    0.988978  0.00441367
     4.72243    0.988038  0.00422376
     4.72893    0.992951  0.00479162
     4.73543    0.987954  0.00473854
     4.74192    0.987948  0.00449367
     4.74842      0.9898    0.004292
     4.75491    0.990471  0.00447562
     4.76141    0.988497  0.00480387
      4.7679    0.985229  0.00441615
      4.7744    0.987524  0.00393525
      4.7809    0.989271   0.0043361
     4.78739    0.989084  0.00474696
     4.79389    0.985087  0.00452296
     4.80038     0.98601  0.00454402
     4.80688    0.987354  0.00454943
     4.81338    0.987956   0.0044566
     4.81987     0.98846  0.00385179
     4.82637     0.98808  0.00385827
     4.83286    0.986329  0.00393831
     4.83936     0.99205   0.0044534
     4.84585    0.992973  0.00457117
     4.85235    0.989271     0.00428
     4.85885    0.992187  0.00396265
     4.86534    0.988864  0.00428199
     4.87184    0.987242  0.00436158
     4.87833     0.98894  0.00445351
     4.88483     0.98823  0.00374544
     4.89132    0.991389  0.00373813
     4.89782    0.991526  0.00403504
     4.90432    0.994087  0.00425825
     4.91081    0.992338  0.00464886
     4.91731    0.991361  0.00366991
      4.9238    0.993022  0.00419728
      4.9303    0.989119  0.00436112
      4.9368    0.991029  0.00404822
     4.94329    0.992855  0.00436415
     4.94979    0.991879  0.00397943
     4.95628    0.987576  0.00395053
     4.96278    0.986046  0.00406387
     4.96927    0.990082  0.00398606
     4.97577    0.989071  0.00344822
     4.98227    0.985952  0.00339842
     4.98876    0.987893  0.00369114
     4.99526    0.987162  0.00401541
     5.00175    0.987788  0.00429375
     5.00825    0.985065  0.00379648
     5.01474    0.984676  0.00373328
     5.02124    0.989529  0.00389625
     5.02774    0.991131  0.00389863
     5.03423    0.988343  0.00395578
     5.04073    0.988254   0.0034335
     5.04722    0.988515  0.00359446
     5.05372    0.987458  0.00390392
     5.06021    0.988468  0.00375482
     5.06671    0.988591  0.00338712
     5.07321    0.985432  0.00375097
      5.0797     0.98545  0.00389871
      5.0862     0.98143  0.00403136
     5.09269    0.986575  0.00344156
     5.09919    0.987313   0.0037384
     5.10569    0.985938  0.00366573
     5.11218    0.990847  0.00352088
     5.11868    0.987634  0.00305027
     5.12517    0.985947  0.00315566
     5.13167    0.985745  0.00330711
     5.13816    0.986667  0.00300514
     5.14466    0.986568  0.00315399
     5.15116    0.988824  0.00307845
     5.15765    0.989689    0.004056
     5.16415     0.98744  0.00351296
     5.17064    0.986186  0.00377421
     5.17714    0.988322  0.00326521
     5.18363    0.987106  0.00336886
     5.19013    0.989396  0.00356781
     5.19663    0.987252  0.00359595
     5.20312    0.986427  0.00412451
     5.20962    0.981559  0.00415962
     5.21611    0.982016  0.00418361
     5.22261    0.983214  0.00341749
     5.22911    0.984617  0.00382331
      5.2356    0.986498  0.00369515
      5.2421    0.987545  0.00378129
     5.24859    0.986127  0.00405622
     5.25509    0.983805  0.00387237
     5.26158    0.980221    0.003899
     5.26808     0.98092  0.00393623
     5.27458    0.981965  0.00410153
     5.28107    0.984227  0.00433088
     5.28757    0.983708  0.00461691
     5.29406    0.983762  0.00405217
     5.30056    0.984893  0.00370919
     5.30705    0.984366  0.00422942
     5.31355    0.982278  0.00428674
     5.32005    0.978207  0.00457644
     5.32654    0.981021   0.0045604
     5.33304    0.983745   0.0039738
     5.33953    0.982167  0.00416734
     5.34603    0.981041  0.00352799
     5.35253    0.983956  0.00379717
     5.35902    0.982966   0.0039819
     5.36552    0.980492  0.00395082
     5.37201    0.978555  0.00365014
     5.37851    0.982881   0.0035888
       5.385    0.980268  0.00387326
      5.3915    0.982188  0.00405537
       5.398    0.979989  0.00354495
     5.40449    0.982335  0.00350443
     5.41099     0.98245  0.00347482
     5.41748    0.979421  0.00340126
     5.42398    0.979559  0.00331003
     5.43047    0.980296  0.00338274
     5.43697    0.981885  0.00363356
     5.44347    0.981032  0.00417524
     5.44996    0.985354  0.00381523
     5.45646    0.981695  0.00388368
     5.46295    0.982938   0.0038549
     5.46945    0.984276  0.00390818
     5.47595    0.984382  0.00381424
     5.48244    0.986057  0.00390231
     5.48894    0.986379  0.00387973
     5.49543    0.987991  0.00433366
     5.50193    0.986866  0.00390091
     5.50842    0.988499  0.00432697
     5.51492    0.986383  0.00416907
     5.52142    0.985944  0.00395598
     5.52791    0.985134  0.00429516
     5.53441    0.985617  0.00366634
      5.5409    0.981666  0.00390458
      5.5474    0.984803  0.00349303
     5.55389    0.982611  0.00402682
     5.56039    0.981766  0.00339785
     5.56689    0.983372  0.00366812
     5.57338     0.98508   0.0041037
     5.57988    0.990452  0.00373884
     5.58637    0.986304  0.00343665
     5.59287     0.98399  0.00390548
     5.59936    0.983612  0.00379883
     5.60586    0.984391  0.00394341
     5.61236    0.984883  0.00364797
     5.61885    0.983839  0.00348625
     5.62535    0.984665   0.0040225
     5.63184    0.986201  0.00381529
     5.63834    0.987207  0.00397071
     5.64484    0.987823  0.00347852
     5.65133    0.984841  0.00317976
     5.65783    0.987038  0.00278276
     5.66432    0.984535  0.00263733
     5.67082     0.98348  0.00304275
     5.67731    0.985803  0.00290759
     5.68381    0.983996  0.00341679
     5.69031     0.98441  0.00363583
      5.6968    0.983374  0.00341156
      5.7033    0.986023  0.00302813
     5.70979    0.984176  0.00341797
     5.71629    0.983317  0.00385363
     5.72278    0.981562  0.00335641
     5.72928    0.985317  0.00369351
     5.73578    0.985414  0.00354485
     5.74227    0.987909  0.00355048
     5.74877    0.985585   0.0037779
     5.75526    0.984449  0.00388804
     5.76176    0.982861  0.00338771
     5.76826    0.983425  0.00348378
     5.77475    0.981078  0.00332334
     5.78125    0.983971  0.00306747
     5.78774    0.985649  0.00289208
     5.79424    0.986316  0.00301117
     5.80073    0.988813   0.0033185
     5.80723     0.98716  0.00322983
     5.81373    0.988834  0.00316221
     5.82022    0.987456  0.00344566
     5.82672    0.986183  0.00362361
     5.83321    0.988584  0.00286326
     5.83971    0.987607  0.00264495
      5.8462    0.988998  0.00268496
      5.8527    0.989295  0.00313977
      5.8592    0.989538  0.00341042
     5.86569    0.991487  0.00341174
     5.87219    0.988877  0.00334082
     5.87868    0.986646  0.00372366
     5.88518    0.987831  0.00271019
     5.89168    0.987322  0.00318709
     5.89817    0.982436  0.00336071
     5.90467     0.98709  0.00359872
     5.91116    0.982599  0.00315095
     5.91766    0.985324   0.0033073
     5.92415    0.983587  0.00365518
     5.93065    0.983642  0.00362744
     5.93715    0.984763  0.00334916
     5.94364    0.984831  0.00352751
     5.95014    0.985826  0.00364976
     5.95663    0.984357  0.00340441
     5.96313    0.984756  0.00353227
     5.96962    0.986414  0.00352638
     5.97612    0.981609  0.00342885
     5.98262    0.985022  0.00332853
     5.98911    0.986779  0.00342644
     5.99561    0.992692  0.00353868
      6.0021    0.991518  0.00374747
      6.0086    0.987054  0.00389731
      6.0151    0.984194  0.00349312
     6.02159    0.985407  0.00293767
     6.02809    0.985325  0.00304439
     6.03458    0.989738  0.00295636
     6.04108    0.990072  0.00275244
     6.04757    0.987976  0.00285947
     6.05407     0.98463  0.00295896
     6.06057    0.988125  0.00333168
     6.06706    0.987188  0.00306753
     6.07356    0.987224   0.0034661
     6.08005    0.984504  0.00271391
     6.08655    0.984744  0.00301155
     6.09304    0.984272   0.0028606
     6.09954     0.98504  0.00265128
     6.10604    0.989637  0.00287687
     6.11253    0.989741  0.00312227
     6.11903    0.986069  0.00303497
     6.12552     0.98688  0.00280165
     6.13202     0.98721   0.0024994
     6.13851    0.988615  0.00238925
     6.14501    0.987391  0.00292742
     6.15151    0.985582  0.00300131
       6.158    0.988259  0.00332372
      6.1645    0.989242  0.00368649
     6.17099    0.987193  0.00328392
     6.17749    0.983554  0.00330316
     6.18399      0.9879  0.00346482
     6.19048    0.989688  0.00345861
     6.19698    0.986317  0.00334316
     6.20347     0.98738   0.0034043
     6.20997    0.985125  0.00371156
     6.21646    0.984969  0.00339096
     6.22296    0.987992   0.0033727
     6.22946      0.9882   0.0036244
     6.23595    0.988934  0.00372561
     6.24245    0.986999  0.00354132
     6.24894     0.98687  0.00367905
     6.25544    0.987666  0.00343512
     6.26193    0.988338  0.00368602
     6.26843    0.988274  0.00335714
     6.27493    0.989972  0.00359601
     6.28142    0.989596  0.00316923
     6.28792    0.988814  0.00289629
     6.29441    0.986824  0.00332647
     6.30091    0.986229  0.00337426
     6.30741    0.989073  0.00371085
      6.3139     0.98881  0.00291472
      6.3204    0.989442  0.00301722
     6.32689    0.986619  0.00336576
     6.33339    0.987787  0.00298239
     6.33988    0.984797  0.00338511
     6.34638    0.986677  0.00336388
     6.35288    0.985289  0.00374531
     6.35937      0.9851  0.00364308
     6.36587    0.982701  0.00357802
     6.37236    0.982976  0.00346209
     6.37886    0.984067  0.00334541
     6.38535    0.984242  0.00330636
     6.39185    0.985429  0.00364245
     6.39835    0.984828  0.00353805
     6.40484    0.983382  0.00327921
     6.41134    0.985808  0.00321084
     6.41783    0.985421   0.0032057
     6.42433    0.985861  0.00307949
     6.43083    0.985736  0.00354309
     6.43732    0.985619  0.00361349
     6.44382    0.982742  0.00346777
     6.45031    0.988721  0.00384188
     6.45681    0.987864  0.00364039
