-6.18449
-5.21559
-4.38555
-3.55222
-3.4895
-3.08691
-3.18533
-2.88204
-2.69617
-2.44035
-2.09068
-1.78242
-1.86167
-1.78799
-2.03999
-1.81114
-1.72746
-1.74022
-1.45561
-1.32555
-1.11752
-0.7468
-1.23447
-1.36047
-1.4023
-1.00884
-0.794236
-0.657627
-0.8831
-0.553564
-0.432614
-0.187598
-0.390567
-0.457482
-0.492681
-0.167438
-0.292242
-0.292268
-0.498507
-0.20755
-0.350239
-0.18606
-0.281414
-0.238592
-0.0924312
-0.545967
-0.608949
-0.736722
-0.365941
-1.03931
-0.544512
-0.427204
-0.103918
0.245704
0.151244
-0.0505926
0.0449262
0.349224
0.262568
0.335317
0.217741
0.364557
-0.100088
-0.377135
-0.262391
-0.16614
-0.236541
-0.0394988
-0.152832
0.0767284
0.0833651
-0.0885973
-0.143203
-0.10193
0.0540439
-0.00325007
0.0876861
0.0603634
-0.312752
-0.298565
-0.288257
-0.510725
-0.589197
0.247737
-0.032049
-0.203071
-0.211677
-0.0639922
0.148958
-0.199333
0.180579
0.501163
0.645076
0.472084
0.596465
0.357202
0.407878
0.273668
0.116301
0.00774561
-0.31766
-0.307748
0.0499265
-0.211645
0.0159321
0.242587
0.583255
0.81393
-0.0146607
0.353676
-0.0963326
-0.085377
0.224418
0.458581
0.339949
0.160944
0.211773
0.463667
0.574256
0.568893
0.755155
0.362248
0.0750595
-0.141241
-0.166311
-0.557663
-0.0217825
-0.0368655
-0.453671
-0.484793
0.260089
0.182967
0.361791
0.140139
0.353312
0.358853
0.218923
0.246148
0.360607
-0.1873
0.0884134
-0.292403
-0.0571166
-0.0555561
0.0308221
-0.014327
0.0807882
0.294669
-0.197712
-0.0668147
0.145897
0.306258
0.414598
0.317694
0.477317
0.855176
0.388043
0.116404
0.0505695
0.150413
0.336361
0.37979
0.669107
0.372089
0.720825
0.434031
0.686047
0.934142
0.484717
0.365486
0.322443
0.540876
0.449751
0.589428
0.195237
0.458384
0.528683
0.284278
0.546665
0.375357
0.575175
0.492518
0.169451
0.524417
0.770283
0.723576
0.343356
0.117962
0.805042
1.19347
0.621467
0.800653
0.670323
0.54536
0.620479
0.701942
0.813723
0.800076
1.08203
0.847026
0.715007
0.800182
0.854617
0.543095
0.703505
1.02536
1.08128
0.818661
0.71583
0.908364
0.77118
0.620426
0.708057
0.688261
0.366316
0.707067
0.955591
0.482492
0.559888
0.470329
0.262837
0.569469
0.826783
0.539982
0.611997
0.746741
0.988437
1.28717
1.47487
1.41807
1.4228
1.53952
0.95415
1.11395
1.03262
0.722101
0.722435
0.705301
0.590796
0.874342
0.638115
0.624421
0.695143
0.653575
0.666252
0.773551
0.694111
1.02325
1.25583
0.983339
0.985783
0.430769
0.505819
0.835347
0.918646
1.01721
1.05419
1.2786
1.25846
1.14353
1.04924
0.897055
0.636609
1.00034
0.859277
1.42924
1.55647
0.951045
1.1038
1.22349
0.977043
1.1851
0.848156
0.742271
0.519407
0.641045
0.950932
0.808035
1.2157
1.49748
1.27972
0.963711
0.835417
1.03418
1.33077
0.952018
0.803278
0.682968
1.10618
1.08472
1.33922
1.49451
1.09904
1.48446
1.75307
1.99576
2.06594
1.63035
1.65392
1.59613
1.60185
1.32893
1.62246
1.54492
1.05059
1.19451
1.40833
1.53519
1.63392
1.48265
1.18482
1.06533
0.850335
1.24577
1.7145
1.65505
1.36946
1.12951
1.06058
1.07384
1.15195
1.29674
1.39393
1.0743
1.07401
1.37569
1.67031
1.8054
2.06752
2.19549
2.50993
1.75766
1.4692
1.59019
1.75568
1.4677
1.31712
1.40967
1.13629
1.49594
1.75341
1.36351
1.1565
0.997685
0.864605
1.11447
1.21586
1.538
1.63897
1.70494
1.70641
1.83403
1.67141
1.58736
1.30832
1.6203
1.47313
1.36927
1.21678
0.891509
0.984775
0.723529
0.91224
0.818935
1.12478
1.35699
1.64095
1.6028
2.05205
2.28055
2.27325
1.92308
1.95574
2.35933
2.02632
2.2552
1.81171
1.53387
1.65069
2.1582
2.09556
1.93364
1.61125
1.46825
1.75429
2.04444
1.98759
1.75806
1.35763
1.31979
1.30252
1.55058
1.74697
2.14801
1.94002
1.1649
1.3651
1.1805
1.23165
0.848935
0.819913
0.905319
0.836795
1.33434
1.32024
0.994879
0.81956
1.04555
1.07104
1.06239
1.09515
1.43175
1.39852
1.34983
1.19714
1.45384
1.35917
1.61342
1.33762
1.47926
1.20949
1.34694
0.742003
0.569237
1.00475
1.21374
1.08833
1.10373
1.47413
1.33393
0.910426
1.0935
1.17556
0.951347
0.748246
1.21155
0.967571
0.958369
1.24643
0.758734
0.923146
0.773695
0.57358
1.197
1.04015
1.58111
1.83313
1.36008
1.33581
1.48495
1.70238
1.82119
1.78851
1.38004
1.29439
1.0427
1.57931
1.274
0.934001
0.827988
1.22496
1.00247
0.769562
0.744255
0.702968
0.591521
0.556066
0.55071
0.566623
0.361032
0.659261
0.894284
0.712981
1.05398
1.02262
0.834355
1.01179
0.843932
0.405534
1.04075
0.654976
0.671876
0.767485
1.01476
0.862445
0.78511
0.704878
0.935985
1.23951
1.1506
1.11751
1.34278
1.1451
1.4171
1.46273
1.17968
0.864883
1.35603
0.951551
0.823432
0.794218
1.03344
0.80583
1.17689
1.52663
1.50001
1.90093
1.84985
1.22471
0.977911
1.00071
1.01533
1.01746
1.27199
1.29961
1.27177
1.14639
0.901308
0.889708
0.83033
1.03314
1.07032
1.0823
0.933328
1.52805
1.70157
1.84891
1.5956
1.45084
1.28944
0.957055
1.11461
0.799317
0.81439
1.12735
1.43826
1.41588
1.47455
1.32688
1.05372
0.800719
1.48654
1.5599
1.3209
0.663339
0.653829
0.702388
0.736885
1.56712
1.03424
1.02059
0.958539
0.897642
0.758405
1.09065
0.881203
0.853572
1.4687
1.28496
1.76566
1.67413
1.34748
1.26773
1.54351
1.24095
1.21009
1.16983
1.08857
0.676368
0.467711
0.49023
0.88132
0.99012
1.07774
1.12363
1.17397
1.25762
1.01165
0.939631
1.19437
1.43962
1.6349
0.994687
1.2665
1.27619
1.12262
0.985618
1.59512
1.43275
1.6193
1.50834
1.94518
1.63537
1.3374
1.02497
0.34295
0.917495
0.598523
0.110393
0.0655408
0.153719
-0.0547481
0.447806
0.431505
0.401359
0.897258
0.918127
0.858786
0.819637
0.670956
0.719287
0.63502
0.896953
0.604016
0.694143
0.60155
0.398782
0.693041
0.793651
1.16755
1.1624
0.940358
0.824364
1.107
0.900143
0.985536
0.875387
1.05088
0.942358
0.967828
1.30569
0.965044
1.19592
0.712394
1.08745
0.823648
0.772173
0.945781
0.746635
0.6784
0.897645
1.11172
0.917704
0.932187
0.796245
1.16482
0.684978
0.501646
0.315291
0.802757
1.08699
0.915105
0.958375
1.04361
1.20694
0.927231
1.19564
1.64559
1.53887
1.49289
1.54858
1.48047
1.81373
1.41773
1.26776
1.30704
1.13147
0.914753
0.676807
1.19632
1.24651
1.38317
1.52595
1.48417
1.63107
0.86883
1.08402
1.06155
0.923234
0.772044
1.02288
1.00637
1.15466
1.1892
1.33079
1.07955
0.934895
0.819786
0.796426
0.523655
0.335469
0.380571
0.17112
0.798321
1.21466
1.24973
1.0938
1.27906
1.20554
0.993757
1.10834
0.939907
0.851136
1.04186
1.37319
1.15641
1.09391
1.28433
1.31406
1.83731
1.50273
1.42319
1.46219
1.22429
1.28951
1.35538
1.61319
1.09412
0.910252
0.811721
1.07504
1.78129
2.00352
2.3092
2.56217
2.02939
2.04679
1.93636
1.68059
1.88832
1.66985
1.49226
1.64362
1.70575
1.75033
1.38116
1.28479
1.33294
1.26547
1.24859
0.994148
0.577467
0.891652
0.895245
0.578223
0.44123
0.582502
0.810234
0.783225
0.642568
0.659367
0.562838
0.650308
0.459175
0.38335
0.46587
0.50375
0.524638
0.240118
0.355217
-0.0145442
0.0154491
0.0302237
-0.00818761
0.592752
0.777874
0.493971
1.03506
1.04394
1.21247
1.05281
1.16985
0.881291
0.823239
0.816578
0.970781
0.951121
1.01275
0.671271
0.758133
0.31293
0.547129
0.960303
1.18237
1.18755
0.62423
0.619277
0.609226
0.867255
0.523939
0.573669
0.891238
0.389807
0.591696
0.605618
1.05626
1.01919
0.926918
1.31499
0.889588
0.813405
1.05817
1.15738
1.23017
1.48435
1.0734
0.909971
0.693879
1.36074
1.32138
1.27564
1.12094
0.898023
0.716287
0.915693
1.14631
1.11083
1.18707
1.27097
1.34163
1.20601
1.28283
1.02043
1.38768
0.794798
1.15299
0.966353
0.710425
1.0497
1.02867
0.919665
0.820173
0.735602
0.977849
0.923427
1.36055
1.3148
1.21782
1.16381
0.550187
0.281738
0.410711
0.767112
0.354107
0.724372
0.469256
0.188234
0.489019
0.655684
0.340216
0.678483
1.17249
1.03903
0.806767
0.592619
0.864945
1.1466
0.960678
1.17828
1.40094
1.41484
1.92233
1.66294
1.42782
1.52552
1.50639
1.54527
1.59707
1.42268
1.40657
1.23743
0.726047
0.938533
0.781781
0.643227
0.706182
0.943338
0.911714
0.934026
1.18272
1.37007
1.26405
1.46898
1.64015
0.94776
0.915583
0.864203
1.01074
1.60527
1.73211
1.60202
1.56492
1.65123
0.967067
1.07063
1.27474
0.982086
1.45431
1.17919
1.51396
1.54492
1.8323
1.78981
1.81439
1.62355
1.18981
0.685709
0.934128
1.13169
1.07607
1.24697
1.4839
1.73695
1.99421
1.44934
1.58605
1.58227
1.67122
1.26465
1.78315
1.66013
1.60211
1.45917
1.78265
1.75047
1.04451
1.56031
1.34515
1.59224
1.66665
1.68027
1.46892
1.59636
1.21271
1.19873
1.49004
1.64754
1.73086
1.60628
1.73056
1.86447
1.55772
1.62967
1.61539
1.22144
1.45717
1.57589
1.30115
1.35399
1.20335
0.976276
0.887994
1.30271
1.29153
1.17106
1.2181
0.814625
1.48011
0.974773
0.869084
0.816426
0.728046
0.615605
1.01027
0.995865
1.09873
0.96093
1.43503
1.27845
0.944239
1.00091
1.35354
1.65928
1.18799
1.32842
1.46587
1.52618
1.46556
1.12392
1.25267
1.24151
0.989819
1.00789
0.937119
1.07409
1.03393
0.852499
1.34936
1.29125
1.41801
1.49713
1.65125
1.43812
1.53104
1.33466
1.42329
1.51847
1.65479
1.29505
1.44509
0.870916
1.1979
1.22412
0.611374
0.953787
1.14671
1.00629
1.37486
1.30244
1.54492
1.43899
1.27594
0.982349
1.0912
0.691696
0.557992
1.0553
0.91144
1.24465
0.883055
0.996315
1.22372
0.685989
0.766347
0.703468
0.861202
0.936801
0.568398
0.0906914
0.0446565
0.334087
0.113872
0.465569
0.31701
0.455724
0.810566
1.22445
1.0696
1.08899
0.739869
0.720608
1.22965
1.30545
1.30776
1.22147
0.731283
0.866498
0.618267
0.610922
0.562153
0.306445
0.309222
0.596656
0.442474
-0.0161913
-0.0797601
-0.212587
0.493786
0.632559
0.424279
0.503965
0.599247
0.853102
0.0857535
0.0121794
0.252088
0.217635
0.119933
-0.0747908
0.229395
0.526494
0.704969
0.58615
0.826897
0.764
1.30555
1.06819
0.872861
0.743099
1.05191
1.25467
0.636529
0.351521
0.536384
0.803928
0.789722
0.636996
0.594401
0.588439
0.9513
1.48738
1.84963
1.46363
1.16706
1.15754
1.50764
1.45511
1.21528
1.30015
1.56568
1.40495
1.8722
2.25358
1.72731
1.9395
2.14498
1.61044
1.72899
1.47413
0.981931
1.0107
0.692314
0.930912
0.826861
1.17307
0.766714
0.541675
0.6681
0.63197
0.688519
1.1123
0.433949
0.112168
0.277287
0.839525
1.16348
0.624859
0.51279
0.674816
0.637451
0.623576
0.153948
0.145757
0.128486
0.329856
0.183153
0.0695121
0.105367
0.65501
0.70811
0.673133
1.12187
0.712272
0.713649
0.83148
0.195306
0.294751
0.274532
0.471408
0.884064
0.521338
0.219552
0.12455
0.355308
0.331353
0.837825
0.64582
0.628927
0.799705
0.571453
0.940063
0.860305
1.01301
0.972317
0.805853
0.761582
0.941088
1.3354
1.49045
1.39108
1.69255
1.47334
1.43937
1.63881
0.995977
1.1136
1.34041
1.1599
1.09365
1.00395
0.805598
0.864096
0.572985
0.518526
1.07788
0.920232
1.12791
0.790085
0.653827
0.654779
1.08836
1.3317
1.36678
0.725991
0.305498
0.364781
0.799973
0.348937
0.663949
0.809381
0.454633
0.684459
0.454393
0.753573
1.0638
1.18398
1.27036
0.573495
0.716949
0.718207
0.902839
1.0885
1.23036
1.04845
1.05226
1.10013
0.673716
0.823881
0.446101
-0.00457075
0.0953036
-0.0877824
0.368165
0.305172
0.485553
0.598446
0.271262
0.513721
0.787469
1.05238
0.924102
0.900594
1.21057
1.00232
0.787173
0.795032
0.571586
0.643096
0.593707
1.10873
1.00117
1.26669
1.07662
1.23815
1.30942
1.30837
1.18556
1.43436
1.70429
2.21179
1.7055
1.41192
1.445
1.61738
1.61582
1.6166
0.943502
1.11712
0.648927
1.04505
1.23583
1.06259
1.11655
1.38453
1.47132
1.17528
0.78344
0.667764
0.453198
0.478548
0.127377
0.580271
0.841595
0.998543
0.845715
0.848303
1.06441
1.31654
1.96844
1.64941
1.72248
2.06136
2.52155
2.65858
2.48686
2.40154
1.99674
1.97332
2.13028
2.51783
2.55159
2.43492
2.42682
2.11813
2.53826
2.04111
2.4093
2.36167
2.55468
2.26459
2.12282
2.23863
2.54617
2.43354
2.00435
1.90192
1.97688
1.87125
2.02722
1.98099
1.68312
1.73387
1.69619
1.84984
1.72913
1.90519
2.10945
2.23009
1.76216
1.74376
1.48031
1.42124
1.00416
1.12453
1.03368
0.973501
0.499964
1.10396
0.953106
1.02265
1.16176
1.46297
1.34479
1.39471
1.425
1.42295
2.04033
1.92859
1.81921
1.86327
1.74714
1.49551
1.27298
1.43546
1.01649
1.17673
1.2108
1.0711
1.33396
1.34842
1.46009
1.78711
1.24638
1.03459
0.995834
0.909415
1.02487
1.24923
0.836288
0.781125
0.70252
0.973827
1.24396
0.749131
0.395047
0.671584
0.485531
0.465002
0.630642
0.70435
0.580397
0.957698
0.676613
0.67832
0.326457
0.761719
1.43356
1.21812
0.647238
0.304363
0.307604
0.648451
0.590869
0.442302
0.679541
0.978942
1.1765
0.769405
0.517817
0.43263
0.872733
0.762568
0.931927
0.664993
1.21961
1.44258
1.29096
1.10849
0.911258
0.942533
0.676113
0.855472
0.970668
1.03529
1.29753
1.24805
1.19251
1.24656
1.13352
0.712686
0.878297
0.918882
1.03357
0.785912
0.930369
1.00045
1.3279
0.986088
1.07672
0.933722
0.699946
0.429791
0.57798
0.0983603
0.0924435
0.157838
0.324931
0.62588
0.358184
0.302256
0.580589
0.974523
1.24739
1.32626
1.61873
1.17717
0.908963
1.11327
0.724673
0.572047
1.01124
1.222
1.22628
1.46641
1.40826
1.9418
1.86463
1.46531
1.75472
1.55317
1.22234
1.05583
1.16809
1.5963
2.00541
1.93512
1.70213
1.44922
1.65833
1.84103
2.27118
1.81368
1.66319
1.94294
1.81536
2.09217
2.22473
1.93857
2.26799
2.58413
2.33515
2.01189
1.54441
1.87668
1.87754
1.6148
1.60079
1.83311
1.96897
1.82746
1.44932
1.44688
1.37127
1.29358
1.65052
1.53627
1.62642
1.86978
1.50005
1.74899
1.63598
1.53318
1.79773
2.11892
2.18776
1.64517
1.76486
1.32152
1.41315
1.09529
1.25196
1.5197
1.54646
1.62287
1.43476
1.46333
0.802158
0.878824
1.17603
1.09382
1.528
1.55225
1.47294
1.64972
1.11104
1.14932
1.35995
1.12173
1.42784
1.21716
1.02064
1.3694
1.27937
1.39284
1.41737
1.18098
1.15353
0.569881
0.736842
1.18822
1.20647
1.31303
1.03447
0.775614
0.884734
0.96782
1.1675
1.61557
1.74651
2.03933
1.93425
1.86997
2.05366
1.77403
1.33038
1.32056
1.16692
1.4835
1.78066
1.52069
1.57782
1.60338
2.08747
2.12953
2.22502
2.20638
1.86916
1.71473
1.38319
1.71962
1.59448
0.96001
0.923985
0.974622
1.1678
1.16081
1.1706
1.24184
1.18361
1.28547
1.47665
1.67916
1.53714
1.39117
1.38883
1.44836
1.39217
1.17539
1.31611
1.31905
1.69586
1.88778
1.55449
1.38379
1.42566
1.64961
1.3937
1.31973
1.08711
1.14404
1.51466
1.50681
1.39857
1.49864
1.14389
1.03366
1.21768
0.850897
0.944951
1.05023
1.26342
1.10917
1.39427
1.15778
1.62384
1.41833
1.42193
1.22178
1.71888
1.13159
0.733223
1.15369
1.06924
0.949978
1.27571
1.0677
1.01591
0.879449
1.11966
1.0457
1.54542
1.6557
1.29643
1.16582
1.07036
1.1105
1.08256
0.79901
1.03379
1.12556
1.17569
1.3598
1.72216
1.51683
1.75856
1.66173
1.41601
1.47454
1.50807
1.64583
1.84592
1.93053
1.37889
1.7504
1.4641
1.36916
1.34524
1.86362
1.48594
1.17836
1.4733
1.95661
2.43102
1.4778
1.33087
0.937282
1.40049
1.43574
1.56776
1.30595
1.86906
1.68301
1.44383
1.55635
1.75117
1.67124
1.96211
1.7753
1.633
1.43429
0.879219
0.778117
0.64606
0.787105
0.985536
0.781823
0.627426
1.04673
1.15496
1.20062
0.798014
0.693747
0.855925
0.829426
0.67978
0.566759
0.941525
1.25863
1.46319
1.72997
1.74523
1.73908
1.71329
1.7077
1.916
2.01722
1.9082
1.56607
1.6036
1.68723
2.1012
1.64593
1.99613
1.79517
1.49899
1.78526
1.63838
2.05097
1.77108
2.03466
2.29644
2.35247
2.12883
2.34474
2.5134
2.83296
2.8784
2.69021
2.1716
1.99865
2.07721
1.92647
1.40492
2.05332
1.84303
1.85973
1.36601
1.63997
1.28315
1.87781
1.61939
1.65987
1.74642
1.79324
1.42715
1.48647
1.51631
1.26335
1.70178
1.55288
1.79195
1.08921
1.23527
1.62072
1.41749
1.31959
1.46479
1.38098
1.12182
0.929947
1.18421
1.5211
1.14812
1.11664
1.01732
0.925865
1.23523
1.2332
0.870742
0.732064
0.445726
0.634507
0.620512
0.515769
0.773152
0.642878
0.73077
0.789305
0.792364
0.333306
-0.0446161
0.669153
1.22083
1.15716
1.21296
1.54746
2.09038
1.80437
1.80263
1.51352
1.70588
1.46057
1.28183
1.32349
1.06009
1.11635
0.992826
0.780655
1.09123
0.960243
1.15517
1.16834
0.969852
1.1587
1.32367
1.36823
1.34475
1.17641
1.12917
0.63001
0.946024
0.703856
0.774948
0.981109
1.11921
1.29198
1.03835
1.38849
1.09189
0.839777
1.39505
1.66527
1.31847
1.37814
1.24221
1.13097
1.52857
1.07481
0.987345
0.65055
0.750145
1.07609
1.17666
0.794624
1.29847
1.21077
1.17216
0.836574
1.08942
1.20401
1.2855
1.77104
1.78634
1.95457
2.20497
2.02879
2.1443
1.64953
1.43034
1.0686
1.59944
1.39808
1.47331
1.27206
1.16787
1.27217
1.5706
1.21915
0.97031
1.26797
1.12571
1.68182
1.70092
1.35203
1.49578
1.49627
1.16133
1.21567
1.35108
1.21204
1.16668
1.35813
1.75758
1.74144
1.55417
1.36103
1.35626
1.05389
0.839422
1.05135
1.32267
0.753937
0.886741
0.792771
0.94583
1.03332
1.17292
1.15823
1.50082
1.37806
1.06527
1.0432
1.15447
1.27914
1.4134
1.2595
1.54738
2.05937
1.90088
1.60111
1.73224
1.75206
1.98163
2.2523
2.33949
2.44164
2.50792
2.33758
2.31096
2.42758
1.6372
1.27884
1.30626
1.14149
1.47666
1.69147
1.55851
1.42131
1.27169
1.19898
1.64185
1.39467
1.1346
1.09326
1.28948
1.04042
1.17642
0.992214
1.10541
1.24193
1.27939
1.21945
0.963239
1.11499
1.05742
1.00337
1.28081
1.10075
1.39179
1.51239
1.15164
0.729005
0.7127
0.641522
0.637269
0.848521
0.868761
1.18802
1.11487
1.65478
1.13733
1.1206
1.54603
1.21237
1.17048
0.989978
0.475853
0.663315
0.646236
0.699551
0.915991
0.633513
1.37214
0.946807
1.02987
0.510937
1.03408
1.31429
1.54664
1.71863
0.991828
1.28638
1.55909
1.70841
1.51688
1.86512
1.90605
2.14319
2.09344
2.03965
1.88227
2.13911
1.98872
1.91241
2.06845
1.91715
1.68877
1.51072
2.20637
2.2744
1.88524
1.58636
1.20156
1.23335
1.20613
1.16032
1.43286
1.46474
1.26779
1.23283
1.2549
1.46769
1.39801
1.45845
1.70364
2.18308
1.9911
1.88054
1.37822
1.52615
1.67886
1.61059
2.05556
2.37375
2.16432
1.59565
1.13601
1.08961
1.20118
1.26464
1.19613
1.30574
1.37663
0.983683
1.37949
1.1778
1.35116
1.39514
1.12164
0.743321
0.651627
0.993527
0.953796
0.768339
0.792474
0.979033
1.11371
1.05544
1.21511
1.06323
0.944862
0.859895
1.02671
1.48501
1.40815
1.22941
1.31802
0.796827
0.861957
1.43135
1.56871
1.40345
1.32003
1.84238
1.46383
1.6869
1.31
1.66438
1.37325
1.36283
1.26406
1.17153
1.55411
1.05197
1.04659
0.615146
0.722348
0.82616
1.26166
1.48302
1.29103
1.4082
1.74873
1.41118
0.768471
1.23791
1.36078
0.827454
0.959302
0.748325
0.55552
0.981125
1.14494
0.831462
0.679429
0.738743
0.629336
0.894885
1.28665
1.39495
1.04125
1.03596
0.756713
1.10938
1.01874
0.869914
1.03886
1.17358
0.997791
1.00754
1.46179
1.40391
1.65284
1.28979
0.963067
0.833745
1.1686
1.08383
1.38856
0.867876
0.653338
1.26617
1.58825
1.42682
1.55269
1.74076
2.15008
1.77138
1.86863
1.7454
2.0997
1.8929
1.91842
2.15711
1.72746
1.74633
1.69562
1.75429
1.36355
1.43663
1.21943
0.944712
0.608341
0.701597
1.05077
1.6179
1.65261
1.72384
1.73209
1.50453
1.49296
1.68944
1.80127
1.24914
1.53722
1.44808
1.53031
1.39551
1.6709
1.38913
1.08863
1.38699
1.34932
1.12506
1.12031
1.32974
1.1029
0.91035
0.82328
0.715962
0.605956
0.681043
0.725117
0.802616
1.10083
0.722443
0.946192
1.03656
1.06224
0.878703
0.845342
1.30505
1.53218
1.46832
1.70463
1.571
1.44562
1.81713
1.37029
1.2956
1.5353
1.12385
1.14891
1.32387
1.47238
1.63044
1.76287
1.80048
1.69239
1.55361
1.52549
1.85273
1.7553
2.07227
1.44479
2.02132
1.67291
1.55282
1.58405
2.06109
1.58126
1.38195
1.6902
0.933695
0.863946
0.908663
1.00095
0.646335
0.639077
0.948801
0.611544
0.634131
0.762224
0.621328
0.936993
1.08743
0.838275
1.25341
0.937925
1.24169
1.18054
1.6704
1.88863
1.99187
1.76743
2.20161
1.17972
0.986784
1.40551
1.28242
1.30083
1.32055
1.29341
1.61797
2.12658
1.89414
1.26682
1.53889
1.48877
1.19432
1.1892
1.43831
1.65364
1.63179
1.48332
1.50869
1.06887
1.18189
0.99098
1.38971
1.35175
1.14965
0.582327
0.942308
0.812532
0.75777
0.25038
0.269205
0.35949
0.573331
0.546595
0.526901
0.46993
0.553169
0.520319
0.262665
0.723569
0.654962
0.70034
0.836943
0.974595
1.04315
0.879847
0.335199
0.612018
0.531056
1.01864
0.992621
0.88556
1.01999
0.80334
1.09118
1.02496
0.947168
1.06482
1.09727
1.34074
1.47603
1.33965
1.30764
1.60779
1.19838
0.993123
0.970005
1.10955
0.723838
0.856529
0.920864
0.834952
1.45933
1.6047
1.59017
1.19762
1.10649
1.46032
1.20489
1.20432
1.31965
1.42819
0.713352
0.829945
0.918515
0.894048
0.430757
0.300718
0.692874
0.923222
1.34642
1.18581
1.07754
1.53775
1.43315
1.19007
1.09795
1.2398
0.863331
0.703373
0.62131
0.656553
0.722042
0.844078
1.21421
1.52264
1.61243
1.43218
1.367
1.47827
1.14773
1.37846
0.912514
1.03601
0.881263
0.953992
0.867231
0.952058
1.18933
0.921162
0.827931
0.687526
0.709607
0.78221
0.69313
0.499168
0.571974
0.816694
1.28631
1.42518
1.23398
1.12973
0.939514
0.897681
1.25604
1.02597
0.847906
0.839609
1.26271
1.14132
1.31101
1.13431
1.18235
1.16793
1.04404
1.15787
1.06981
1.66953
1.76018
1.96842
1.73482
1.45236
1.37089
1.62044
1.59587
1.64434
1.58142
1.21525
1.44972
1.6167
1.59573
1.16565
1.22504
1.1424
0.990638
0.832682
1.24699
0.854678
0.462197
0.660001
0.484352
0.737853
0.831885
1.07112
0.686652
0.341137
1.33038
1.28092
0.778186
0.462685
0.613148
0.681699
0.924722
0.60575
0.829344
1.49711
1.60451
1.8929
1.8463
2.04772
1.95095
2.40759
1.983
1.88795
1.87392
1.72001
1.66722
1.3277
1.36782
1.80018
1.85611
1.47124
1.58866
1.16877
1.27492
1.48833
1.41892
1.27026
1.03356
1.10067
1.06354
1.01914
1.14876
1.12327
1.17824
1.33528
1.6685
1.1688
1.10908
1.02294
1.25526
1.17306
1.8033
1.75129
1.50005
1.19769
1.62474
1.78053
1.76893
1.26898
1.14655
1.12452
1.10322
1.37853
1.49462
1.70794
1.11845
1.2109
1.04172
1.23496
1.26702
1.1728
0.905855
0.93299
1.06221
0.842402
1.30841
1.10955
1.61063
1.06697
1.10659
0.962315
0.561623
1.10302
1.1029
1.04834
1.08382
1.02486
1.19763
0.75494
0.377153
0.857416
0.859769
0.817263
0.755348
0.836421
1.13216
0.654845
1.0015
0.836124
0.837513
0.745758
0.653499
0.780038
0.730043
0.534082
0.278418
0.3749
0.847214
0.846848
0.761279
0.905757
0.633424
0.838046
0.496052
0.445623
0.504651
0.806265
0.694363
0.909521
0.577403
0.636111
0.62656
0.721071
0.977138
0.860685
1.02317
1.18993
1.82739
1.28581
1.07495
1.16528
1.14093
0.903217
1.06022
1.30983
1.13962
1.06472
0.993243
0.954497
0.463914
0.741655
0.597868
0.584304
0.905434
0.859073
0.876129
0.969076
0.599375
0.666533
0.797936
0.713087
0.730595
1.04087
0.924626
1.40274
1.49132
1.65408
1.43515
0.925012
1.33285
1.33263
0.738796
0.859561
0.93185
0.775893
0.682671
0.679575
0.469491
0.821034
0.825458
0.662521
0.669905
1.02263
0.997293
1.36893
1.60225
1.44222
1.17887
1.46236
1.33137
1.15677
1.24086
1.38156
1.36657
1.12768
1.38938
1.32845
1.63581
1.64104
1.68945
2.02833
2.06129
1.70051
1.55554
1.39285
1.26681
1.16586
1.21386
1.5602
1.41356
1.45797
1.33328
1.31245
1.37287
1.14064
1.22676
1.38065
1.22004
0.94662
1.13963
1.2171
1.55925
1.45446
1.58789
1.84858
1.26026
1.28156
1.71341
1.32237
1.45286
1.22143
1.20783
1.4199
1.26913
0.95493
1.32162
1.13736
1.49838
1.20806
1.55614
1.5075
1.3244
1.54735
1.58325
1.75569
1.57641
1.67324
1.24048
1.28542
1.58453
1.3804
1.4233
1.21439
1.27995
0.875035
0.615508
0.469701
0.580515
0.86107
0.747028
0.826058
1.23687
0.960704
1.02463
0.563285
0.258885
0.890844
1.05563
0.995436
0.990986
0.986695
0.372108
0.533696
0.602058
1.14031
1.12484
1.65385
1.11533
1.6341
0.673903
0.887009
0.730944
0.95747
1.19377
1.46167
1.50151
1.26071
1.7231
1.5731
1.23414
1.39736
1.2549
0.915815
0.801842
0.99253
0.729451
0.930881
1.20138
1.41982
0.823638
1.08929
1.31964
1.50989
1.11021
1.25154
1.0416
1.33254
1.44704
1.26663
1.055
1.09035
1.40362
1.25305
1.4303
1.6229
1.63717
1.71969
1.40381
1.99667
2.40295
1.91037
1.5079
1.68305
2.10983
1.52445
1.61541
1.55261
1.81558
1.93366
1.69102
1.8277
1.49678
1.76939
1.74157
2.0702
2.38905
1.84468
1.13723
1.01497
0.896827
0.842833
1.12738
0.981467
0.885726
0.96128
1.20317
0.863084
0.887658
1.07825
0.995982
1.08996
0.900245
1.35503
1.44314
2.02362
2.02229
1.87982
1.49705
1.68009
1.10786
0.554466
0.447041
0.524033
0.522043
0.97245
0.748646
0.994754
1.20208
1.39444
1.42422
1.62108
1.34662
1.43351
1.35566
1.10736
1.60267
1.57521
1.64041
1.75871
1.29802
1.25505
0.698294
1.03427
1.03312
1.45901
1.43494
1.338
1.30481
1.35518
1.77555
1.74638
1.73295
1.39414
1.52398
0.979595
1.30046
1.2688
1.16299
0.856887
1.00278
1.72061
1.4419
1.51495
1.19856
1.23497
1.6982
1.49977
1.36337
1.59229
1.44003
1.21936
1.61552
1.67519
1.56836
1.84996
1.54686
1.35975
0.933803
1.26513
1.35039
1.29524
1.21292
1.22697
1.22532
1.63695
1.59422
1.41933
1.49249
1.20775
1.03999
0.740637
0.601607
0.889458
0.975306
0.852268
0.775191
0.93628
1.17571
1.42501
1.13286
1.45846
1.59002
1.88097
1.51278
1.57586
1.66562
1.3863
1.41432
1.33818
1.49874
1.28315
1.8534
1.59006
1.53737
1.77512
1.72035
1.8556
1.58163
1.81225
1.71016
1.56858
1.89431
1.94461
1.77794
1.86686
1.70347
1.7449
1.9234
2.00525
1.71905
1.73161
1.34223
1.77422
1.49147
1.66141
1.62245
1.57732
1.29353
1.09578
1.17216
1.10164
1.11824
1.65912
1.46609
1.32415
1.37989
1.04908
0.959065
0.863579
1.23735
1.03597
0.810782
0.791245
0.851221
1.17023
1.32459
0.756844
0.585957
0.469639
0.499368
0.58907
0.604325
0.528234
0.790244
0.951697
0.725309
1.02172
1.59165
1.823
1.65581
1.57779
1.65783
1.35164
1.37635
1.45576
1.60801
1.86626
1.82976
1.79549
1.55713
1.74268
1.56527
1.04959
0.870365
1.06514
1.38893
1.66249
1.6501
1.23883
1.36423
0.906073
1.19341
1.4383
1.50805
1.6258
1.81318
1.68865
1.82669
1.88231
2.24087
1.75808
1.88195
1.58155
1.74747
2.31951
2.03593
2.07574
2.05303
1.69426
1.4928
1.41255
1.4392
1.4904
1.67108
1.64202
1.94924
1.62547
1.54628
1.67657
1.72556
1.41107
1.15231
1.32587
0.540012
0.706626
0.485549
0.440878
0.396873
0.224873
0.550479
0.916762
1.02362
1.06813
0.88932
0.657604
0.746503
0.307538
0.465656
0.914698
0.604042
0.26726
0.39785
0.641173
0.637279
0.897191
0.400423
0.401984
0.549258
0.544863
0.98924
1.09417
1.50542
1.2501
0.85737
1.19956
0.911447
0.791837
1.07141
1.22992
0.927296
1.30085
1.13368
1.41971
0.961538
0.443957
0.784711
0.922408
0.430998
0.540404
0.885647
0.882751
0.684237
0.601668
0.310538
0.300924
0.638992
0.213831
0.265888
0.3182
0.769069
0.709399
1.11693
1.22623
1.35242
1.09389
1.35231
1.30851
1.09481
1.25873
1.41707
1.17932
1.62451
1.68325
1.82646
1.96642
1.49741
1.6319
2.0477
1.98342
2.33733
2.04462
2.0699
1.67654
1.70942
1.09068
1.12342
1.24953
1.27444
0.740751
0.80656
0.967341
1.28937
0.926128
1.28861
1.51861
1.48539
1.6641
1.7062
1.92361
1.71413
1.7033
1.48736
1.31611
1.63152
1.31717
1.43599
1.56976
1.52047
1.90591
1.80835
1.62469
1.47365
1.33125
1.47737
1.75066
1.49855
1.45947
0.938526
1.11898
1.13548
1.48635
1.37271
1.58018
1.31217
1.52196
1.78831
1.64139
1.75979
1.83341
2.18025
2.12263
2.08381
2.32076
1.47675
1.23217
1.37001
1.16722
1.56516
1.49767
1.52604
1.94419
1.96356
1.77643
1.5065
1.39017
1.53489
1.6014
1.50665
1.50813
1.44227
1.21358
1.26132
1.44306
1.47054
1.00722
0.819435
1.12773
0.959607
0.389637
0.429405
0.745619
0.843412
1.01161
1.35703
0.864033
1.10893
0.920342
1.45021
1.1729
1.20671
1.01517
1.17186
1.49408
1.60113
0.878085
0.923506
0.78805
0.66708
0.92848
1.14482
1.51015
1.65689
1.37029
0.933383
1.11393
0.837827
0.756327
0.692947
0.664749
0.618502
0.37815
0.636434
1.02861
1.22326
1.55114
1.05216
0.925521
1.08762
1.50309
1.24369
1.87908
1.82341
1.79819
1.82046
1.91618
1.69957
1.32843
1.50611
1.26288
1.35773
1.94331
2.19713
1.74823
1.3773
1.38395
1.80238
1.38432
2.07936
1.69021
1.61935
1.21375
1.35997
1.39197
1.62036
1.31406
1.12101
0.842537
0.899019
1.00536
1.44892
1.45741
1.45817
1.30809
1.43423
1.56664
1.9292
1.90386
1.59817
1.32111
1.3688
1.71573
1.19169
1.30163
1.21536
0.669755
0.601609
0.668398
0.747848
1.14221
1.22735
1.20428
0.706617
0.565381
0.857559
0.94954
1.01893
1.17139
0.755427
0.627674
0.497524
0.568128
0.403515
0.725148
0.937883
0.962048
1.09177
1.57211
1.0586
1.0299
0.895994
1.0182
0.913701
0.777925
1.19941
1.53039
1.26822
0.661242
0.685099
1.00637
0.879234
0.894203
0.930866
0.78046
0.746522
0.78843
0.559724
0.203705
0.228097
0.71712
0.451202
0.778474
0.71588
0.792895
1.19366
1.10327
1.19228
1.46721
1.58826
1.61658
1.50084
1.51126
1.13664
1.09194
1.08115
1.16151
1.42031
1.33201
1.36419
1.25041
1.10313
0.964234
1.29731
1.7088
1.75421
1.96883
1.6021
1.80898
1.69156
2.22548
1.73201
2.03892
1.78306
1.37006
1.17235
0.846777
1.17439
1.30881
1.44352
1.27904
1.6022
1.42059
1.26816
1.04195
1.00927
1.28327
1.24144
1.04804
1.01374
0.884472
1.37692
1.26551
1.0291
1.02851
1.05631
1.01887
0.776671
1.07764
1.18802
1.2504
0.55273
0.71635
0.501578
0.0325817
0.293258
0.341059
0.396018
0.886197
0.838802
0.661019
0.680919
0.483566
0.805171
0.769316
1.10947
1.06601
0.944108
1.26743
0.982795
0.862589
1.05601
0.889389
1.27803
1.41433
1.35538
1.50588
1.59014
1.38188
1.26838
1.07224
1.48317
1.75997
1.43513
1.27505
0.903148
0.902395
1.07663
0.850467
0.798891
0.801599
0.717652
0.90083
0.735379
0.517479
0.302573
0.632205
0.6243
0.722571
0.872334
0.969737
0.826737
1.08358
1.3256
1.45043
1.55136
1.27365
1.73219
1.842
1.60155
1.44569
1.62039
1.39934
1.0508
0.773235
1.1726
1.2017
0.615482
0.921509
1.00921
0.978319
0.954687
0.744654
1.18927
1.34259
1.10173
1.35674
1.28785
0.990913
0.805459
0.825968
1.62986
1.32324
1.07981
1.26905
0.881746
1.25238
1.66198
1.87471
2.16542
1.84848
1.31341
1.54515
1.48991
1.55315
1.52348
1.43828
1.17261
1.14506
1.20843
1.33964
1.5989
1.71842
1.85997
1.53248
1.40479
1.40335
1.41557
1.42684
1.44708
1.51205
1.30539
1.04032
0.981902
1.09888
1.32
1.20557
1.1802
1.19018
1.15173
1.41281
1.99596
1.94201
1.60242
1.19144
1.42768
1.39635
1.48846
1.55261
1.44493
1.3834
2.01338
2.06378
1.58389
1.49888
1.62323
2.09822
2.48917
1.62594
1.47069
1.81998
1.87162
1.67797
1.60435
1.34215
0.955552
1.36689
1.37593
1.28557
1.14871
1.55461
1.63646
1.34892
1.47245
0.860529
1.66871
1.61956
1.92302
2.18006
1.98115
1.95002
2.12546
1.87147
1.83935
1.52821
1.62724
2.03981
1.92536
1.65929
1.40783
1.32903
1.21197
1.17606
1.37185
1.42707
1.57439
2.03967
2.77842
2.46771
2.3295
1.896
2.1003
2.49094
2.34418
1.82684
1.80286
1.50777
1.57725
1.63651
1.70522
2.02357
1.78161
1.44643
1.30022
1.39529
1.19777
1.53953
1.58807
1.58704
1.79169
1.76786
1.69473
1.41419
1.36558
1.29043
1.30558
1.69885
1.95293
2.12431
1.33438
1.34699
1.1446
0.862465
0.964957
1.2391
1.28633
1.35273
1.34791
1.12907
0.9856
0.667155
0.879701
0.596464
0.509376
0.625265
0.755008
0.808199
1.08329
0.878175
1.04293
1.05994
1.21921
1.47908
1.06712
1.06524
1.14841
1.40479
1.17588
1.39892
0.991773
0.821143
0.977914
0.867287
1.11554
1.02604
0.964489
1.32656
1.25964
1.24227
1.04765
1.08819
1.03675
1.34592
0.993015
0.861568
0.920444
0.875696
0.959919
1.06425
0.813624
0.677506
0.352247
0.43044
0.525921
-0.071463
-0.0355069
0.0349089
0.620747
0.580556
0.498126
0.621813
0.497657
0.796754
0.717464
0.776915
1.03919
0.47274
0.590512
0.480875
0.200248
0.204302
0.268427
0.708874
0.42186
0.889063
1.12815
0.55127
0.670675
0.99779
0.718552
0.879378
1.02283
0.859642
0.787508
1.15156
0.974968
1.20812
1.28406
1.29578
0.832476
0.810829
0.654375
1.45408
0.895355
0.497102
0.465
0.489205
0.86667
1.06866
1.08148
1.28564
1.3372
1.25175
1.15229
1.06208
0.679876
1.36526
1.57781
1.36121
1.01963
1.17318
1.16329
1.08739
1.34619
1.2562
1.34156
0.910364
1.16014
0.986846
0.557351
0.92329
1.12439
0.980152
1.20692
0.796299
0.263728
0.30846
0.914696
1.28966
1.01815
1.31184
1.33975
1.15461
0.845364
1.06503
1.33675
0.987255
0.934152
1.35805
1.16324
1.09401
1.07042
1.2808
1.15492
1.26136
1.2879
1.06793
1.12865
0.728925
0.564758
0.543274
1.21043
1.03046
0.840828
1.07044
1.04782
0.836863
0.968599
1.00741
1.12626
1.03823
0.9161
1.22007
1.14208
1.43983
1.39127
1.27849
1.32487
1.54654
1.4981
1.79966
1.47869
1.98894
1.9425
1.58858
1.56289
1.29991
1.9068
2.00992
1.91099
2.10668
1.96047
1.71441
2.02333
1.86419
1.85184
1.75284
1.40041
1.18498
1.31035
1.56905
1.39328
1.08464
1.30566
1.49225
1.90904
1.7214
1.64471
1.87641
1.96996
1.88375
1.85455
1.79622
1.66886
1.65613
1.94982
2.1823
2.01213
2.01497
2.00773
1.977
1.40993
1.46363
1.70437
1.96351
2.21429
1.75904
1.61973
1.49914
1.71838
1.87739
1.64421
1.7006
1.9861
1.65765
1.28122
1.11999
1.22113
1.17468
1.31471
1.09486
1.12674
0.778356
0.524235
0.804829
0.935372
0.604403
1.14356
0.661256
0.790654
0.983799
1.11587
1.95576
2.14805
1.62182
1.43421
0.772122
0.944058
1.20741
1.23506
1.43537
1.46202
1.32092
1.41916
1.53721
1.47996
1.35559
1.88048
2.1187
2.12838
2.19321
1.857
1.98745
2.27896
2.16618
1.8685
2.07201
1.3443
1.367
1.38139
1.83407
1.66723
1.73095
1.50233
1.34285
0.976364
0.99162
1.13836
0.854486
1.37113
0.926789
0.986113
1.257
1.40576
1.63488
1.30594
1.39135
1.44424
1.82833
1.55656
1.67894
1.36627
1.39021
1.47176
0.739656
1.17031
1.03863
1.21905
1.63768
1.57134
1.58865
1.43577
1.20451
1.25318
1.05456
1.08486
1.56888
1.3817
1.0937
1.16452
0.878924
1.35377
1.35599
1.21139
1.38487
1.2396
1.10157
1.36449
1.23579
1.12461
0.614573
0.714369
0.923735
1.10143
1.21785
1.20473
1.20964
0.898877
0.981481
0.933344
0.806997
0.524644
0.232457
0.332106
0.289167
0.651983
1.13267
1.35026
0.947198
1.30186
1.0522
1.03501
1.34066
0.864079
0.514308
0.600655
0.676383
0.589109
0.476942
0.530371
0.278736
0.570728
0.663727
0.584319
0.259634
0.961493
0.758279
1.10992
0.940706
1.21734
0.778626
0.910599
0.854171
0.844309
0.934796
1.26949
0.513506
0.789436
1.01494
0.955301
1.10467
0.833672
0.889904
0.942499
0.804281
0.300133
0.330582
0.649785
0.685661
0.6423
0.769999
0.808374
0.823471
0.901007
0.745473
0.550865
0.507669
0.291052
0.6948
0.643137
0.774429
0.75501
0.734491
0.471822
0.510254
0.530618
0.686033
0.74436
0.618915
0.823441
0.961817
1.10265
0.885198
1.0518
0.809897
1.01522
0.998242
0.960465
1.25361
1.2024
1.40582
1.28921
1.00607
1.08381
1.79376
2.04207
1.41878
1.39732
1.2833
1.30011
1.2221
1.22227
1.24598
1.53676
0.865776
0.660826
0.69668
0.795042
0.858839
1.05308
1.19053
0.804887
0.947756
1.54651
0.563842
0.86123
0.531796
0.913237
0.906652
1.08551
1.17965
1.72952
1.02203
1.51691
1.8106
1.72954
1.41946
1.13984
0.872999
0.969966
1.25346
1.28338
1.30144
1.11762
0.919549
0.94248
0.618142
0.36417
0.695011
0.673285
0.435673
0.479357
0.376967
0.812238
0.511746
0.743786
0.724883
0.831462
0.847578
0.957782
1.29325
1.12965
1.26804
1.37843
1.6268
1.83841
1.69761
1.56705
1.2865
1.52778
1.56084
1.20374
0.943151
0.515733
0.957206
1.4969
1.79161
1.41517
1.17337
1.15475
1.52293
1.37045
1.32839
1.70593
1.72661
0.968823
0.897385
1.02706
1.24198
1.19619
0.900448
0.978066
1.26367
1.02707
1.14649
1.0348
0.950875
1.04437
1.12979
0.840753
1.02666
1.26314
1.01267
1.17729
1.12164
1.00613
0.970385
0.858263
0.875301
0.943913
1.4189
1.11842
0.835385
1.42511
1.40956
1.22661
1.4037
2.05507
1.85683
1.8666
1.39322
1.87032
1.57921
1.22664
1.25782
1.69354
1.92288
1.26956
1.36546
1.57279
1.71739
1.65858
1.40513
1.66552
1.15367
1.30687
1.03532
1.49026
1.73423
1.58006
1.03405
0.686314
0.789609
1.19427
1.45645
1.38753
1.33959
1.28807
1.16323
1.18012
0.906573
1.08881
1.37981
1.36011
1.36733
1.64167
1.07641
0.959043
1.09726
1.55797
1.67342
2.04885
2.06349
1.49679
1.35145
1.59558
1.65318
1.82842
1.82855
1.94048
1.78598
1.77439
1.74321
1.15706
1.08975
1.44035
1.68164
1.62436
1.70791
1.68207
1.27696
1.17332
1.12507
1.09081
1.16159
1.28784
1.27872
1.46645
1.37865
1.53496
1.28958
1.27103
1.2406
1.22726
1.12174
1.27011
1.05085
1.0051
1.15998
0.52963
0.577127
0.602614
1.18347
0.599733
0.767667
0.624756
0.51773
0.552584
0.883679
0.887676
0.964648
0.840115
0.923015
0.955705
1.08406
1.17981
1.10429
0.968063
0.445252
0.608581
0.90308
0.960471
0.639059
0.267959
0.250182
0.486714
0.552741
0.407626
0.675411
0.474922
0.478339
0.467715
0.916352
0.714244
1.37631
1.25459
0.948147
1.05824
1.24911
0.695445
0.642513
0.762026
0.998122
0.847904
0.773856
0.549143
0.907999
0.789688
0.898978
1.12902
1.35103
0.493246
0.543845
0.306962
0.416404
0.848014
0.722594
1.20071
1.10054
1.20594
1.07391
1.10281
1.08089
1.01414
0.719311
0.870228
1.18083
1.09535
1.15786
0.820147
1.27853
1.04535
1.23897
1.28527
0.697141
0.585881
0.943513
1.13217
0.814166
0.939103
1.08856
0.992473
1.28812
1.09989
1.10665
0.899435
0.847599
0.672941
0.809081
0.880445
1.01799
0.833711
1.42138
1.32346
0.992771
0.963569
0.767006
0.676806
0.65119
0.653781
0.509685
1.03649
1.46968
1.15481
1.19787
1.31388
1.47617
1.40805
1.36923
1.35555
1.1729
1.17162
0.947484
0.977372
1.19687
1.0252
0.906896
1.22801
1.21615
1.0686
0.761513
0.796636
0.960661
1.08515
0.763679
0.569552
0.229671
0.63554
0.726718
0.810503
1.23154
1.06112
0.944213
0.752202
1.05105
1.11859
1.06368
1.26382
1.217
0.77876
0.672013
0.456872
1.08087
0.747909
0.511577
0.430598
0.327141
0.0991294
0.233956
0.0632543
-0.069145
0.181769
-0.171521
-0.063248
-0.296117
0.224009
0.432187
0.444739
1.1126
0.9995
0.993104
0.967956
1.0554
1.07692
0.858877
0.443492
1.00742
1.02683
0.555922
0.822311
1.03916
0.957423
0.818334
0.493708
0.876612
0.75315
1.16109
1.46175
1.5837
1.53176
1.7208
1.77531
1.78643
1.93251
1.75047
1.60938
1.68464
1.18904
1.52503
1.6865
1.48581
1.48221
0.971911
1.05938
1.32508
1.25273
1.11387
1.28356
1.27497
1.04341
0.898312
0.636877
0.659466
0.753226
0.924933
1.21039
1.05819
1.14109
1.26739
1.6317
1.69687
1.45791
1.54821
1.16232
1.04626
1.00757
1.36723
1.02878
1.16591
1.38624
1.03585
1.21653
1.39449
1.45462
1.25252
1.21528
1.55728
1.48384
1.03473
1.80761
1.44243
1.31163
1.30306
1.22748
1.03794
0.836935
1.03934
1.33857
0.978261
0.643805
0.854521
0.93275
1.11177
1.54839
1.80951
2.0443
1.92434
2.00034
1.67572
1.65375
1.4296
1.25524
1.38629
1.34062
0.912394
1.4233
0.826509
0.904582
0.879502
1.11998
1.5575
1.27777
0.984106
0.764587
0.720848
0.996532
0.604061
1.19433
2.2192
1.83494
1.74735
1.87556
1.65009
1.85688
1.93773
1.90327
1.97939
2.09608
2.04464
1.77185
1.69349
2.20717
1.95596
1.93092
2.22154
1.85965
2.06396
1.93299
2.07727
1.95513
2.59111
2.68588
2.12142
2.02333
1.71666
1.62408
1.3891
1.73227
1.70692
1.85749
1.91783
1.71167
1.91789
1.99435
1.77444
0.905767
1.33017
1.61051
1.52411
1.78482
1.83196
1.82627
2.11464
2.27166
1.78655
1.66738
1.37659
1.28467
1.42671
1.25956
1.27678
1.53219
1.67928
1.72109
1.40359
1.33058
1.41189
1.08244
0.952008
1.25019
1.13105
1.16247
1.38839
1.05999
1.04171
1.24283
0.943125
0.868679
1.19308
1.26288
1.49272
1.23448
1.12087
0.962303
1.02946
1.7266
1.20215
1.07355
1.1261
1.11659
1.1111
1.71158
1.91642
2.08878
1.7297
1.6535
1.42467
1.29081
1.22693
1.15586
1.06112
0.991981
0.991143
1.08019
1.50608
1.28352
1.71445
1.83415
2.02715
1.95409
1.88793
1.82241
1.36028
1.4923
1.5583
1.50198
1.89523
1.60646
1.69406
1.87249
1.78855
1.89618
2.00758
2.06464
1.3316
1.26658
1.58992
1.50111
1.51771
1.40281
1.46179
1.91704
1.69147
1.66368
1.80561
2.04922
1.91026
2.17915
2.62258
2.05955
1.99883
2.36851
2.36968
2.1267
2.17474
2.20294
2.39175
2.41859
2.05125
2.65672
2.67523
2.96237
2.44547
1.81427
1.86548
2.12443
2.05581
2.19019
1.68805
1.50139
1.42841
1.89755
1.8941
1.94949
1.93361
1.63594
1.55179
1.5574
1.02829
0.990343
0.82554
1.03496
1.26992
1.25181
1.127
1.55519
1.26492
1.41281
1.31036
1.46135
1.74808
1.35346
1.34673
1.19944
0.82107
1.08522
1.4021
1.71155
1.0372
1.06142
1.17176
1.55361
1.51732
1.85316
1.36022
1.35836
1.4138
1.71115
1.79883
1.87264
1.57343
2.47423
2.36853
2.11878
1.98852
1.78611
1.68217
1.25124
1.34815
1.34639
1.16688
1.19432
1.71476
1.54047
1.39294
1.05062
0.893717
1.43307
1.2125
1.41466
0.986308
1.01976
1.12113
1.04848
1.18996
1.42824
1.74485
1.24448
0.998695
1.16342
1.32312
1.47818
1.36362
0.864876
0.812425
0.677202
0.575206
0.973615
1.34296
1.81264
1.63528
1.56867
1.75236
1.58628
1.93134
1.88685
1.94147
1.86691
2.05471
1.10558
1.34521
1.1717
1.49894
1.2067
1.26744
1.4239
1.02443
0.66082
0.693658
0.870285
0.964339
1.15542
1.42049
1.04335
0.815964
0.938675
0.899619
0.524207
0.356593
0.909349
0.82405
1.1837
1.10465
0.733117
1.14086
1.32621
1.55211
1.1156
1.60886
1.28745
1.08233
1.4617
1.54659
1.42914
1.40703
1.44808
1.0813
1.29174
1.2524
0.758889
0.6892
0.776934
0.859827
0.660842
1.07678
1.24221
1.22838
1.60652
1.60711
1.464
1.69458
1.12892
1.16481
1.34654
0.867846
1.34908
1.24319
1.31234
1.29135
0.993524
1.23332
1.39439
1.5109
1.60934
1.75864
1.23137
1.17068
1.213
1.13731
0.939995
1.03015
0.968792
1.68172
1.53692
1.6634
1.77834
1.4657
1.41722
1.23639
1.32924
1.34466
1.66851
1.76593
1.33356
1.48145
1.37866
1.18628
1.12194
1.2226
1.20687
0.709285
0.923501
1.21004
1.17485
1.63246
2.05333
2.15904
2.48984
2.23771
2.16408
2.2686
2.47376
2.81278
2.25737
2.28043
2.36759
2.18475
2.28093
2.34365
1.91902
1.57493
1.99048
1.49965
1.39391
1.33964
1.45234
1.32799
1.21173
1.22823
1.0721
1.1188
1.38428
1.54807
1.45695
1.38094
1.30936
1.22876
1.35067
1.0361
1.21103
0.879632
1.45628
1.10726
1.30832
1.09339
1.40148
1.22063
1.46596
1.58835
1.91721
2.02592
1.83009
1.82814
1.82837
1.69972
1.8415
1.76039
1.65734
1.84077
2.08493
1.98093
1.97205
2.06757
1.54414
1.29113
1.70976
1.63737
1.46506
1.56852
1.86751
2.10247
1.67894
1.72832
1.86615
1.81694
1.61886
1.78998
1.88481
2.10799
2.07707
2.1925
2.656
2.02025
1.97606
1.71634
2.73524
3.05538
2.95532
2.93887
2.59567
2.60057
2.56096
1.93226
1.77619
1.73501
2.17423
2.3641
2.16353
1.71951
1.89775
1.6823
1.72907
1.56298
1.61746
1.97839
2.318
2.01861
2.27717
2.28975
1.98172
2.01022
1.35646
1.3711
2.31862
1.27751
1.39533
1.35702
1.27505
1.06802
1.2299
1.74305
1.35958
1.41131
1.51112
1.29585
1.43163
1.79867
1.43243
1.7782
1.67772
1.70174
1.77282
1.50379
1.48437
1.6382
1.71815
2.06983
2.39889
2.19626
1.91244
1.61007
1.95963
2.06932
2.53867
2.72624
2.94602
2.49759
2.38283
2.72268
2.59672
2.07509
1.85945
1.44316
1.63876
1.63371
1.74909
1.87443
1.75776
1.62482
1.36707
1.76824
1.34149
1.1265
1.09477
1.40768
1.37778
1.39875
1.42722
1.46172
1.59017
1.12482
1.17047
1.3289
1.63261
1.89487
2.05882
2.39294
2.28581
1.91161
2.2282
1.91052
1.81632
1.74313
1.72
1.39232
1.71529
1.75025
2.42655
2.45789
2.23077
2.14737
1.97511
1.78969
1.91449
2.08379
2.01222
1.74628
1.37256
1.34137
1.16309
1.21134
0.948362
1.03025
0.878871
0.859022
0.892735
0.401645
0.36441
0.410006
0.949757
0.901194
1.42033
1.23427
1.28512
1.43344
1.03872
1.39556
1.83748
2.45878
2.12334
1.82969
1.67901
1.61862
1.37044
1.42906
1.13597
1.40181
1.1126
1.13161
1.55858
1.56305
1.46333
1.39464
1.46636
1.35556
1.0379
0.982399
1.67142
1.57938
1.32385
1.45547
1.03684
1.52346
1.54439
1.84994
1.9483
1.58934
1.17439
1.32071
1.3846
1.57442
1.22423
0.771536
0.658978
0.879742
1.03401
1.25519
1.43099
1.54738
1.6472
1.1079
1.09575
1.19402
1.31729
1.11655
0.757762
0.956666
1.09077
1.29937
0.784283
0.962104
1.02552
1.06761
1.59479
1.42111
1.31473
1.02361
1.50976
1.67116
1.99766
1.84513
2.16771
2.26819
1.89463
1.87348
2.09571
1.9101
2.2308
2.19622
1.98894
1.90503
1.91387
1.4241
1.13171
1.45204
2.11226
1.61331
1.43391
1.61208
1.4227
1.27621
1.55695
1.32511
1.44385
2.0066
1.74242
1.87744
1.53044
1.87083
1.6695
1.62077
1.51833
1.80342
1.98138
1.93624
1.75982
1.64187
1.48141
1.0299
1.28995
1.0734
0.932138
1.29673
1.56569
1.34055
1.40677
1.35987
1.26679
0.904495
0.698667
0.881388
0.625546
0.499527
0.682083
0.690942
0.735905
0.662091
0.607111
0.42859
0.500591
0.6104
0.909688
0.888411
1.22403
1.74722
2.17699
1.9023
1.77949
1.67253
1.42119
1.88062
1.68714
1.64146
1.81998
1.87828
1.69662
1.71753
1.47822
1.41165
1.53926
1.67281
1.66377
1.44168
1.24586
1.09558
0.709155
0.591002
0.514366
0.71257
0.510385
0.0967348
0.378736
0.633621
0.822647
0.993985
0.771824
0.731541
0.736376
0.441144
0.90587
0.56846
0.725605
0.411848
0.528926
0.636803
0.550658
0.729859
0.744413
0.855696
0.901053
0.772399
0.352549
0.465678
0.285125
0.398008
0.774114
0.59556
0.152149
0.119334
0.390713
0.557205
0.640218
0.724476
1.19717
1.03047
1.18267
0.651259
0.587588
0.586103
1.02768
0.940323
0.99272
1.14292
1.05085
1.41015
0.79889
0.916888
0.930999
0.885185
0.838967
0.725334
1.0327
1.30681
1.40757
1.50286
1.54289
1.4178
1.09568
1.007
1.00246
1.10697
0.888742
1.15606
0.974569
0.657625
0.854915
0.511553
0.72565
0.781413
1.17403
1.11553
0.526894
0.389395
0.711211
0.585505
0.600511
0.203403
0.261835
0.0774588
0.468697
0.523035
1.06357
0.934122
0.903871
1.13849
1.01819
1.08994
0.834371
0.726121
0.985272
0.862372
0.716027
0.609511
0.531128
1.03464
1.2742
1.25994
0.580301
0.890445
1.08603
1.42653
1.40528
1.25816
1.23352
1.26822
1.07521
1.15468
1.05735
1.21753
1.59269
1.29172
0.983737
0.878785
0.810625
0.950956
1.17601
0.884896
1.09358
0.929996
0.601919
0.441177
0.767146
1.15745
1.00528
1.16408
1.33922
1.35753
0.985652
1.10359
0.615874
0.836844
0.995005
0.850912
0.592945
0.405743
0.880602
0.796188
0.872487
1.1697
0.803001
0.749824
0.871453
0.938274
0.753408
0.616451
0.060753
0.6362
0.958788
1.00266
0.856943
1.00567
1.10545
1.2624
1.26011
1.0917
1.13774
1.17026
1.13568
0.818151
0.503112
0.272164
0.612441
0.596519
1.07996
0.857748
0.687086
0.712408
0.898064
0.981403
0.883417
0.869915
0.998731
1.09704
1.07905
1.07035
0.863044
0.998183
0.893548
0.806773
0.606672
0.725736
1.19796
1.16566
1.44626
1.33641
1.06647
1.09068
1.05865
0.902565
0.562644
0.747551
0.833173
0.714906
1.33394
1.27221
1.8135
1.36846
1.36257
1.15273
0.993452
1.22648
0.875051
0.480887
0.765865
1.04298
0.97599
0.975893
0.636924
0.648935
1.08086
1.14097
1.4175
1.0893
0.794265
1.02847
1.23253
1.34918
1.3714
1.24299
1.11364
1.12249
1.1611
0.997655
0.888541
0.964693
1.37037
1.09883
1.0069
1.28366
1.65777
1.54991
1.44326
1.75929
2.19553
2.19916
2.05773
1.90987
1.80162
2.01347
1.40006
1.27274
1.64387
1.25426
0.909504
0.861026
1.09946
0.761391
1.27263
1.02462
1.23901
0.741973
0.687134
1.08427
1.15399
0.901774
0.863569
1.55627
1.24491
1.08428
1.28126
0.882972
1.13623
1.17868
1.13188
0.838043
0.809403
0.684911
0.764788
0.630908
0.989386
1.11975
1.67406
1.56915
1.04302
1.24818
1.25412
1.69415
1.68469
1.53411
1.67209
1.11971
1.10597
1.6052
1.53422
1.70093
1.29208
1.16603
1.13008
1.0724
0.816648
0.981065
0.446248
0.569359
0.766849
1.00876
0.870787
0.963616
0.949204
1.14143
0.821846
0.816201
1.14812
0.943431
0.982538
0.87599
1.09409
1.33329
1.25319
1.05668
1.23768
1.13365
1.21256
0.833415
1.20323
1.21566
0.929334
0.680399
0.742645
0.637956
0.698146
0.785354
1.2668
1.18178
1.24828
1.04648
1.12612
0.971272
0.662761
0.91849
0.977846
0.820724
0.383568
0.609213
0.554369
0.834955
0.921463
1.17519
0.973367
1.32082
0.810784
1.24106
1.01214
1.05218
1.47675
1.85863
1.76589
1.4631
1.59286
1.44642
1.30635
1.1685
1.66787
1.34749
1.3726
1.29417
1.49473
1.75014
1.9505
1.60003
1.68037
1.92092
1.70083
1.09808
0.867231
1.05946
0.79936
0.866792
1.3278
1.78473
1.89015
1.52509
1.631
1.53111
1.45911
0.980587
0.741148
1.1627
0.954795
1.13384
1.73154
2.07177
2.11061
1.51556
1.50507
1.3639
1.42802
1.29388
1.43979
1.48934
1.66371
1.59706
1.57389
1.85562
1.66123
2.02905
2.14608
1.77968
2.08009
1.65128
1.78395
1.6427
1.45152
1.47313
1.58303
1.28568
1.0198
1.22895
1.16051
1.04841
0.5317
0.6748
0.631738
0.628943
1.17898
1.23679
0.854683
1.16202
0.831715
0.729869
0.661047
0.374919
0.393232
0.635373
0.893548
0.80711
1.06732
1.52592
1.9361
1.65896
1.37566
1.16331
1.50431
1.73843
1.43047
1.18089
1.12582
1.68218
1.76112
1.47024
1.36864
1.51534
1.65026
1.23871
1.18961
1.10511
0.572581
0.488754
0.588242
0.740673
0.561626
1.1127
1.01893
1.34534
0.943372
0.770853
1.54348
1.15226
0.817383
1.45301
1.56713
1.49598
1.58466
1.47973
1.63075
1.61369
1.61944
1.54939
1.87161
1.83941
1.62074
1.5218
1.39463
1.59684
1.64967
1.38589
1.35215
0.938119
0.760627
0.647791
0.711918
1.04916
1.35321
1.38817
1.4604
1.24335
1.74958
1.54215
1.57035
1.28849
1.67932
1.08346
0.92632
0.961269
1.10605
1.06629
1.29605
1.01449
1.33503
1.31391
1.31703
1.34957
1.64014
1.71152
1.77412
1.59132
1.04548
1.04475
0.983278
1.24363
1.42607
1.20984
1.39984
1.15198
1.23523
1.15734
0.76008
0.91925
1.47418
1.21854
1.05522
1.48899
1.11975
1.03348
1.076
1.47762
1.29582
1.29056
1.76545
2.52123
2.26006
1.5838
2.27053
2.34865
1.9889
2.13258
2.03893
1.61345
1.5129
1.89074
1.67462
1.44253
1.81033
1.89588
1.72226
1.77956
1.64374
1.81238
1.94862
2.11658
2.14385
2.02193
1.458
1.49435
1.58369
1.56391
1.81059
1.54525
1.53859
1.94963
2.27653
2.22622
2.06168
1.82651
1.83457
1.92336
1.40514
1.98922
2.08301
1.85162
1.99411
2.219
1.74178
1.95539
2.13143
2.07084
1.72006
1.21967
1.06022
1.56608
0.985342
0.684377
0.83658
1.2785
1.48045
1.12777
1.04042
1.07566
1.0887
0.96124
1.25882
1.35695
0.958971
0.674471
1.0482
0.838338
0.72441
1.37351
1.10101
1.32016
1.18175
1.20871
1.1099
1.3929
1.13516
1.32081
1.4313
1.43042
1.31477
1.0968
0.874661
0.853912
0.818672
0.99597
0.586201
0.902808
0.995743
0.553015
0.52968
0.544228
1.16102
0.570567
0.878361
0.829525
0.609257
0.497296
0.593039
0.854228
0.650473
0.829297
0.691219
0.315616
0.263862
0.555855
0.653399
0.456928
0.690125
0.536833
0.898197
1.09951
0.749361
0.464431
0.961876
0.881186
1.21356
1.0869
1.73739
1.23953
0.629526
0.704311
0.63374
0.748124
1.04635
1.09574
0.944005
1.01843
1.20975
1.21024
1.48637
1.34907
1.01918
0.83677
1.06538
1.1261
0.820632
0.568022
0.639308
0.574509
0.627554
0.637141
0.76405
1.01811
1.12222
1.03952
1.40385
1.86152
1.8234
1.73783
1.96926
1.2545
1.39593
1.71064
1.49861
1.52092
1.76957
1.6468
1.50586
1.56326
1.69144
1.57232
1.1125
1.23022
1.33071
1.21213
1.27074
1.30296
1.38083
1.40062
1.01977
1.62551
1.63827
1.80671
1.9199
1.95489
1.28392
1.10213
1.11119
1.07034
1.11833
1.14646
0.980198
0.793005
0.851623
1.06324
1.00608
1.41997
1.84117
1.78207
1.6486
1.30408
1.47934
1.90847
1.83494
1.57087
1.44872
1.33597
1.01773
1.35951
1.34661
1.32968
1.16127
1.56756
1.60908
1.45722
1.30453
1.25831
1.21458
1.38011
1.43061
1.73691
2.14095
2.42142
2.03417
2.2157
2.07673
1.6596
1.46666
1.37142
1.46724
1.32091
1.18913
1.07377
1.08087
1.26123
1.80217
1.72346
1.21501
1.18241
0.740498
0.874461
0.863553
0.807073
0.834168
0.72073
0.865767
1.0046
1.06975
0.810908
1.0234
0.657141
0.539783
0.618349
0.607554
0.453082
0.792375
1.27073
1.01908
1.14163
1.40693
1.42508
1.42903
1.40078
1.76255
1.46158
1.34391
1.12942
1.13856
0.869166
1.22355
1.60963
2.07071
2.03083
1.56251
1.60049
1.58507
1.86887
1.84945
2.21398
2.12935
2.00318
1.78866
2.00692
1.81636
2.0943
1.53558
1.08488
0.813544
1.04422
0.899042
0.865764
1.21523
0.926038
0.684714
0.94041
1.02493
1.39095
1.52302
1.38634
1.44196
1.57409
1.16734
1.3239
1.49848
1.42481
1.7474
1.52153
1.24038
1.78732
1.80864
1.75813
1.71125
1.64053
1.61982
1.34452
1.39303
1.40173
1.59154
1.8158
1.20552
1.18143
1.39702
1.73051
2.21421
2.32083
2.51423
2.02471
2.12205
1.93117
1.71571
1.80899
2.1071
1.88745
1.77634
1.31402
1.3334
1.78257
1.51155
1.53926
1.73087
1.78537
1.68268
1.43846
1.47634
1.34634
1.50497
1.91573
1.85535
2.0807
2.35011
2.10113
1.8713
1.33467
1.56774
1.68418
1.57519
1.2011
0.764602
0.902239
1.52136
1.55813
1.45892
1.394
1.34914
1.21698
1.40418
1.74791
1.35512
1.29007
1.14852
1.34277
1.09027
1.53822
1.20928
1.40384
1.29134
1.5659
1.8223
1.17748
1.27692
1.3673
1.4988
1.41424
1.68732
1.7767
1.68482
1.41256
1.45997
1.2809
1.8812
1.14972
1.33865
1.75706
1.62175
1.74757
1.20057
1.26677
1.73413
1.32489
1.54726
1.25584
1.26305
0.960405
0.999946
1.5078
1.59467
1.14789
1.08938
1.07794
0.949613
1.36051
1.20384
1.04104
0.897596
1.23967
1.87661
1.92986
1.85362
1.71511
1.64101
1.39833
1.47947
1.4147
1.01758
1.48474
1.66952
1.7075
1.75055
1.52861
1.21156
1.51524
1.61904
1.57199
1.45461
1.25038
0.926151
1.16784
0.856561
1.17725
0.712363
1.19245
0.952658
0.891835
0.619812
0.526312
0.410241
0.314095
0.904664
1.08789
1.32455
1.30029
1.41628
1.32459
1.05596
1.63082
1.50519
1.2171
0.75372
0.60011
0.747678
0.886941
0.946174
1.12943
1.23957
1.12403
1.10629
1.38804
1.5032
1.2751
1.41918
1.32188
1.05235
0.98166
1.32435
1.21464
1.60634
1.26641
0.6792
1.11548
1.23474
1.53258
1.7336
1.57582
1.15875
1.03725
1.19465
1.05568
1.1985
0.957853
1.15233
0.967685
0.665459
0.638719
0.986298
0.969553
1.24187
0.946187
1.06966
1.1022
1.11356
0.945979
1.01218
0.807577
0.641217
0.834073
0.407099
0.367189
0.179291
0.714815
0.486407
0.719785
0.804507
0.56307
0.589429
0.68176
1.15903
0.878659
1.26617
1.16262
0.850213
0.484317
0.591716
1.23238
1.1529
0.792896
0.961515
0.798383
1.15669
1.02842
0.737379
1.04192
0.925948
0.809738
1.023
1.37085
1.09661
0.927702
0.837824
0.583909
0.606296
1.25674
1.54386
1.40671
1.31228
1.56382
1.43945
1.43392
0.954817
0.865871
0.950956
1.52963
1.60234
1.69679
1.44447
1.0426
0.991384
0.926624
1.32784
1.88492
1.68557
1.22186
1.27374
1.62425
1.61184
1.27675
1.22258
1.12213
1.54934
1.64125
1.31976
1.17483
1.07871
1.21366
1.27054
1.34429
0.985875
0.825188
1.04749
0.920655
0.883337
1.06843
0.987629
1.29617
1.35995
1.31814
1.20854
1.34054
1.16201
1.42161
1.62733
1.64806
2.07533
1.99524
1.9922
1.81351
1.52069
1.11021
1.48098
1.53954
1.86457
1.27902
1.23724
1.18097
1.22755
1.42571
1.39185
1.9739
2.24134
2.10801
2.30105
2.07881
1.87206
2.06232
1.52079
1.4655
1.20381
1.61957
1.79508
1.31347
1.28199
1.73424
1.76206
1.49388
1.69917
1.74081
1.39684
1.39431
1.75908
1.87906
1.71526
1.35437
1.37677
1.15696
1.48438
1.02489
0.838108
0.937946
1.12937
1.00477
1.16646
1.27616
0.950303
0.915975
0.83126
1.04074
0.596452
0.990289
0.996256
0.642982
1.32854
1.24982
1.35348
1.02717
1.04696
1.24546
1.30916
1.20347
1.44956
1.45136
0.953724
1.30866
1.65274
1.04478
0.877649
0.720879
1.29971
1.0399
0.827322
0.602828
0.999904
0.688117
0.769435
0.944639
0.656482
0.571409
0.585056
0.792509
0.653064
0.376263
0.592012
1.30101
0.997894
0.993692
0.997707
1.0817
0.660798
0.556349
0.691327
1.09345
1.2004
1.07732
0.948163
0.744589
1.01549
0.941483
0.972143
0.890723
0.636574
0.920717
0.974658
0.608975
0.683554
0.75861
0.705642
1.12635
1.35293
1.30559
1.16619
0.811561
1.30323
0.914886
1.05236
0.849217
0.928428
0.750257
0.515223
0.800369
0.99176
1.01776
0.482074
0.763098
1.08952
0.829846
0.760205
0.725006
0.439664
1.20567
0.890999
0.75827
0.88692
0.71997
0.906233
0.774088
0.757588
0.260093
0.142815
0.695691
0.77407
1.28387
1.38694
1.94717
1.59963
1.44443
1.1786
0.785246
0.977824
0.856483
0.750228
1.28513
1.1207
1.03933
1.00179
1.18021
1.14942
1.04972
0.951657
1.10379
1.21493
1.28237
1.12968
1.28002
1.42029
1.30121
2.15003
2.48017
2.64367
2.25985
1.74438
1.86593
1.94023
2.16976
1.61108
1.40921
1.67124
1.27125
1.02837
0.621117
1.01687
1.63746
1.62524
1.57578
1.60948
1.57906
1.08474
0.966088
1.62042
1.51496
1.39657
1.44979
1.17888
1.29233
1.4575
0.80807
0.722987
0.855951
0.992588
1.32218
1.26001
1.51764
1.04785
1.41562
1.26042
1.4715
1.33944
1.64424
1.51713
2.00685
1.80382
1.89533
2.23184
1.91851
2.15583
2.35954
2.23539
2.35241
2.26203
2.13379
1.88622
1.94589
1.68691
1.79215
1.5302
1.73005
1.39277
1.84646
1.86677
1.8399
1.84088
1.56303
1.27009
0.842451
1.15003
1.04713
1.21692
1.40843
1.29629
1.17356
1.17037
1.25934
1.4815
1.62904
1.60576
1.18971
1.36594
1.39656
1.52428
1.70893
1.82356
1.83081
1.71263
1.9011
1.79871
2.02091
1.74722
1.83969
1.8518
1.56723
1.40753
1.39261
1.39896
1.11544
0.770051
1.27881
1.25024
1.39563
1.71524
1.82216
1.38607
1.3011
1.16294
0.870593
1.18032
1.30846
1.55956
1.28276
1.2918
1.3359
1.22411
1.35555
1.57542
0.921433
1.50815
1.28066
1.23308
1.13638
1.11201
1.46535
1.1387
0.88929
0.743434
0.897827
1.33132
1.5377
1.24898
1.26608
1.61114
1.72561
1.41302
2.00733
2.14105
2.34802
1.64169
1.50839
1.40324
1.53517
1.37935
1.76323
1.31749
1.49996
1.11371
0.791733
1.64468
1.61687
1.59728
1.48987
1.54033
1.48957
0.850713
0.736996
1.0091
0.896141
0.817643
1.14239
1.10015
0.819155
1.12092
1.00024
0.942588
1.25687
1.29924
0.972895
1.26081
0.964029
0.853008
1.02791
0.588866
0.814001
1.01407
1.05469
1.373
1.04718
0.986626
0.527846
0.598517
0.567884
1.14375
1.91387
1.58778
1.17399
1.45075
1.69248
1.40372
1.15307
0.978102
0.745573
0.77116
0.854483
0.961644
1.2086
0.889078
0.925725
0.715306
0.691276
0.665646
0.956582
1.36101
0.768043
0.781746
0.808921
1.07423
0.837074
0.75625
1.12013
1.47818
1.3568
1.41637
1.65494
1.5594
1.4218
1.50976
1.61031
1.17773
1.13615
0.908955
1.00542
1.17242
1.15217
1.33199
1.26724
0.945821
1.16377
1.32664
0.856378
0.78852
0.447395
0.436525
0.459965
0.444764
0.651188
0.598505
0.571898
0.604117
0.851261
0.982691
0.504188
0.0855655
0.452339
0.534704
0.527485
0.0129201
0.65179
0.595021
0.657606
0.886681
0.508661
0.996129
1.16388
0.409814
0.710569
0.552245
0.499031
0.731292
0.704725
0.527282
0.61456
0.640486
0.710554
0.828577
0.551105
0.785804
0.796963
0.887305
0.718355
0.724054
0.633475
0.472117
1.31863
1.74985
1.57065
1.69729
1.69717
1.04126
1.10697
1.29836
1.55225
1.61824
1.21201
0.990394
0.981157
0.923502
1.00465
1.00625
1.73011
1.59141
1.49755
1.24898
1.05184
1.35208
1.0418
1.49323
1.63503
1.44365
1.59685
1.42318
1.40351
1.17865
0.733323
0.978033
1.01912
1.64507
1.45647
1.28148
0.82224
0.655381
0.744631
0.827445
1.29606
1.74299
1.24169
1.14846
1.47434
1.45082
1.09459
1.16052
1.07022
0.875157
1.19489
1.12464
1.14736
1.12126
0.775412
0.608697
0.791066
0.563
1.05899
1.10126
1.21564
1.08746
1.03956
0.981897
0.502244
0.729608
0.497384
0.725799
0.88669
0.88967
1.00209
1.31965
1.41001
1.05736
1.058
0.990727
0.972171
0.746504
0.987005
1.40685
1.50324
1.50747
1.06113
1.07776
1.49586
1.46668
1.89044
1.78408
1.79613
1.82628
1.72331
1.68345
1.46186
1.53507
1.14295
0.839145
0.571592
0.82725
0.36606
0.801382
1.05774
1.29168
0.816772
1.3602
0.969239
0.767788
1.04104
1.2047
0.773997
0.786828
0.733157
0.950628
0.603921
0.80248
0.783598
0.530329
0.750082
0.408232
0.363169
0.308706
0.227009
0.429771
0.64115
0.640085
0.516877
0.298576
0.399623
0.456461
0.776539
0.521996
0.578505
0.336905
0.637219
1.07609
1.03287
1.2105
1.05568
0.654532
0.909007
0.809622
1.42629
1.02396
0.9594
0.799333
0.780361
0.735536
0.981751
0.97245
1.28781
1.58407
1.59641
2.01983
1.69274
1.8502
1.80309
2.06998
1.74721
1.80991
2.01711
1.89125
1.98027
1.73926
2.30968
1.69227
2.13873
2.428
2.25755
2.21691
2.10138
2.20714
2.1858
1.9947
1.84086
1.30872
1.45768
1.59712
1.31174
1.32565
1.28453
1.20067
1.30006
0.951874
0.993505
1.99854
1.90735
1.70685
1.7545
1.78269
2.19103
1.64796
1.44995
1.3142
1.58126
1.69881
1.79189
1.60074
2.01741
1.38205
1.48012
1.45249
1.26066
1.05975
1.21138
1.39116
1.39208
1.33638
1.24495
1.3577
1.69675
1.7168
2.07506
1.95531
1.58971
1.5141
1.43638
1.33589
1.52272
1.67072
1.53078
1.26208
1.4053
1.59032
1.7744
1.51844
1.95538
2.03736
1.975
1.81085
1.95628
1.50904
1.61196
1.30878
1.28043
1.28362
1.30792
1.21955
1.09118
1.1576
1.12361
1.04192
0.928012
0.910965
0.922882
0.817458
0.713019
0.75133
0.797838
0.961038
1.20686
0.909036
1.18356
1.3362
1.48028
1.37812
1.09466
1.12209
1.32382
1.34624
0.610913
0.849809
1.05251
1.35005
1.33539
1.29155
1.08762
1.04534
0.965668
0.486391
0.439621
0.850558
0.72255
0.33601
0.543576
0.310573
0.295331
0.612121
0.527406
0.843331
0.722043
0.717746
1.125
1.07656
1.27909
1.31746
1.46616
1.89294
1.76768
1.89377
1.86956
1.72978
1.24463
1.2782
1.3862
1.24786
0.939264
1.15399
0.929676
0.885636
1.08428
0.627718
0.276361
0.494902
1.02693
1.16168
1.01754
0.946328
0.802075
0.84048
1.22674
1.2615
1.30266
0.883903
1.20065
1.1208
1.60199
1.64114
1.78303
2.0479
1.70789
1.43406
1.84268
1.14126
1.43652
1.18153
0.852817
0.786061
0.786493
1.21019
1.11556
1.13422
1.2252
1.37691
1.03564
0.985491
1.30617
1.63319
1.44433
1.55459
1.74381
1.47913
1.03803
1.36657
1.06106
0.93091
0.381689
0.856812
0.582431
0.711734
1.05611
1.28349
1.41688
1.40853
1.78357
1.74787
1.41344
1.29043
1.63133
1.72439
2.13087
1.91441
1.74302
1.37309
1.03581
0.732745
0.759281
0.501249
0.77481
0.788809
0.862067
0.410207
0.481032
0.527005
0.756992
0.738429
0.890876
0.818118
0.817964
0.714481
1.02557
1.15254
1.09405
1.29875
1.30634
0.991086
0.467267
0.49036
0.357596
0.448496
0.431204
0.317695
0.350041
0.537932
0.53902
0.574279
0.787515
0.577124
0.53129
0.838921
0.817456
0.571694
0.662958
1.02831
1.23225
1.21683
1.12344
0.720292
0.620125
0.908386
0.925322
0.760301
0.967844
1.44796
1.10399
1.29729
1.0629
0.420935
0.678506
0.630095
1.52324
1.60956
1.73835
1.47013
1.63641
1.38761
1.54817
1.87091
1.31362
1.58837
1.70043
1.04232
1.34978
1.39805
1.57053
1.11143
0.853383
1.08505
1.61446
1.60741
1.56589
1.35373
1.26653
1.04718
0.647493
0.887584
0.859407
0.77852
0.700357
1.01267
1.47468
1.3211
1.08624
1.13837
1.01959
1.51358
1.32919
1.77799
1.4413
0.896983
0.913688
0.894608
1.44862
1.47709
1.8173
1.85998
1.65053
1.98109
1.63045
1.2971
1.44077
1.57168
1.9449
1.44234
1.63128
1.3286
1.26207
1.02784
0.897623
1.07923
1.1621
1.2857
1.04505
1.02695
1.48945
1.46174
1.51216
1.72443
1.66438
1.86857
1.87838
2.26876
2.05448
1.70144
2.01087
2.23636
2.20989
2.13302
2.10346
2.12034
1.83798
1.92424
1.97911
1.86862
2.13434
1.85187
2.56719
2.53633
2.1105
2.11719
2.00069
1.88298
1.42872
1.04344
0.712354
0.476632
1.21
1.19409
1.20012
1.03269
0.854817
0.96926
1.09045
1.16266
1.11194
0.963429
1.24992
1.34187
1.26306
1.74132
0.967625
0.710156
0.804689
0.734715
0.593462
0.816724
0.788264
0.980054
0.935552
0.966963
1.004
0.687147
0.766156
0.810335
1.13596
0.991906
1.11272
0.832598
1.45449
1.36112
1.30732
1.62623
1.5011
0.854545
0.963751
1.10737
0.683552
1.12897
0.731634
0.942686
0.837898
0.813298
0.664961
0.440859
0.344432
0.228826
0.51792
0.633286
0.747166
1.35796
1.41535
1.6097
1.46793
1.49181
1.7756
1.76991
1.9287
1.52356
1.26254
0.940771
0.988572
0.860376
0.708087
0.631481
0.872594
1.26631
1.11598
0.956183
1.50095
1.08283
0.803777
0.927558
0.739401
1.426
1.15309
0.718063
0.25065
0.313621
0.492596
0.51267
0.626378
0.90135
1.382
1.39769
0.838738
1.11026
1.23459
1.43935
0.952388
1.39115
1.68814
0.928643
0.660358
0.826438
0.8956
1.11718
1.01767
0.903212
1.12192
1.1579
1.02206
1.07622
0.783894
0.886668
0.661846
0.45938
0.409337
0.401226
0.664391
0.87234
1.11353
1.00979
1.00529
0.667812
0.613119
0.68585
0.763554
0.741974
0.547396
0.92644
1.52819
1.45515
0.924339
0.941831
1.19397
0.73225
0.999313
1.08298
1.42511
1.38711
1.51017
1.23604
0.960717
1.08564
0.925214
1.09649
1.05184
1.02023
0.877681
1.02788
1.15923
1.11921
0.908149
1.34482
1.30523
1.33774
1.41402
1.16852
1.13642
1.3171
1.5402
1.85088
2.09971
1.7933
1.52681
1.17383
1.28178
1.15154
1.07106
1.01728
1.11299
1.03545
0.934945
1.22849
0.927362
1.17306
0.988843
1.27238
1.20861
1.26878
1.46615
1.16439
1.0959
0.880991
1.0666
1.59399
1.56763
1.17661
1.33256
1.56807
1.92607
1.75207
1.84856
1.52904
1.71134
1.7809
1.68237
1.45872
1.24057
1.48828
1.29862
1.15524
1.55077
1.61602
1.76873
1.7544
1.58633
1.16422
1.15986
0.572925
0.703444
0.746139
1.18949
1.3806
1.83122
1.73421
1.99352
1.92758
1.59193
1.52101
1.36552
1.16809
1.3476
1.71012
1.68735
2.00124
1.71961
1.31896
1.30578
1.34561
1.25196
1.5527
1.59067
1.63885
1.46578
1.29894
1.03208
1.20544
1.20231
0.98235
1.31038
1.4745
1.30816
1.24556
1.11065
0.930461
0.950672
1.02819
0.819403
1.00086
1.36497
2.02648
1.62645
1.36619
1.33819
1.45498
1.33419
1.02574
0.97773
1.03304
0.991513
1.22863
1.17953
1.37378
1.60001
1.11695
0.847362
0.538797
0.713279
1.12916
1.49464
1.20191
0.83985
0.692642
0.602003
0.437725
0.716935
0.614128
0.495077
0.952585
1.12702
1.02015
0.998171
1.08573
1.21127
1.40853
1.40899
1.64017
1.29526
1.40854
0.986697
1.54413
1.06735
1.05463
1.07546
0.834704
1.0093
1.01704
0.965053
1.46635
1.17419
0.994447
1.54069
1.42117
1.14385
0.917048
0.834976
0.858801
1.05823
0.777314
0.907207
0.984824
0.922494
1.089
1.1876
1.37573
1.50271
1.3449
1.14712
1.1043
1.4098
0.976389
1.02294
0.604844
0.645634
0.512154
1.05793
1.1413
0.922286
0.590943
0.495218
0.592748
0.665418
0.409594
0.806827
1.15682
1.43498
1.30101
0.840298
1.14581
1.15461
1.47548
0.843661
0.878064
0.981456
0.71279
0.78176
0.634806
1.24917
0.895147
0.891003
1.01445
1.398
0.515736
0.970962
1.05423
0.553377
0.765903
0.720412
0.983997
0.695784
0.635973
0.469935
0.869158
0.909064
1.27552
1.2999
0.983472
1.67571
1.47991
1.74128
1.6898
1.67479
1.64595
1.24312
1.4058
1.84625
1.88622
2.06976
1.94478
1.3062
1.16031
0.857366
0.634256
0.43226
1.08878
1.22573
1.46414
1.59825
1.64882
1.77793
1.39934
0.894312
0.973267
1.41895
1.74107
1.28593
1.32764
1.19282
1.15844
1.69246
1.61131
1.42401
1.33641
1.24639
1.37976
1.2877
1.00212
0.906297
1.30651
0.872016
1.11415
1.17561
0.902078
0.690731
1.15065
0.944218
1.16328
1.40479
1.40843
1.18601
1.61631
1.37697
0.838924
1.05628
0.934777
0.983729
1.42335
1.87997
1.50036
1.4197
1.26776
1.18073
0.86872
1.13907
0.547078
1.04142
1.04442
1.08139
0.608723
0.748652
0.707733
1.02005
1.06707
0.669452
0.715762
0.71866
0.846208
1.1043
1.08597
0.937069
1.31831
1.41509
1.15925
1.06603
1.01724
1.21068
0.841076
1.38531
1.33538
1.21682
1.2714
1.38747
1.90509
1.84255
2.11318
1.81965
1.48702
1.18304
0.761904
0.788436
0.775044
0.69559
0.843082
0.786534
1.01864
0.616051
0.670064
0.524686
0.498982
0.897569
0.699621
0.878975
1.47809
1.87333
1.47166
1.24691
1.68171
1.55232
1.72349
1.54366
1.36786
1.22991
1.10832
1.262
1.42382
1.17943
1.52429
1.57178
1.90851
1.84896
1.71546
1.87051
1.85557
1.74323
1.67838
1.42309
1.47601
1.06288
0.859949
0.816924
0.969173
0.438195
0.645396
0.778267
0.303172
0.769423
0.821518
0.913212
1.103
0.919347
0.874114
0.711568
0.683164
0.916942
1.37143
1.58673
1.73829
1.34153
1.68203
1.52635
1.90681
1.52018
1.44647
1.45727
1.60733
1.49742
1.42279
1.3782
1.59057
1.73978
1.26374
1.22208
1.53334
1.05806
1.39049
1.38853
1.79457
2.27461
1.89187
1.86366
1.69665
2.01054
1.76725
1.72561
1.84521
1.8704
1.82108
2.0812
2.42643
2.57903
2.77703
2.65031
2.29679
1.90536
1.74651
2.36022
2.08656
1.63757
1.77555
1.9281
1.50386
1.62775
1.52969
1.62238
1.52202
1.06947
1.39955
1.26094
1.6405
1.2865
1.50351
1.46965
1.5484
1.79547
1.50258
1.42342
1.21737
1.01175
0.845575
0.792452
1.07743
1.08709
1.27233
1.65696
1.5887
1.15589
1.30615
1.23292
1.19116
1.52295
1.48614
1.36444
1.66631
1.63857
1.8411
1.73664
1.70996
1.5523
1.48496
1.64799
1.77993
2.00018
1.67851
1.48769
1.27354
1.87931
1.6257
1.38085
1.15773
0.760988
0.786463
1.2691
1.41099
1.37902
1.43544
1.49432
1.51691
1.35577
1.36245
1.2647
1.10202
1.42801
1.03645
0.963179
0.658246
0.642968
0.847595
0.623142
0.731193
1.09942
1.05857
0.733299
0.547828
0.396422
0.613862
0.940577
0.931905
1.07112
1.30021
1.25599
0.990958
0.833794
0.681551
0.656442
0.739249
0.567756
0.213415
0.166526
0.395131
0.326676
0.522691
0.214939
0.488861
0.39428
0.319549
0.434892
0.971505
1.16506
0.933824
0.884159
0.727888
0.712924
1.13693
1.31786
1.31879
1.16867
1.24176
1.25755
0.635705
0.473767
1.20482
0.936042
0.77796
0.689656
1.08826
0.764953
0.976265
0.984708
1.20276
1.77271
1.75395
1.96496
1.73252
1.5285
1.65447
1.28008
1.21467
1.17189
0.541113
1.10333
1.21648
1.02726
0.937668
0.726856
1.02382
1.29199
1.26642
1.10915
1.20931
1.18553
1.10103
1.05571
0.985852
0.825037
0.96795
1.0885
1.30471
0.978934
1.13521
1.38628
1.68828
1.7143
1.64355
1.84301
1.81505
1.31082
1.36792
1.37118
1.38456
1.40274
1.57071
1.705
1.55476
1.2186
1.18379
0.628914
0.750194
0.768792
0.460857
0.651994
1.00915
0.746399
0.567794
0.815511
0.948384
1.07155
0.953499
0.838086
1.02315
1.13226
1.14062
1.27286
0.871573
0.880941
1.01788
0.914659
0.298744
0.955244
1.30843
0.817912
0.991343
1.0016
1.16173
1.35992
1.08481
1.18254
1.23799
0.813013
0.647783
0.992302
0.53718
1.15359
1.14929
0.95818
1.03944
1.09475
1.44992
1.41515
0.900569
0.952565
1.04518
1.33139
1.175
1.32509
1.45556
1.50178
1.77862
1.4302
1.88611
1.74773
1.79103
1.67716
1.41098
1.00036
1.31116
1.44793
1.96956
1.89976
2.18371
1.82496
1.88954
1.80411
1.61014
1.94553
1.88349
1.86145
1.81058
1.66062
1.5523
1.47419
1.01421
1.67156
1.27269
1.26178
1.60846
1.71095
2.21468
1.94669
2.12641
2.1897
1.68598
1.1672
1.31848
1.17545
1.37486
1.99972
1.54037
1.2798
1.03476
0.929766
1.02204
0.92628
1.42374
1.23668
1.50589
1.28624
0.946398
1.1217
0.756035
0.873008
0.900404
1.00068
1.29912
1.21187
0.97857
0.698053
0.801396
0.780516
1.30685
1.42733
1.27901
1.33141
1.98502
1.36017
0.922865
1.25552
1.33654
1.6196
1.69227
1.49775
1.73418
1.69299
1.92482
1.72194
1.51024
1.58936
1.28386
1.13594
1.31325
1.34584
1.06936
1.28555
0.933459
0.837941
1.12698
1.54188
1.85457
1.08128
0.97083
1.13063
1.37159
1.14948
1.09218
0.907661
0.712364
0.949465
0.998585
0.736009
0.802769
0.871141
0.640414
0.65673
1.03355
1.12019
1.49915
1.53748
1.35889
1.08584
0.770876
0.936047
1.05612
0.861449
0.590337
0.580694
0.796475
0.879781
1.088
1.16726
1.47265
1.4063
1.31452
1.29502
0.951
0.940071
1.01266
0.973176
0.827808
1.17162
1.17855
1.34871
1.40612
1.28958
1.59454
1.57929
1.79438
1.34204
1.04152
1.39222
1.31656
1.25396
1.37532
1.23923
0.621027
0.180156
0.409544
0.839437
1.01357
1.05641
0.61879
0.663419
0.724324
0.878298
0.614105
1.28891
1.32445
1.51978
1.12783
1.11673
1.1007
1.03303
1.10535
1.44518
1.45106
1.40362
1.19533
1.16132
0.983398
1.19448
1.28082
1.32968
0.843365
0.850817
0.574961
1.28892
1.42384
1.60276
1.38049
0.667045
0.775841
0.857546
0.43456
0.567862
0.837029
0.933917
0.712881
0.735653
0.552156
0.875814
0.917471
1.26413
0.994078
0.960506
1.12701
1.47479
1.56567
1.58262
1.20317
1.58155
1.44341
1.14977
0.905647
0.646701
1.22631
1.57456
1.32264
0.844952
0.817843
1.24373
1.04903
1.15526
0.86817
0.725093
0.475666
0.325668
0.404947
0.299167
0.508155
0.773791
0.548291
0.652945
0.866514
1.10686
0.797172
0.760412
0.722084
0.970688
1.34076
0.78104
0.884373
1.20017
1.10865
1.18687
1.16908
0.521522
0.29357
0.73866
0.98992
0.899151
0.818806
0.68933
1.51389
1.25749
1.49339
1.32064
1.22071
1.5601
1.43813
0.90753
0.990036
0.836635
0.848864
1.0492
0.890818
1.13938
1.07627
1.47586
1.50152
1.463
1.51293
1.50505
1.68556
2.02866
1.8115
2.07244
1.90733
1.49514
1.7347
1.84448
1.70552
1.69139
1.80396
1.24527
1.50634
1.40749
1.39713
1.54667
1.70834
2.14049
1.9217
2.33257
2.29502
2.15297
2.27119
1.82321
1.82609
1.8342
1.76093
2.02406
2.14686
1.98364
1.4746
1.55516
1.62249
1.12251
0.871591
0.925919
1.1684
0.864479
0.623296
0.955695
0.993451
0.839539
0.7806
0.776918
0.894757
0.893694
0.96623
0.717181
0.614297
0.923864
0.72193
0.682223
0.144757
0.486831
0.265446
0.218187
0.136376
0.334704
0.417805
0.516868
0.834458
0.857162
0.736993
0.320855
0.197279
-0.0925824
0.154383
0.394072
0.307231
0.282379
-0.11078
0.0435538
0.26761
0.663917
0.713938
1.01264
0.931195
0.950544
1.08636
1.22301
1.10789
1.09034
0.733931
1.01556
1.17078
1.3059
1.34187
1.53015
1.63954
1.75416
1.99371
2.09793
1.95388
1.92468
1.49847
1.3398
1.36134
1.62408
1.55622
1.48773
1.01346
0.805848
1.03476
0.793022
0.957692
0.727159
0.750415
0.873623
1.01272
1.12779
1.23505
1.37579
1.81023
1.12625
1.31736
1.09708
1.45772
1.75196
1.64783
1.58527
0.957818
1.15959
1.06274
1.35977
1.28195
1.59798
1.28013
1.28688
1.46362
1.15802
1.04057
0.78638
1.12395
1.08565
1.28136
1.3102
1.34601
0.813517
0.852109
0.843369
0.627021
0.855156
0.645846
0.410554
0.577867
0.506532
0.779502
0.566593
0.753191
0.804196
0.735392
0.693239
0.456629
0.466803
0.908172
1.32197
1.49722
0.950365
0.896387
0.709179
0.838096
1.16414
0.742173
0.905407
0.992056
1.19016
1.93152
0.981285
1.35293
1.15616
1.00435
1.00724
0.649991
0.568367
0.352353
-0.0383469
-0.0111633
0.0254034
0.447916
0.302291
0.198552
0.410277
0.439602
0.769914
0.34786
0.447341
0.583163
0.482549
0.416116
0.711257
0.909242
0.513205
0.711687
0.531022
0.755699
0.788711
0.79992
0.988077
0.684597
0.774807
0.919165
1.12529
1.09762
1.29169
1.53217
1.56358
1.5722
1.45867
1.43573
1.95976
1.72712
2.11336
2.11257
1.94873
1.71425
1.76391
1.54373
1.27106
1.25241
0.788042
0.856014
0.922286
0.803342
1.33046
1.30483
1.17078
1.17381
0.839622
0.565237
0.741899
0.956246
0.965775
0.759235
0.862783
1.18946
0.740533
0.800311
1.31495
1.15185
1.65342
1.67326
1.59457
1.3357
0.822543
0.855075
1.39656
1.08953
0.873021
1.47799
1.36115
1.78372
1.66986
1.54275
1.48124
1.48792
1.49597
1.45567
1.46934
1.5109
1.19746
1.28654
1.53656
1.30961
0.891367
1.50015
1.28691
1.67067
1.11963
1.62516
1.71381
1.67242
1.49295
1.97153
1.44902
1.66027
1.86864
1.97452
2.29566
1.65791
1.86077
1.59422
1.53057
1.40823
1.19628
1.35828
1.27132
1.16718
0.785447
1.10738
0.887005
0.998197
1.12943
0.937566
0.605969
0.704203
0.848065
1.33284
1.62631
1.60599
1.57608
1.53732
1.03316
1.50397
1.17269
1.12155
1.13905
0.953376
1.27449
1.22941
0.923796
0.922339
1.06839
1.51434
1.00774
1.56107
1.4878
1.43777
1.44293
1.61167
0.948972
1.14301
0.7479
0.556886
0.242024
1.03655
1.2958
0.975353
1.4866
1.06873
0.824602
0.934281
0.763325
0.818258
0.879808
0.916576
1.23164
1.23063
1.29102
1.11079
0.902241
1.67357
1.73472
1.72117
1.49282
1.32003
1.12876
0.648045
0.772362
0.943636
0.61342
0.870554
1.01731
0.990624
0.997747
0.950461
0.795482
0.956382
0.7983
1.1261
1.07781
1.29728
1.02139
0.919452
0.469261
0.267258
0.402379
0.649586
1.0583
1.17899
1.46411
1.55521
1.22381
1.2423
1.54945
1.42005
1.34202
0.924689
0.955699
1.10437
0.871315
1.13178
1.2744
1.41196
1.21777
1.05941
0.861264
1.10784
1.31642
1.60022
1.47691
1.35157
1.24569
1.18106
1.13324
0.916224
1.30186
1.11103
1.48905
1.2284
1.48236
1.72748
1.43279
1.5125
1.49775
1.16987
1.36025
1.27423
1.54123
1.36705
1.03487
0.882327
0.871159
0.581169
0.145215
0.459356
1.0069
1.25122
0.856663
0.868074
0.936881
1.3597
1.08437
1.26685
1.10521
1.13685
1.09015
1.10075
1.37881
1.65968
1.66907
1.69224
1.43301
1.55818
1.76497
1.52924
1.8652
1.81651
1.377
1.73491
2.15071
1.99572
2.00028
1.73554
1.69237
1.41598
1.01987
1.24669
1.16252
0.968829
0.706166
0.788031
0.886924
1.23841
1.4872
1.76718
1.61215
1.44755
1.56031
1.46098
1.49438
1.48523
1.28843
1.40155
1.68143
1.77017
1.48728
1.58272
1.46097
1.53751
1.32865
1.26405
1.27905
0.996858
0.407526
0.399063
0.405619
0.43465
0.67785
0.39461
0.354976
0.281449
0.211654
0.792458
1.07641
1.26864
1.4845
1.12674
1.45324
1.10776
1.24205
0.918338
1.18992
1.02958
1.15686
1.77591
1.23268
1.01967
0.701804
0.697451
0.773897
0.9395
0.993526
0.778706
0.886774
0.847407
1.08353
1.03809
1.4051
1.28477
0.958257
1.00572
1.33422
1.6794
1.34221
1.0329
1.35137
1.162
1.5914
1.50637
1.29507
1.35281
0.915506
1.00452
1.00282
0.858629
0.84825
0.615417
0.455183
0.731978
0.763515
0.678927
1.33871
1.06668
0.955481
0.670185
0.796796
0.980209
1.16538
0.887295
1.07065
1.03938
1.07362
1.23549
0.731468
0.618479
0.581492
0.241811
0.507826
0.578927
0.721791
0.918782
1.12688
0.94119
1.08581
0.809467
0.800431
0.243752
0.397145
0.632362
0.70717
0.82034
0.933872
1.08929
0.974171
0.897066
1.25999
1.19466
0.712847
0.816685
0.754295
1.122
0.5334
0.303551
0.453368
0.679887
0.907655
0.998242
1.18719
0.771035
0.917597
0.701791
0.791425
0.56535
0.469724
0.802092
0.824872
1.02426
1.27819
0.625728
0.863711
0.977571
0.733042
0.983893
1.21591
1.8901
1.62746
1.46915
1.76
1.97782
2.08269
1.96494
2.04129
2.35839
3.23773
2.36968
2.11023
1.92247
2.20118
2.00758
1.91502
1.68717
2.08227
1.40567
0.923363
1.24522
1.29519
1.30295
1.26724
1.02554
1.1402
1.10804
1.07004
1.58413
1.16577
1.18831
1.29527
1.48548
1.41344
1.19483
1.65051
1.46061
0.920818
1.22019
1.10467
1.36447
0.996345
1.47838
1.74916
1.75723
1.68348
1.81831
1.81479
1.981
2.00121
2.02579
1.87719
1.73879
1.34897
0.975813
0.833409
0.557068
0.16007
0.487288
0.854448
0.173537
0.626716
0.822125
0.976606
1.19177
1.37815
1.06075
0.971365
1.33734
1.51625
1.62774
1.69287
1.73547
1.87681
1.90273
1.6793
1.85305
2.4349
2.225
1.98546
1.62589
1.98942
1.5258
2.07566
1.80796
1.72207
1.92831
1.63116
2.35967
2.21327
2.31374
2.17521
2.05622
2.25161
1.98418
1.69852
1.64749
1.48416
1.39505
1.31302
1.05159
1.16839
1.25376
1.49725
1.66069
1.83968
1.52711
1.73685
1.32018
0.992907
1.27248
1.15352
1.32662
1.14291
1.53103
1.24967
1.26214
1.15791
1.35879
1.893
2.1843
1.96671
1.96384
1.75242
1.9026
1.70718
1.59638
1.71127
1.98555
1.92935
2.01504
2.4272
2.03637
1.64222
1.17617
1.49649
1.33061
1.40032
1.49525
1.58258
1.55207
1.83163
1.74639
1.71422
1.43205
1.34373
1.11832
0.81377
0.619062
0.782697
0.592002
0.828705
1.29944
0.971625
1.42081
1.17585
1.51487
1.16387
1.46007
1.04016
1.22455
1.37976
1.51819
2.00712
1.49498
1.53822
1.66832
1.48418
1.5092
1.18143
1.44017
1.5393
2.21775
2.42002
2.5313
2.04122
1.93477
1.95793
1.30779
1.00714
0.628499
0.674834
0.860159
0.899291
1.08697
1.12614
0.980163
1.04203
0.958873
1.09278
1.0706
1.31275
1.20249
1.35278
1.38374
1.05938
1.54667
1.37298
1.5437
1.76064
2.03106
1.46624
1.80477
2.00565
2.1158
1.85787
1.63773
1.42828
1.31341
1.23609
1.46495
1.61555
1.71767
1.99466
1.85059
1.75174
2.00678
2.0111
1.79081
1.89359
1.37472
1.51948
1.25525
0.945842
0.883915
0.885054
0.967749
1.08067
0.996864
0.941136
1.39091
1.78999
1.32483
1.35147
1.21659
0.910226
1.069
1.09811
1.27015
1.19471
1.38683
1.84397
1.7131
1.42322
1.43631
1.30219
1.04749
1.00186
0.947915
1.19312
1.33155
1.63651
0.924496
0.88932
0.981273
0.850084
0.979971
0.514552
1.25558
0.945088
0.894165
1.02159
1.00145
1.05935
1.44944
1.37363
1.36242
1.49175
1.36071
1.27963
1.14751
1.02772
1.12366
1.23964
0.982175
1.1942
0.854634
0.882896
1.05094
1.58723
1.23834
1.30711
1.74531
1.95734
1.81153
1.54845
1.34927
1.57489
1.46273
1.49757
1.50774
1.45465
1.51155
1.34524
1.816
2.0615
1.83701
1.51941
1.32481
1.01789
1.04843
0.897065
1.15899
0.728239
0.996755
1.10604
1.15825
1.2296
1.26465
0.744413
1.23007
1.17565
1.3712
1.62191
1.85454
1.94425
1.52121
1.63373
1.63979
1.61283
1.60208
1.53005
1.37592
1.06526
1.14566
0.975853
0.99366
1.43561
1.04291
1.21955
1.45791
1.13061
1.04315
1.34103
1.36678
1.202
1.29392
1.17563
0.895125
0.767825
1.03685
1.03495
1.01161
1.02253
1.16941
1.08564
1.48831
1.25628
1.12014
0.936614
0.890982
0.72086
0.948066
0.915093
0.618752
1.01657
0.557313
1.0936
1.3299
0.674306
1.2102
1.44216
1.52801
0.897939
0.815703
0.746499
0.928315
1.12794
1.32803
0.904245
0.80152
0.506816
0.634205
0.588937
1.10675
1.20881
1.63284
1.36825
1.78802
1.8508
2.16495
1.75325
1.6797
1.5882
1.74979
1.85486
2.19536
2.36192
1.8794
2.01171
2.22074
2.53677
1.83454
1.85439
1.74788
1.38677
1.90456
1.64174
1.96222
1.85658
1.46023
1.29327
1.58686
1.34123
1.16688
1.43408
1.54551
1.38505
1.54637
1.79988
1.78423
2.13321
1.64495
1.71928
1.68429
1.90011
1.42719
2.04877
1.99058
2.55541
2.09196
2.04197
1.82208
1.92229
2.25971
2.23446
2.01326
2.12122
2.24473
2.26013
1.95671
2.26145
2.59191
2.07646
1.70549
1.6098
1.7289
2.03343
2.32301
2.15093
2.19707
2.251
2.24908
2.1768
2.31802
2.5119
2.75888
2.5596
2.06957
2.21291
2.31223
2.30847
2.16885
2.16555
1.98458
1.5858
1.64406
1.46251
1.11178
1.19013
1.83401
1.24469
1.55148
1.38552
1.46022
2.2487
1.99498
2.24999
2.20791
1.83494
2.28697
2.36047
2.15736
1.82019
2.33826
2.32517
1.73607
1.70167
2.11617
2.058
1.84602
1.76875
1.51489
1.57361
1.79062
2.04952
2.00558
1.95022
1.62602
1.69161
1.51471
1.54883
1.32616
2.08227
1.85696
1.67141
1.84847
1.6623
1.46932
2.22511
1.97542
1.97049
1.86188
2.17148
2.13921
2.16571
1.96965
1.90051
2.13335
1.60957
1.48426
2.03621
2.03847
2.21014
1.86658
2.0536
1.96011
2.03392
2.19144
1.96318
1.85762
2.01183
1.89368
2.03688
1.89583
1.27406
1.16286
1.23063
0.8999
1.33786
1.32019
1.15714
1.39012
1.35789
0.985263
0.788618
1.11637
1.26146
1.19638
1.16509
1.09634
1.36537
1.58183
1.31802
0.98424
1.36241
1.08883
1.05807
1.18597
1.22943
1.50395
1.38419
1.11131
1.23133
0.803882
0.952382
1.26029
1.51385
1.1767
1.19818
1.2464
1.09307
1.16449
1.45505
1.63649
1.34291
0.853647
0.735808
0.840368
0.340538
0.333432
0.925979
1.16348
1.42347
1.57523
1.70633
1.70223
1.39089
1.42298
1.62314
1.50481
1.19227
1.41994
1.24737
1.53853
1.08702
1.24892
0.637422
0.441609
0.285491
0.245511
0.55329
0.684125
0.782347
0.505567
0.514319
0.718871
0.529576
0.428334
0.577444
0.670248
1.00518
1.0742
1.11207
1.47169
1.22911
1.29289
0.993874
1.04453
0.546487
0.634589
0.884368
0.650695
0.546113
0.817937
0.895436
0.973977
1.04843
1.21841
1.16165
0.880642
1.06465
1.04917
0.973388
0.938255
1.65416
0.994222
1.13645
1.23052
1.39664
1.42573
0.601173
0.232231
0.590232
0.400747
0.417472
0.488813
0.622929
0.564198
1.12619
0.963482
0.634767
0.80096
1.28583
1.02835
1.16229
1.35626
1.50067
1.72026
1.68147
1.65684
2.03477
2.07531
1.64035
0.832242
1.13807
1.4294
1.41531
1.39328
1.48302
1.38333
1.86362
1.58932
1.49295
1.39734
1.42619
1.50161
1.90969
2.25641
2.07562
1.4642
1.19517
1.68988
1.6455
1.70243
1.34346
1.63098
1.66856
2.05475
1.6682
2.08898
2.31086
1.53812
1.14485
1.58296
1.81076
1.58236
1.38863
1.10514
1.16133
1.25843
1.29501
1.46282
1.61695
1.18988
1.43493
1.51666
1.48535
1.34122
1.38181
1.65285
1.55398
1.4525
1.79838
2.27055
1.82555
1.92261
2.08339
2.2054
1.83984
1.48586
1.39665
1.27135
1.44899
1.42663
0.909449
1.21128
0.976471
1.49205
1.30492
1.84938
1.78404
1.17464
1.34161
1.36834
2.00887
1.53298
1.46026
1.30945
1.75766
1.31991
0.964198
0.849834
1.06813
0.762884
1.13064
1.45515
1.33332
1.17834
1.53961
2.0423
1.82259
2.11553
1.50621
1.63281
1.53521
1.54935
1.59631
1.27937
1.73578
2.09944
1.91193
1.98765
1.51995
1.39055
1.69042
2.40642
2.60059
2.33546
1.86977
2.1964
2.13579
1.59236
1.72342
1.71511
2.00936
2.07412
1.97044
1.97302
1.84643
1.91749
1.68668
1.61235
1.86563
1.756
2.34073
2.23877
1.61408
1.66427
1.44115
1.28518
1.56621
1.65377
1.28043
1.38993
1.23958
1.66417
1.43461
1.16929
1.33074
1.20976
1.2367
1.22152
1.27541
0.878919
1.07251
0.812456
1.34602
1.93543
1.86247
2.10622
1.79242
1.98687
1.53793
1.26442
1.4585
1.4127
1.37321
1.47731
1.41979
1.24802
1.21637
1.4346
1.30115
1.51861
2.27607
2.21734
1.81641
1.81612
1.57729
1.53252
1.20008
1.17991
1.33694
1.71225
1.61195
1.61247
1.48147
1.90769
1.51132
1.46252
1.37525
1.47805
1.39995
1.72405
1.66238
1.82391
1.74796
1.71576
1.48706
1.32914
1.75322
1.56586
1.50432
1.59593
1.93404
1.52611
1.9605
1.78664
1.48556
1.76757
1.3296
1.31758
1.07513
1.68427
1.57352
1.28624
1.44594
1.89805
2.02914
1.86253
1.80994
1.83217
2.19559
2.56197
2.66607
2.29051
2.1693
2.13554
2.14292
2.25655
2.43268
2.31128
2.2235
1.49314
1.31412
1.38729
1.3257
1.73081
1.51831
1.10094
1.29752
1.23563
0.985109
1.01077
1.22538
0.804182
0.884221
0.895611
1.2228
1.44222
1.41143
1.37261
1.03345
0.94614
1.24769
0.946697
1.61809
1.1585
1.02306
1.30291
1.2099
0.936528
0.877261
1.56279
1.79799
1.4274
1.62739
1.19583
0.943341
0.842821
0.796295
0.727927
0.498195
1.14231
0.948823
1.37553
1.20524
0.764107
1.22271
1.57631
0.896463
1.20202
1.57011
1.28807
1.68772
1.17733
1.08965
0.830672
1.0157
0.794839
0.978328
1.02253
0.878381
0.86186
0.89021
0.792371
1.00309
1.2143
0.943717
1.06391
1.2868
1.92351
1.49561
2.3137
1.46693
1.548
1.11659
1.75505
1.45118
1.6194
1.05718
0.933514
1.0808
0.745231
0.848764
1.01596
1.6017
1.89622
1.71746
1.50973
1.54593
1.4358
1.58236
1.40976
1.04666
1.36984
1.81464
1.76182
1.94753
1.57258
1.12381
1.25821
1.10719
0.963644
0.843037
0.804759
0.99939
1.33772
1.14277
1.00507
1.18343
1.1993
0.967578
1.14912
1.42901
1.26314
0.879723
0.727904
1.00649
0.800381
0.936101
0.598485
0.395207
0.169861
0.62226
0.493162
0.379517
0.458283
0.840919
0.915364
0.944653
1.36252
0.879776
0.939859
0.991823
1.16732
1.41417
1.55846
1.50567
1.48175
1.32297
1.1645
1.29674
1.49107
1.12562
1.41588
1.1925
1.26154
1.30317
0.844065
1.09633
1.24437
1.38311
1.52639
1.19346
1.74863
1.77737
1.71321
1.82518
1.835
1.72503
1.51463
1.763
2.11122
1.6672
1.57349
1.38386
1.60802
1.72081
1.76383
1.67846
1.95823
1.95595
2.02856
2.18838
2.15684
1.60113
1.91368
1.67725
1.56915
1.37237
1.44705
1.86688
1.81744
1.63678
1.78467
1.53286
2.26628
2.18489
1.79186
1.49093
1.27967
0.903585
0.853419
0.793425
0.822803
0.7462
0.205728
0.52385
0.797468
0.670241
0.786346
0.650484
0.740576
0.675761
0.627222
0.739518
0.978951
1.01997
0.925253
1.12316
1.14818
1.00983
1.13631
0.542412
0.71456
0.6768
1.05584
0.71709
0.851268
0.874112
1.24488
1.48119
1.18414
0.947604
0.845422
1.07132
1.18762
1.19931
1.22924
1.06698
1.3531
1.89384
1.93653
1.62197
1.4138
1.25266
1.36166
1.54117
1.21827
1.03305
1.42848
0.772647
0.577079
0.476095
0.564902
0.0845717
0.141348
0.393652
0.992063
1.22029
1.3538
0.937635
1.27739
1.52122
1.58532
1.50238
1.26207
1.1652
1.67269
1.80687
1.485
1.41314
1.36016
1.25337
1.28289
0.874595
0.830907
1.04803
0.574117
0.505812
0.563759
0.531706
0.896717
0.886631
0.908125
0.273241
0.97254
0.87705
1.14875
1.07032
1.3858
1.44614
1.33045
1.12311
0.559775
0.675676
1.57682
1.19737
1.39597
1.37283
1.27341
1.15985
1.5898
1.23122
0.773047
1.14319
1.16344
1.27485
1.18702
1.36813
1.29791
1.65138
1.74163
1.45805
1.59968
1.58519
1.20367
1.19097
1.29991
1.34839
1.17228
1.31734
1.0105
0.853222
0.942452
0.98358
1.29602
1.18863
0.991737
0.964777
1.20787
1.65852
1.94686
1.88835
1.61792
1.17061
1.42283
1.59881
1.59989
1.88676
1.28732
1.68671
1.82087
1.837
1.75548
1.84574
1.7441
1.80595
1.71576
1.46214
1.0679
1.05573
1.11236
1.26142
1.29446
1.49154
