           0           0           0
  0.00231823           0           0
  0.00463647           0           0
   0.0069547           0           0
  0.00927294           0           0
   0.0115912           0           0
   0.0139094           0           0
   0.0162276           0           0
   0.0185459           0           0
   0.0208641           0           0
   0.0231823           0           0
   0.0255006           0           0
   0.0278188           0           0
    0.030137           0           0
   0.0324553           0           0
   0.0347735           0           0
   0.0370917           0           0
     0.03941           0           0
   0.0417282           0           0
   0.0440464           0           0
   0.0463647           0           0
   0.0486829           0           0
   0.0510011           0           0
   0.0533194           0           0
   0.0556376           0           0
   0.0579559           0           0
   0.0602741           0           0
   0.0625923           0           0
   0.0649106           0           0
   0.0672288           0           0
    0.069547           0           0
   0.0718653           0           0
   0.0741835           0           0
   0.0765017           0           0
     0.07882           0           0
   0.0811382           0           0
   0.0834564           0           0
   0.0857747           0           0
   0.0880929           0           0
   0.0904111           0           0
   0.0927294           0           0
   0.0950476           0           0
   0.0973658           0           0
   0.0996841           0           0
    0.102002           0           0
    0.104321           0           0
    0.106639           0           0
    0.108957           0           0
    0.111275           0           0
    0.113593           0           0
    0.115912           0           0
     0.11823           0           0
    0.120548           0           0
    0.122866           0           0
    0.125185           0           0
    0.127503           0           0
    0.129821           0           0
    0.132139           0           0
    0.134458           0           0
    0.136776           0           0
    0.139094           0           0
    0.141412           0           0
    0.143731           0           0
    0.146049           0           0
    0.148367           0           0
    0.150685           0           0
    0.153003           0           0
    0.155322           0           0
     0.15764           0           0
    0.159958           0           0
    0.162276           0           0
    0.164595           0           0
    0.166913           0           0
    0.169231           0           0
    0.171549           0           0
    0.173868           0           0
    0.176186           0           0
    0.178504           0           0
    0.180822           0           0
     0.18314           0           0
    0.185459           0           0
    0.187777           0           0
    0.190095           0           0
    0.192413           0           0
    0.194732           0           0
     0.19705           0           0
    0.199368           0           0
    0.201686           0           0
    0.204005           0           0
    0.206323           0           0
    0.208641           0           0
    0.210959           0           0
    0.213278           0           0
    0.215596           0           0
    0.217914           0           0
    0.220232           0           0
     0.22255           0           0
    0.224869           0           0
    0.227187           0           0
    0.229505           0           0
    0.231823           0           0
    0.234142           0           0
     0.23646           0           0
    0.238778           0           0
    0.241096           0           0
    0.243415           0           0
    0.245733           0           0
    0.248051           0           0
    0.250369           0           0
    0.252688           0           0
    0.255006           0           0
    0.257324           0           0
    0.259642           0           0
     0.26196           0           0
    0.264279           0           0
    0.266597           0           0
    0.268915           0           0
    0.271233           0           0
    0.273552           0           0
     0.27587           0           0
    0.278188           0           0
    0.280506           0           0
    0.282825           0           0
    0.285143           0           0
    0.287461           0           0
    0.289779           0           0
    0.292097           0           0
    0.294416           0           0
    0.296734           0           0
    0.299052           0           0
     0.30137           0           0
    0.303689           0           0
    0.306007           0           0
    0.308325           0           0
    0.310643           0           0
    0.312962           0           0
     0.31528           0           0
    0.317598           0           0
    0.319916           0           0
    0.322235           0           0
    0.324553           0           0
    0.326871           0           0
    0.329189           0           0
    0.331507           0           0
    0.333826           0           0
    0.336144           0           0
    0.338462           0           0
     0.34078           0           0
    0.343099           0           0
    0.345417           0           0
    0.347735           0           0
    0.350053           0           0
    0.352372           0           0
     0.35469           0           0
    0.357008           0           0
    0.359326           0           0
    0.361645           0           0
    0.363963           0           0
    0.366281           0           0
    0.368599           0           0
    0.370917           0           0
    0.373236           0           0
    0.375554           0           0
    0.377872           0           0
     0.38019           0           0
    0.382509           0           0
    0.384827           0           0
    0.387145           0           0
    0.389463           0           0
    0.391782           0           0
      0.3941           0           0
    0.396418           0           0
    0.398736           0           0
    0.401054           0           0
    0.403373           0           0
    0.405691           0           0
    0.408009           0           0
    0.410327           0           0
    0.412646           0           0
    0.414964           0           0
    0.417282           0           0
      0.4196           0           0
    0.421919           0           0
    0.424237           0           0
    0.426555           0           0
    0.428873           0           0
    0.431192           0           0
     0.43351           0           0
    0.435828           0           0
    0.438146           0           0
    0.440464           0           0
    0.442783           0           0
    0.445101           0           0
    0.447419           0           0
    0.449737           0           0
    0.452056           0           0
    0.454374           0           0
    0.456692           0           0
     0.45901           0           0
    0.461329           0           0
    0.463647           0           0
    0.465965           0           0
    0.468283           0           0
    0.470602           0           0
     0.47292           0           0
    0.475238           0           0
    0.477556           0           0
    0.479874           0           0
    0.482193           0           0
    0.484511           0           0
    0.486829           0           0
    0.489147           0           0
    0.491466           0           0
    0.493784           0           0
    0.496102           0           0
     0.49842           0           0
    0.500739           0           0
    0.503057           0           0
    0.505375           0           0
    0.507693           0           0
    0.510011           0           0
     0.51233           0           0
    0.514648           0           0
    0.516966           0           0
    0.519284           0           0
    0.521603           0           0
    0.523921           0           0
    0.526239           0           0
    0.528557           0           0
    0.530876           0           0
    0.533194           0           0
    0.535512           0           0
     0.53783           0           0
    0.540149           0           0
    0.542467           0           0
    0.544785           0           0
    0.547103           0           0
    0.549421           0           0
     0.55174           0           0
    0.554058           0           0
    0.556376           0           0
    0.558694           0           0
    0.561013           0           0
    0.563331           0           0
    0.565649           0           0
    0.567967           0           0
    0.570286           0           0
    0.572604           0           0
    0.574922           0           0
     0.57724           0           0
    0.579559           0           0
    0.581877           0           0
    0.584195           0           0
    0.586513           0           0
    0.588831           0           0
     0.59115           0           0
    0.593468           0           0
    0.595786           0           0
    0.598104           0           0
    0.600423           0           0
    0.602741           0           0
    0.605059           0           0
    0.607377           0           0
    0.609696           0           0
    0.612014           0           0
    0.614332           0           0
     0.61665           0           0
    0.618968           0           0
    0.621287           0           0
    0.623605           0           0
    0.625923           0           0
    0.628241           0           0
     0.63056           0           0
    0.632878           0           0
    0.635196           0           0
    0.637514           0           0
    0.639833           0           0
    0.642151           0           0
    0.644469           0           0
    0.646787           0           0
    0.649106           0           0
    0.651424           0           0
    0.653742           0           0
     0.65606           0           0
    0.658378           0           0
    0.660697           0           0
    0.663015           0           0
    0.665333           0           0
    0.667651           0           0
     0.66997           0           0
    0.672288           0           0
    0.674606           0           0
    0.676924           0           0
    0.679243           0           0
    0.681561           0           0
    0.683879           0           0
    0.686197           0           0
    0.688516           0           0
    0.690834           0           0
    0.693152           0           0
     0.69547           0           0
    0.697788           0           0
    0.700107           0           0
    0.702425           0           0
    0.704743           0           0
    0.707061           0           0
     0.70938           0           0
    0.711698           0           0
    0.714016           0           0
    0.716334           0           0
    0.718653           0           0
    0.720971           0           0
    0.723289           0           0
    0.725607           0           0
    0.727925           0           0
    0.730244           0           0
    0.732562           0           0
     0.73488           0           0
    0.737198           0           0
    0.739517           0           0
    0.741835           0           0
    0.744153           0           0
    0.746471           0           0
     0.74879           0           0
    0.751108           0           0
    0.753426           0           0
    0.755744           0           0
    0.758063           0           0
    0.760381           0           0
    0.762699           0           0
    0.765017           0           0
    0.767335           0           0
    0.769654           0           0
    0.771972           0           0
     0.77429           0           0
    0.776608           0           0
    0.778927           0           0
    0.781245           0           0
    0.783563           0           0
    0.785881           0           0
      0.7882           0           0
    0.790518           0           0
    0.792836           0           0
    0.795154           0           0
    0.797473           0           0
    0.799791           0           0
    0.802109           0           0
    0.804427           0           0
    0.806745           0           0
    0.809064           0           0
    0.811382           0           0
      0.8137           0           0
    0.816018           0           0
    0.818337           0           0
    0.820655           0           0
    0.822973           0           0
    0.825291           0           0
     0.82761           0           0
    0.829928           0           0
    0.832246           0           0
    0.834564           0           0
    0.836882           0           0
    0.839201           0           0
    0.841519           0           0
    0.843837           0           0
    0.846155           0           0
    0.848474           0           0
    0.850792           0           0
     0.85311           0           0
    0.855428           0           0
    0.857747           0           0
    0.860065           0           0
    0.862383           0           0
    0.864701           0           0
     0.86702           0           0
    0.869338           0           0
    0.871656           0           0
    0.873974           0           0
    0.876292           0           0
    0.878611           0           0
    0.880929           0           0
    0.883247 7.38827e-06 7.31401e-06
    0.885565 5.87975e-05 2.62127e-05
    0.887884 5.11798e-05 3.87021e-05
    0.890202 7.27342e-05 3.41154e-05
     0.89252 0.000115772 4.02088e-05
    0.894838 0.000136769 3.79401e-05
    0.897157 0.000236321 6.83964e-05
    0.899475 0.000484461 8.71163e-05
    0.901793 0.000609558 8.96779e-05
    0.904111  0.00103659 0.000107134
     0.90643  0.00144522 0.000149036
    0.908748  0.00187063 0.000168609
    0.911066  0.00309726 0.000301562
    0.913384  0.00352377   0.0002631
    0.915702  0.00491524 0.000254123
    0.918021  0.00674407 0.000249825
    0.920339  0.00937792  0.00046568
    0.922657    0.012527 0.000412219
    0.924975    0.016298  0.00046862
    0.927294   0.0208759 0.000409106
    0.929612   0.0274359 0.000592876
     0.93193   0.0355567 0.000756027
    0.934248   0.0430156    0.000723
    0.936567   0.0557828 0.000741412
    0.938885   0.0702286 0.000954613
    0.941203   0.0852866  0.00126715
    0.943521    0.104464  0.00143356
    0.945839    0.125913  0.00132177
    0.948158    0.153937      0.0016
    0.950476    0.182523  0.00187662
    0.952794    0.213826  0.00215078
    0.955112    0.251574  0.00188761
    0.957431     0.29679  0.00227653
    0.959749    0.345266  0.00242025
    0.962067    0.401526  0.00221204
    0.964385    0.458079  0.00241469
    0.966704    0.528435  0.00313811
    0.969022    0.596647  0.00329083
     0.97134    0.672954  0.00377467
    0.973658    0.752092  0.00326194
    0.975977    0.845919  0.00326662
    0.978295     0.94044  0.00397459
    0.980613     1.04449  0.00413363
    0.982931      1.1532  0.00502791
    0.985249     1.25996   0.0045716
    0.987568       1.388  0.00400452
    0.989886     1.50468   0.0046133
    0.992204     1.63796  0.00490486
    0.994522      1.7663  0.00470358
    0.996841     1.89953  0.00515166
    0.999159     2.04365  0.00537341
     1.00148     2.18315  0.00478993
      1.0038     2.32821  0.00605312
     1.00611     2.47127  0.00590255
     1.00843     2.60928  0.00555181
     1.01075     2.75689  0.00790704
     1.01307     2.90728  0.00612016
     1.01539     3.03909  0.00705103
      1.0177     3.19217   0.0064812
     1.02002     3.33304  0.00694693
     1.02234     3.46334  0.00748637
     1.02466     3.61318  0.00676048
     1.02698     3.74266   0.0067643
      1.0293     3.85749  0.00713481
     1.03161     3.97787  0.00740372
     1.03393      4.0837  0.00636137
     1.03625     4.20154  0.00706168
     1.03857     4.29212  0.00699922
     1.04089     4.39682  0.00710294
     1.04321     4.46664  0.00790782
     1.04552     4.56248  0.00654276
     1.04784     4.63096  0.00622579
     1.05016     4.70271  0.00692053
     1.05248      4.7506  0.00787838
      1.0548     4.81369  0.00739629
     1.05711     4.83446  0.00832722
     1.05943     4.87414  0.00796695
     1.06175     4.90127  0.00691768
     1.06407     4.91024  0.00892574
     1.06639      4.9425   0.0068108
     1.06871     4.94468  0.00795721
     1.07102     4.93693  0.00618034
     1.07334     4.92091  0.00692331
     1.07566     4.89587  0.00875051
     1.07798     4.86512   0.0073094
      1.0803     4.83746  0.00864344
     1.08262     4.79559  0.00780138
     1.08493     4.74348  0.00669832
     1.08725     4.70073  0.00713568
     1.08957     4.66082   0.0064436
     1.09189     4.59402  0.00739847
     1.09421     4.51403  0.00736968
     1.09652      4.4601  0.00766246
     1.09884     4.38417  0.00679013
     1.10116     4.30354  0.00749534
     1.10348     4.21345  0.00687798
      1.1058     4.13065  0.00671995
     1.10812     4.04431  0.00676865
     1.11043     3.95223  0.00669954
     1.11275     3.85961  0.00718614
     1.11507     3.76256  0.00627349
     1.11739      3.6659  0.00612405
     1.11971     3.58892  0.00716375
     1.12203      3.4826  0.00656382
     1.12434     3.38197   0.0061635
     1.12666     3.27941  0.00559772
     1.12898     3.18041  0.00538648
      1.1313     3.09057  0.00638746
     1.13362     2.98414   0.0050625
     1.13593     2.88532  0.00632994
     1.13825     2.78468  0.00460449
     1.14057     2.68432  0.00593318
     1.14289     2.59039  0.00537107
     1.14521     2.50432  0.00520796
     1.14753     2.40877  0.00532614
     1.14984     2.33141  0.00524904
     1.15216     2.22395  0.00399122
     1.15448     2.13844  0.00468177
      1.1568     2.06069  0.00451867
     1.15912     1.96452  0.00477449
     1.16144     1.88033  0.00465672
     1.16375     1.80486  0.00434789
     1.16607      1.7278  0.00399721
     1.16839     1.64465  0.00398093
     1.17071     1.57698   0.0043632
     1.17303     1.50846  0.00344716
     1.17534     1.43639  0.00372056
     1.17766     1.36193  0.00344026
     1.17998      1.3003  0.00372001
      1.1823     1.24159  0.00342781
     1.18462     1.17872  0.00381715
     1.18694     1.10944  0.00298475
     1.18925     1.06201  0.00333347
     1.19157     1.00701  0.00332105
     1.19389    0.956779  0.00260398
     1.19621    0.902451  0.00223149
     1.19853    0.853197  0.00263631
     1.20085    0.811324  0.00281493
     1.20316    0.766857  0.00261036
     1.20548    0.721925  0.00238081
      1.2078    0.680834  0.00323265
     1.21012      0.6421  0.00222103
     1.21244    0.604858  0.00204093
     1.21475    0.571569  0.00208425
     1.21707     0.54118  0.00223162
     1.21939      0.5053  0.00252071
     1.22171     0.48093  0.00225741
     1.22403    0.449272   0.0023087
     1.22635    0.419061  0.00204875
     1.22866    0.391592  0.00175268
     1.23098    0.369481  0.00192612
      1.2333    0.345209  0.00187935
     1.23562    0.325407  0.00195956
     1.23794    0.303697  0.00192047
     1.24026    0.286604  0.00165096
     1.24257      0.2662  0.00171825
     1.24489    0.248264  0.00172693
     1.24721    0.231772  0.00166057
     1.24953    0.213956  0.00150211
     1.25185     0.20149  0.00132237
     1.25416    0.189272  0.00153057
     1.25648    0.172615  0.00121439
      1.2588    0.164059  0.00136881
     1.26112    0.150625  0.00138799
     1.26344    0.141343   0.0013432
     1.26576    0.130792  0.00147609
     1.26807    0.121228  0.00129976
     1.27039    0.112501  0.00110722
     1.27271    0.105882  0.00116691
     1.27503   0.0998945 0.000994079
     1.27735   0.0949967 0.000839049
     1.27967   0.0856457 0.000955118
     1.28198   0.0794645 0.000920976
      1.2843   0.0757438  0.00093885
     1.28662   0.0703244 0.000881094
     1.28894   0.0663636 0.000767811
     1.29126   0.0615693 0.000931404
     1.29357   0.0592531 0.000745115
     1.29589   0.0552217 0.000897041
     1.29821   0.0520025 0.000745163
     1.30053   0.0514422 0.000702281
     1.30285   0.0481499 0.000698534
     1.30517   0.0461538 0.000727401
     1.30748   0.0447689 0.000574344
      1.3098   0.0435011 0.000640221
     1.31212   0.0423357 0.000562539
     1.31444   0.0414521 0.000608413
     1.31676   0.0405711 0.000729905
     1.31908   0.0422125 0.000611535
     1.32139   0.0407332 0.000599794
     1.32371   0.0419241 0.000661391
     1.32603    0.042142 0.000616796
     1.32835     0.04328  0.00060778
     1.33067   0.0440841 0.000734229
     1.33298   0.0443011 0.000565321
      1.3353    0.046985 0.000677933
     1.33762   0.0481637 0.000697176
     1.33994   0.0507671 0.000524573
     1.34226   0.0523339 0.000645963
     1.34458    0.055332 0.000704988
     1.34689   0.0586558 0.000697005
     1.34921   0.0610501 0.000813547
     1.35153    0.064552 0.000791503
     1.35385   0.0685049 0.000638888
     1.35617   0.0728538 0.000765135
     1.35849   0.0750596 0.000925947
      1.3608   0.0817797  0.00090375
     1.36312   0.0870162 0.000785152
     1.36544    0.090815 0.000789498
     1.36776   0.0954295 0.000809803
     1.37008    0.101297 0.000994941
     1.37239    0.107948 0.000948622
     1.37471    0.113989 0.000974595
     1.37703    0.121222 0.000974915
     1.37935    0.128502 0.000975574
     1.38167    0.134989  0.00116111
     1.38399    0.142739  0.00108881
      1.3863    0.151764  0.00110427
     1.38862     0.15962 0.000861025
     1.39094    0.167453  0.00117796
     1.39326    0.178191  0.00111601
     1.39558    0.187476  0.00104006
      1.3979    0.200773  0.00103974
     1.40021    0.209455   0.0013049
     1.40253    0.219097   0.0012895
     1.40485    0.229042  0.00141075
     1.40717    0.239681  0.00134165
     1.40949    0.254465  0.00139533
      1.4118     0.26835  0.00147286
     1.41412    0.278842  0.00139797
     1.41644    0.295018  0.00141148
     1.41876    0.305454  0.00132636
     1.42108    0.319613  0.00136251
      1.4234     0.33556  0.00153613
     1.42571    0.349343  0.00133175
     1.42803     0.36369  0.00143241
     1.43035    0.378615   0.0015376
     1.43267    0.396681  0.00149187
     1.43499    0.412669  0.00158048
     1.43731    0.431434  0.00152146
     1.43962    0.442149  0.00175047
     1.44194    0.462898  0.00187038
     1.44426     0.47985  0.00139055
     1.44658    0.498652  0.00148875
      1.4489    0.510699  0.00197188
     1.45121    0.532428  0.00173049
     1.45353    0.551894  0.00184872
     1.45585    0.564703  0.00161326
     1.45817    0.584863  0.00190473
     1.46049     0.60625  0.00168469
     1.46281    0.618844  0.00181417
     1.46512    0.638373  0.00183652
     1.46744    0.658255  0.00210628
     1.46976    0.672622  0.00180639
     1.47208    0.692907  0.00143629
      1.4744    0.708772  0.00210389
     1.47672    0.727984  0.00222564
     1.47903    0.743591  0.00206241
     1.48135     0.75864  0.00222528
     1.48367    0.778891  0.00230275
     1.48599    0.790454  0.00210494
     1.48831    0.808413  0.00215261
     1.49062    0.827949  0.00228975
     1.49294    0.841597  0.00198178
     1.49526    0.854375  0.00227441
     1.49758    0.868426  0.00231243
      1.4999    0.877672  0.00208458
     1.50222    0.898117  0.00208084
     1.50453    0.900582  0.00225225
     1.50685     0.91336  0.00219419
     1.50917    0.921325  0.00245703
     1.51149    0.934508  0.00229121
     1.51381    0.932836  0.00235135
     1.51613    0.943001  0.00266791
     1.51844    0.954293  0.00242797
     1.52076    0.959781  0.00245148
     1.52308    0.959819  0.00284517
      1.5254    0.965342  0.00249725
     1.52772    0.970353  0.00233839
     1.53003    0.977542  0.00270647
     1.53235    0.972424   0.0027354
     1.53467    0.974555  0.00259055
     1.53699    0.976023  0.00286812
     1.53931    0.968972   0.0026926
     1.54163    0.965116  0.00246311
     1.54394    0.966146  0.00235796
     1.54626    0.963596  0.00271964
     1.54858    0.954348  0.00259664
      1.5509    0.947507  0.00239486
     1.55322    0.942224  0.00268003
     1.55554    0.932986  0.00274812
     1.55785    0.923996  0.00233014
     1.56017     0.91313  0.00234656
     1.56249      0.9021  0.00224151
     1.56481    0.891749  0.00195341
     1.56713    0.881718  0.00211014
     1.56944    0.869514  0.00238871
     1.57176     0.85957  0.00234907
     1.57408    0.842286  0.00268674
      1.5764    0.825882  0.00249791
     1.57872    0.810828  0.00204463
     1.58104    0.796613  0.00235003
     1.58335    0.779622  0.00231861
     1.58567    0.764044  0.00224427
     1.58799    0.747041  0.00174555
     1.59031    0.729476  0.00202545
     1.59263    0.713637  0.00218068
     1.59495    0.695183  0.00194717
     1.59726    0.681798  0.00207057
     1.59958    0.663324  0.00187338
      1.6019    0.644609  0.00182467
     1.60422     0.62594  0.00190844
     1.60654    0.607556  0.00168813
     1.60885    0.586293  0.00157425
     1.61117    0.570788  0.00199895
     1.61349    0.550994  0.00141058
     1.61581     0.53246  0.00166326
     1.61813    0.515955  0.00171781
     1.62045     0.49802  0.00158698
     1.62276    0.481183   0.0019188
     1.62508    0.466527  0.00168741
      1.6274    0.448879  0.00157482
     1.62972    0.431806  0.00156189
     1.63204    0.416928  0.00156748
     1.63436     0.39796  0.00134893
     1.63667    0.385235  0.00134768
     1.63899    0.367002  0.00132254
     1.64131    0.356091  0.00131132
     1.64363    0.340789  0.00124204
     1.64595    0.326615  0.00110221
     1.64826    0.314935  0.00140885
     1.65058    0.299527  0.00117217
      1.6529    0.289597   0.0013598
     1.65522    0.279845  0.00120572
     1.65754    0.266793  0.00115971
     1.65986     0.25886  0.00106384
     1.66217     0.25025  0.00134609
     1.66449    0.239118   0.0012645
     1.66681    0.229865  0.00116598
     1.66913    0.224931  0.00135563
     1.67145    0.215969  0.00102485
     1.67376      0.2105  0.00136063
     1.67608    0.204468  0.00106304
      1.6784    0.199119  0.00113529
     1.68072    0.194728  0.00115683
     1.68304    0.193214  0.00125419
     1.68536    0.190635 0.000972946
     1.68767    0.190783  0.00141971
     1.68999    0.187447  0.00132871
     1.69231    0.186808  0.00126325
     1.69463    0.189709  0.00131831
     1.69695    0.191821   0.0012974
     1.69927    0.193401  0.00123971
     1.70158    0.196313  0.00112901
      1.7039    0.203122  0.00124106
     1.70622    0.208653  0.00128536
     1.70854    0.217174  0.00138308
     1.71086    0.222967   0.0015123
     1.71317    0.232764  0.00123165
     1.71549    0.241992  0.00128321
     1.71781    0.253944  0.00156839
     1.72013    0.267909  0.00154622
     1.72245     0.27933  0.00165568
     1.72477    0.294516  0.00141082
     1.72708    0.309969  0.00141372
      1.7294     0.32752  0.00167665
     1.73172    0.345782  0.00171494
     1.73404    0.364019  0.00137343
     1.73636       0.388  0.00184139
     1.73868    0.408043  0.00177633
     1.74099    0.434781  0.00147433
     1.74331    0.461196  0.00186801
     1.74563    0.486478  0.00180634
     1.74795    0.517579  0.00165527
     1.75027    0.547869  0.00196199
     1.75258    0.577174  0.00174905
      1.7549    0.609838  0.00240367
     1.75722    0.643648  0.00223508
     1.75954    0.679049  0.00247761
     1.76186    0.717215  0.00225252
     1.76418    0.753835  0.00224293
     1.76649    0.792533  0.00221497
     1.76881    0.838996  0.00241001
     1.77113    0.878787  0.00218531
     1.77345    0.921211  0.00222344
     1.77577    0.967517  0.00251274
     1.77809     1.01614  0.00252395
      1.7804     1.06496  0.00205928
     1.78272     1.11065   0.0022574
     1.78504     1.16606  0.00236661
     1.78736     1.21445   0.0021193
     1.78968     1.26472   0.0025096
     1.79199     1.31634  0.00249621
     1.79431     1.36645   0.0025261
     1.79663     1.42676   0.0022436
     1.79895     1.47291  0.00275508
     1.80127      1.5361  0.00266096
     1.80359     1.58352  0.00252357
      1.8059     1.64033  0.00304142
     1.80822     1.69555  0.00281602
     1.81054     1.74766   0.0025088
     1.81286     1.80371  0.00300557
     1.81518     1.85944  0.00251027
      1.8175     1.90899   0.0030665
     1.81981     1.96769  0.00266281
     1.82213     2.01713  0.00286946
     1.82445     2.06774  0.00305623
     1.82677     2.11865  0.00323978
     1.82909     2.17222  0.00264416
      1.8314     2.21611  0.00312452
     1.83372     2.26086  0.00311635
     1.83604     2.30947  0.00329214
     1.83836     2.34839  0.00294133
     1.84068     2.38925  0.00283971
       1.843     2.43423  0.00361455
     1.84531     2.46841  0.00391136
     1.84763     2.50594  0.00266747
     1.84995     2.53765  0.00325326
     1.85227     2.56573  0.00334605
     1.85459     2.59723  0.00331802
     1.85691     2.61854  0.00394004
     1.85922     2.64582  0.00388069
     1.86154     2.66529  0.00432409
     1.86386     2.68858  0.00376213
     1.86618     2.69488  0.00395877
      1.8685     2.70249  0.00410091
     1.87081     2.71058  0.00331282
     1.87313     2.72237  0.00308929
     1.87545     2.72993  0.00387155
     1.87777     2.72541  0.00342492
     1.88009      2.7177  0.00410103
     1.88241     2.71741  0.00370718
     1.88472     2.70811  0.00391372
     1.88704     2.69789  0.00431591
     1.88936      2.6838  0.00383527
     1.89168     2.66674  0.00414547
       1.894     2.65055  0.00372119
     1.89632     2.62556  0.00383017
     1.89863     2.60258  0.00379819
     1.90095     2.57841  0.00367732
     1.90327     2.54385   0.0041583
     1.90559      2.5198  0.00328842
     1.90791     2.48072  0.00360228
     1.91022     2.44927  0.00312088
     1.91254      2.4088  0.00366507
     1.91486     2.37131  0.00303163
     1.91718     2.33047  0.00357025
      1.9195     2.29425  0.00301953
     1.92182     2.24055  0.00347127
     1.92413     2.20014  0.00316704
     1.92645     2.15337  0.00300585
     1.92877     2.10434  0.00302513
     1.93109     2.05598    0.002739
     1.93341     2.00951  0.00217941
     1.93573     1.95746   0.0026365
     1.93804      1.9047  0.00226603
     1.94036     1.85714  0.00311809
     1.94268     1.80879  0.00254841
       1.945     1.75615  0.00221286
     1.94732     1.70298  0.00254307
     1.94963     1.64659   0.0025996
     1.95195     1.60153  0.00285097
     1.95427     1.55073  0.00236546
     1.95659     1.49901  0.00215288
     1.95891      1.4495  0.00208329
     1.96123     1.40385  0.00219345
     1.96354     1.35253  0.00230594
     1.96586     1.30034  0.00212297
     1.96818     1.25618  0.00184067
      1.9705     1.20841  0.00221708
     1.97282     1.16035  0.00210014
     1.97514     1.11898  0.00180588
     1.97745     1.06982  0.00175435
     1.97977     1.03207  0.00189484
     1.98209    0.988887  0.00191406
     1.98441    0.951918  0.00164015
     1.98673    0.912185  0.00216063
     1.98904    0.874442  0.00212117
     1.99136    0.840404  0.00232711
     1.99368     0.80129   0.0016085
       1.996    0.769705  0.00182208
     1.99832    0.737206  0.00204435
     2.00064    0.705688  0.00218644
     2.00295    0.683329  0.00183838
     2.00527    0.652497  0.00187696
     2.00759    0.624601  0.00163109
     2.00991    0.601004  0.00200924
     2.01223    0.579368  0.00188995
     2.01455    0.558199  0.00188623
     2.01686    0.539083  0.00174627
     2.01918    0.523977  0.00191841
      2.0215    0.505735   0.0021034
     2.02382    0.489064  0.00208079
     2.02614    0.478078  0.00172227
     2.02845    0.466868  0.00194398
     2.03077    0.455678  0.00183161
     2.03309     0.44621  0.00157983
     2.03541    0.441076  0.00174507
     2.03773    0.433604  0.00182598
     2.04005    0.429455  0.00167481
     2.04236    0.427428  0.00159484
     2.04468    0.424636  0.00152207
       2.047     0.42516  0.00151729
     2.04932    0.425802  0.00169663
     2.05164    0.428369  0.00175717
     2.05396    0.430789  0.00179512
     2.05627     0.43649  0.00132892
     2.05859    0.442227  0.00157313
     2.06091     0.44982  0.00177212
     2.06323    0.457132  0.00150015
     2.06555    0.465075  0.00162374
     2.06786    0.476978  0.00145533
     2.07018    0.489889  0.00162645
      2.0725    0.498211  0.00167602
     2.07482    0.511187  0.00140583
     2.07714    0.524327  0.00156219
     2.07946    0.541153   0.0016132
     2.08177     0.55365  0.00181314
     2.08409    0.570128  0.00143709
     2.08641    0.585596  0.00173451
     2.08873    0.601784  0.00145618
     2.09105    0.619316   0.0014975
     2.09337    0.634573  0.00145357
     2.09568    0.652842  0.00158506
       2.098    0.668632  0.00113477
     2.10032    0.687463  0.00131903
     2.10264    0.708889  0.00172331
     2.10496    0.723267  0.00137317
     2.10727    0.744055  0.00145777
     2.10959    0.758614  0.00172921
     2.11191    0.779332  0.00163253
     2.11423    0.793872  0.00136167
     2.11655    0.809068  0.00151275
     2.11887    0.831245  0.00145354
     2.12118     0.84976  0.00164266
      2.1235    0.860645   0.0017543
     2.12582    0.879507  0.00144116
     2.12814    0.892978   0.0014724
     2.13046    0.908412  0.00173034
     2.13278     0.92349  0.00139333
     2.13509    0.936037  0.00174286
     2.13741     0.94936  0.00156029
     2.13973     0.95876  0.00158542
     2.14205    0.966997  0.00168744
     2.14437    0.978085  0.00139496
     2.14668    0.991452   0.0012976
       2.149    0.999346  0.00179542
     2.15132      1.0058  0.00230618
     2.15364     1.01583  0.00198352
     2.15596     1.01633  0.00182996
     2.15828     1.02522  0.00175338
     2.16059     1.02918  0.00194254
     2.16291     1.03236  0.00173102
     2.16523     1.03337  0.00210446
     2.16755     1.03256  0.00168269
     2.16987     1.03171  0.00229304
     2.17219     1.03376  0.00199058
      2.1745     1.03309  0.00206918
     2.17682     1.02838  0.00204746
     2.17914       1.024  0.00169321
     2.18146     1.01816  0.00185877
     2.18378     1.01455  0.00159172
     2.18609     1.00737  0.00217503
     2.18841    0.998727  0.00213853
     2.19073    0.991307  0.00180242
     2.19305    0.983296  0.00194281
     2.19537    0.973686  0.00155071
     2.19769     0.96495  0.00180417
         2.2    0.915774  0.00173844
     2.20232    0.903422  0.00168413
     2.20464     0.89103  0.00180091
     2.20696    0.881134   0.0017133
     2.20928    0.870023  0.00131563
      2.2116     0.85704  0.00165803
     2.21391    0.843831  0.00161762
     2.21623     0.82575  0.00139875
     2.21855    0.818201  0.00158502
     2.22087    0.803429  0.00130519
     2.22319    0.790412  0.00161794
      2.2255    0.777179  0.00129871
     2.22782    0.765054  0.00123583
     2.23014    0.749345  0.00140129
     2.23246    0.736484  0.00162109
     2.23478    0.723375  0.00115137
      2.2371    0.708693  0.00159113
     2.23941    0.697382  0.00135436
     2.24173    0.683968  0.00156716
     2.24405    0.672979  0.00148783
     2.24637    0.659261  0.00144178
     2.24869    0.646773  0.00136397
     2.25101    0.637928  0.00127851
     2.25332    0.626006  0.00140585
     2.25564    0.617023   0.0012186
     2.25796     0.60569  0.00149023
     2.26028    0.597362  0.00152134
      2.2626    0.589423  0.00133988
     2.26491    0.582749  0.00149474
     2.26723    0.577717  0.00142603
     2.26955    0.572664  0.00158671
     2.27187    0.566832  0.00145218
     2.27419    0.563412  0.00156876
     2.27651    0.560862  0.00169364
     2.27882    0.557536  0.00125032
     2.28114    0.557727  0.00150816
     2.28346    0.558218  0.00166495
     2.28578     0.55962  0.00140617
      2.2881    0.560639  0.00170049
     2.29042    0.562029  0.00174567
     2.29273    0.566969  0.00168969
     2.29505    0.570094  0.00147651
     2.29737    0.575722  0.00148793
     2.29969    0.586195  0.00167893
     2.30201    0.593449  0.00138745
     2.30432    0.602493  0.00153238
