-6.79309
-6.64701
-6.5038
-6.34534
-6.33636
-6.25294
-6.28584
-6.2387
-6.20372
-6.16267
-6.09624
-6.03369
-6.0696
-6.03066
-6.10234
-6.06933
-6.05678
-6.0588
-6.00321
-5.98371
-5.94391
-5.86643
-5.95601
-5.9555
-5.97346
-5.87645
-5.84871
-5.80786
-5.86612
-5.8136
-5.81321
-5.7524
-5.78459
-5.78077
-5.77043
-5.71637
-5.7609
-5.75684
-5.78341
-5.70805
-5.75324
-5.72254
-5.75017
-5.74293
-5.71077
-5.81778
-5.81673
-5.85188
-5.77298
-5.90165
-5.79189
-5.78232
-5.68646
-5.61205
-5.61134
-5.68006
-5.64898
-5.57483
-5.60281
-5.58453
-5.60909
-5.57834
-5.69705
-5.76821
-5.74925
-5.7198
-5.73659
-5.68527
-5.7051
-5.67306
-5.6703
-5.71038
-5.7331
-5.71332
-5.67296
-5.66901
-5.63904
-5.65305
-5.7729
-5.76756
-5.7828
-5.83781
-5.85299
-5.66184
-5.72299
-5.75741
-5.76503
-5.72269
-5.70303
-5.77482
-5.68736
-5.61953
-5.59685
-5.63523
-5.61828
-5.65716
-5.62783
-5.64476
-5.65771
-5.67661
-5.75905
-5.7567
-5.69646
-5.75924
-5.69845
-5.6523
-5.59497
-5.51491
-5.68637
-5.61977
-5.70547
-5.70254
-5.62657
-5.58419
-5.62022
-5.68172
-5.66842
-5.58921
-5.57018
-5.55552
-5.52182
-5.60966
-5.67481
-5.71408
-5.73061
-5.80582
-5.683
-5.6824
-5.75927
-5.77149
-5.59627
-5.61901
-5.58937
-5.62442
-5.59793
-5.58696
-5.62638
-5.62934
-5.62251
-5.73102
-5.67338
-5.74682
-5.68099
-5.6804
-5.66092
-5.68329
-5.66501
-5.59813
-5.70179
-5.69473
-5.65404
-5.62929
-5.59763
-5.60916
-5.56857
-5.4819
-5.59291
-5.65199
-5.66779
-5.6532
-5.62122
-5.61843
-5.55201
-5.60627
-5.53393
-5.60998
-5.56629
-5.51344
-5.6197
-5.63536
-5.65327
-5.60615
-5.61836
-5.57917
-5.66425
-5.60626
-5.58487
-5.63518
-5.57724
-5.60353
-5.55969
-5.56535
-5.65223
-5.57862
-5.55161
-5.55089
-5.64666
-5.70881
-5.58115
-5.5225
-5.65098
-5.58208
-5.58195
-5.58005
-5.56122
-5.53007
-5.5109
-5.52184
-5.45175
-5.49114
-5.5333
-5.53646
-5.52125
-5.58538
-5.54201
-5.46039
-5.44517
-5.51925
-5.54429
-5.49804
-5.5293
-5.57356
-5.55676
-5.55884
-5.62336
-5.55389
-5.48169
-5.59189
-5.58374
-5.59502
-5.64078
-5.59365
-5.50823
-5.59192
-5.57075
-5.56476
-5.53308
-5.46419
-5.42045
-5.43087
-5.4275
-5.39225
-5.51124
-5.47907
-5.50328
-5.57645
-5.56698
-5.57579
-5.5983
-5.53768
-5.5841
-5.57236
-5.57992
-5.57406
-5.60063
-5.54877
-5.5557
-5.50501
-5.43214
-5.49394
-5.48513
-5.61722
-5.59434
-5.52736
-5.49901
-5.46782
-5.46394
-5.41656
-5.4291
-5.46526
-5.48624
-5.51138
-5.57004
-5.49138
-5.55136
-5.43266
-5.37857
-5.5269
-5.49995
-5.47013
-5.53882
-5.4805
-5.52454
-5.56185
-5.6247
-5.59882
-5.5347
-5.57342
-5.48762
-5.38162
-5.44073
-5.51936
-5.5377
-5.50959
-5.42819
-5.51017
-5.55508
-5.57492
-5.45564
-5.4732
-5.42354
-5.39235
-5.46253
-5.374
-5.33832
-5.27703
-5.24773
-5.35132
-5.33036
-5.34789
-5.36577
-5.42547
-5.34678
-5.37518
-5.50559
-5.4563
-5.41329
-5.4016
-5.39436
-5.44626
-5.50014
-5.51966
-5.54308
-5.48003
-5.36277
-5.3927
-5.43772
-5.50644
-5.51271
-5.50337
-5.48547
-5.46019
-5.43541
-5.49877
-5.50736
-5.43336
-5.37035
-5.35725
-5.28807
-5.25718
-5.18712
-5.33331
-5.40602
-5.39903
-5.33787
-5.40702
-5.43854
-5.42894
-5.5003
-5.40866
-5.35153
-5.4405
-5.48082
-5.52687
-5.56395
-5.52545
-5.50325
-5.42173
-5.39295
-5.34619
-5.33743
-5.30504
-5.3556
-5.36333
-5.43444
-5.38957
-5.38753
-5.38998
-5.43525
-5.51884
-5.49106
-5.54894
-5.52899
-5.53697
-5.4772
-5.44773
-5.37507
-5.3618
-5.27773
-5.2541
-5.24333
-5.31079
-5.30409
-5.20978
-5.28064
-5.23145
-5.33669
-5.38904
-5.35558
-5.26135
-5.29357
-5.31699
-5.39484
-5.39767
-5.32035
-5.29005
-5.30613
-5.36889
-5.4346
-5.44278
-5.45588
-5.37942
-5.33562
-5.23766
-5.31333
-5.47537
-5.42473
-5.48015
-5.46477
-5.53484
-5.54306
-5.50985
-5.53267
-5.44942
-5.45588
-5.51933
-5.56699
-5.51851
-5.51232
-5.51943
-5.51657
-5.44374
-5.45017
-5.47474
-5.49142
-5.45068
-5.48133
-5.4165
-5.4629
-5.44743
-5.50556
-5.47748
-5.60829
-5.63617
-5.57244
-5.5199
-5.53926
-5.51741
-5.44187
-5.48821
-5.59302
-5.53742
-5.52954
-5.58488
-5.6313
-5.51601
-5.54812
-5.53737
-5.45457
-5.56513
-5.54373
-5.57389
-5.63099
-5.49976
-5.53575
-5.42079
-5.39514
-5.47343
-5.48166
-5.45734
-5.39679
-5.36755
-5.35334
-5.49145
-5.5046
-5.55428
-5.43104
-5.49414
-5.5663
-5.5913
-5.51365
-5.57147
-5.61152
-5.62756
-5.62455
-5.63974
-5.64826
-5.64163
-5.60294
-5.65158
-5.60231
-5.54532
-5.56847
-5.48553
-5.50531
-5.5577
-5.52268
-5.52511
-5.6303
-5.47003
-5.53901
-5.54211
-5.52598
-5.46738
-5.50659
-5.55447
-5.55
-5.50887
-5.42815
-5.4407
-5.45213
-5.40781
-5.47064
-5.40349
-5.38998
-5.44699
-5.5139
-5.40649
-5.49498
-5.51217
-5.51558
-5.46073
-5.51931
-5.44058
-5.36448
-5.36893
-5.26965
-5.28698
-5.44372
-5.504
-5.50366
-5.50656
-5.49189
-5.42909
-5.42511
-5.42331
-5.44673
-5.5084
-5.49465
-5.50347
-5.45061
-5.44989
-5.4616
-5.50306
-5.39485
-5.35422
-5.33786
-5.40138
-5.42286
-5.47257
-5.56303
-5.54887
-5.61301
-5.60776
-5.51405
-5.446
-5.4341
-5.42464
-5.45185
-5.52005
-5.57165
-5.40521
-5.38367
-5.44374
-5.56427
-5.57071
-5.56642
-5.5578
-5.36165
-5.48066
-5.47409
-5.47226
-5.50135
-5.5251
-5.45369
-5.51147
-5.5436
-5.39567
-5.43948
-5.35593
-5.38202
-5.45334
-5.45381
-5.38855
-5.46958
-5.45728
-5.4454
-5.45375
-5.54794
-5.59048
-5.58985
-5.49993
-5.49902
-5.46382
-5.46258
-5.44734
-5.44022
-5.51034
-5.53424
-5.46632
-5.42598
-5.3659
-5.50859
-5.43065
-5.43894
-5.45558
-5.51337
-5.36395
-5.38866
-5.33454
-5.37663
-5.28681
-5.34595
-5.40597
-5.47124
-5.60534
-5.50871
-5.58917
-5.69026
-5.70002
-5.68992
-5.7427
-5.61351
-5.61184
-5.62763
-5.51516
-5.51686
-5.54245
-5.55036
-5.57107
-5.58388
-5.618
-5.55187
-5.60722
-5.58493
-5.5975
-5.62437
-5.56034
-5.55202
-5.47849
-5.4806
-5.52184
-5.54152
-5.47124
-5.50516
-5.49737
-5.53893
-5.50045
-5.5239
-5.51862
-5.47128
-5.5458
-5.48835
-5.58526
-5.49771
-5.57216
-5.59483
-5.52936
-5.55168
-5.56182
-5.51881
-5.45676
-5.49962
-5.48441
-5.5074
-5.43175
-5.55352
-5.58702
-5.64967
-5.52509
-5.47185
-5.49577
-5.48097
-5.47191
-5.44994
-5.49535
-5.44133
-5.35655
-5.40028
-5.4099
-5.39807
-5.40227
-5.30263
-5.41446
-5.45096
-5.43855
-5.49198
-5.53079
-5.57199
-5.46741
-5.45574
-5.41263
-5.38122
-5.38551
-5.34404
-5.51085
-5.46132
-5.4566
-5.48342
-5.5337
-5.49212
-5.46478
-5.43484
-5.41875
-5.3918
-5.44613
-5.47377
-5.49822
-5.48258
-5.55766
-5.60107
-5.60099
-5.66107
-5.51738
-5.40426
-5.39665
-5.46563
-5.41832
-5.42153
-5.45915
-5.44548
-5.4798
-5.50044
-5.46627
-5.37468
-5.4329
-5.46409
-5.4326
-5.43134
-5.309
-5.37742
-5.4054
-5.39816
-5.43526
-5.40177
-5.40069
-5.33097
-5.46945
-5.51114
-5.51392
-5.46501
-5.32795
-5.26953
-5.21019
-5.16586
-5.29282
-5.27851
-5.29112
-5.37925
-5.32456
-5.36619
-5.41177
-5.37618
-5.38005
-5.366
-5.44339
-5.47639
-5.4581
-5.45631
-5.44423
-5.50473
-5.59904
-5.53199
-5.51903
-5.57306
-5.62259
-5.59519
-5.54832
-5.5445
-5.57482
-5.57168
-5.59367
-5.55229
-5.57666
-5.59805
-5.5861
-5.58382
-5.57966
-5.64948
-5.63519
-5.72035
-5.69646
-5.68946
-5.70116
-5.58878
-5.55304
-5.5939
-5.48962
-5.47579
-5.44362
-5.49746
-5.46061
-5.54424
-5.54629
-5.54121
-5.49817
-5.50452
-5.47435
-5.53785
-5.52017
-5.63503
-5.59782
-5.5059
-5.44606
-5.44901
-5.58122
-5.60181
-5.57572
-5.53622
-5.61532
-5.61015
-5.5267
-5.63149
-5.58626
-5.57575
-5.51262
-5.50932
-5.54393
-5.45314
-5.53788
-5.566
-5.51662
-5.49473
-5.47765
-5.41155
-5.48322
-5.51494
-5.54511
-5.40224
-5.41025
-5.42584
-5.48251
-5.52843
-5.57146
-5.52699
-5.47151
-5.48005
-5.45471
-5.42866
-5.39204
-5.436
-5.41178
-5.50796
-5.40539
-5.54177
-5.44629
-5.4834
-5.55618
-5.47738
-5.47135
-5.48588
-5.51926
-5.54118
-5.49811
-5.51131
-5.40866
-5.39084
-5.43966
-5.43408
-5.56283
-5.6134
-5.59055
-5.52907
-5.61175
-5.53316
-5.58108
-5.6518
-5.57153
-5.55138
-5.63223
-5.5659
-5.46397
-5.48557
-5.5272
-5.5621
-5.50492
-5.45381
-5.49022
-5.46886
-5.41491
-5.41347
-5.27669
-5.33927
-5.37943
-5.36087
-5.35671
-5.37491
-5.36921
-5.39533
-5.40956
-5.4205
-5.53855
-5.48197
-5.54141
-5.55364
-5.53672
-5.47257
-5.50515
-5.50118
-5.43595
-5.38317
-5.40072
-5.35963
-5.33087
-5.49535
-5.49025
-5.50538
-5.4631
-5.32833
-5.31422
-5.3533
-5.37262
-5.36036
-5.51777
-5.48591
-5.44787
-5.50595
-5.41187
-5.47596
-5.3916
-5.38761
-5.31321
-5.33571
-5.33508
-5.37384
-5.45993
-5.55522
-5.50857
-5.46795
-5.48077
-5.47101
-5.41258
-5.34937
-5.28722
-5.40924
-5.39556
-5.3912
-5.36841
-5.45202
-5.33374
-5.35017
-5.36389
-5.39015
-5.30415
-5.33205
-5.49278
-5.38852
-5.45626
-5.40175
-5.35367
-5.36071
-5.40677
-5.36792
-5.4577
-5.47654
-5.398
-5.36212
-5.3432
-5.37548
-5.35217
-5.31934
-5.38832
-5.36665
-5.36881
-5.47332
-5.42446
-5.40731
-5.46943
-5.44672
-5.47307
-5.54788
-5.54258
-5.44898
-5.45813
-5.48273
-5.45129
-5.53718
-5.40642
-5.53044
-5.54414
-5.53681
-5.56806
-5.59378
-5.47964
-5.48164
-5.48863
-5.52255
-5.42238
-5.46071
-5.52328
-5.48563
-5.42434
-5.36687
-5.48076
-5.47169
-5.45152
-5.4455
-5.44633
-5.52609
-5.48235
-5.48797
-5.5197
-5.50557
-5.50065
-5.47428
-5.47214
-5.51563
-5.41363
-5.43747
-5.42476
-5.41101
-5.37518
-5.4082
-5.40353
-5.44611
-5.41329
-5.35757
-5.33577
-5.4102
-5.38028
-5.51939
-5.42071
-5.42259
-5.56435
-5.47838
-5.45577
-5.48654
-5.42066
-5.40363
-5.37071
-5.40047
-5.42283
-5.48057
-5.46027
-5.55507
-5.58792
-5.47701
-5.50206
-5.43237
-5.52557
-5.51152
-5.46818
-5.5793
-5.55271
-5.54283
-5.50394
-5.47575
-5.55241
-5.65039
-5.67988
-5.60486
-5.65344
-5.58771
-5.62104
-5.59508
-5.51904
-5.41074
-5.43963
-5.43331
-5.50598
-5.51659
-5.41458
-5.40451
-5.40531
-5.40307
-5.55022
-5.5131
-5.56447
-5.565
-5.59435
-5.63119
-5.63663
-5.56249
-5.58486
-5.67208
-5.68838
-5.72324
-5.58636
-5.56449
-5.60637
-5.6044
-5.5755
-5.539
-5.70438
-5.72413
-5.66289
-5.6615
-5.65711
-5.71275
-5.63699
-5.55854
-5.52835
-5.57277
-5.49936
-5.50997
-5.38886
-5.43569
-5.49632
-5.51155
-5.44193
-5.39804
-5.54686
-5.62249
-5.59105
-5.54106
-5.54118
-5.55295
-5.56045
-5.55069
-5.47057
-5.36876
-5.30436
-5.38685
-5.45962
-5.45619
-5.38834
-5.41109
-5.45077
-5.44695
-5.40126
-5.45467
-5.34276
-5.2756
-5.38345
-5.33389
-5.30325
-5.41229
-5.38006
-5.43963
-5.54073
-5.53222
-5.57529
-5.55
-5.57924
-5.50541
-5.58523
-5.60824
-5.55817
-5.5954
-5.5777
-5.46405
-5.61244
-5.66159
-5.61148
-5.47224
-5.41926
-5.55025
-5.57614
-5.53861
-5.5501
-5.54371
-5.64631
-5.63876
-5.6296
-5.60503
-5.63924
-5.66415
-5.67999
-5.57046
-5.55621
-5.56088
-5.45661
-5.56182
-5.55874
-5.52225
-5.65794
-5.63696
-5.65336
-5.60364
-5.49215
-5.58084
-5.63644
-5.66302
-5.60818
-5.62939
-5.53084
-5.56198
-5.56359
-5.53897
-5.5994
-5.50989
-5.50922
-5.49529
-5.508
-5.55163
-5.55965
-5.50259
-5.42483
-5.37597
-5.4197
-5.33863
-5.39277
-5.41042
-5.35846
-5.50787
-5.48784
-5.42335
-5.46899
-5.47869
-5.48798
-5.55058
-5.53256
-5.59556
-5.6181
-5.49431
-5.5319
-5.48502
-5.56168
-5.57554
-5.58364
-5.4952
-5.44838
-5.42801
-5.57103
-5.68181
-5.66246
-5.57814
-5.68947
-5.59165
-5.57089
-5.65562
-5.60809
-5.64864
-5.5788
-5.50961
-5.49554
-5.48304
-5.62288
-5.60732
-5.59404
-5.55653
-5.49328
-5.46354
-5.51182
-5.48962
-5.47085
-5.55227
-5.50703
-5.60375
-5.71235
-5.68647
-5.7386
-5.63949
-5.64716
-5.61522
-5.58168
-5.64635
-5.59412
-5.55688
-5.50582
-5.53492
-5.51934
-5.44132
-5.48913
-5.53584
-5.5281
-5.58042
-5.54976
-5.5669
-5.46943
-5.50362
-5.44346
-5.4836
-5.46222
-5.44001
-5.45329
-5.45812
-5.39488
-5.35065
-5.23144
-5.33676
-5.38681
-5.39693
-5.37733
-5.38431
-5.3684
-5.50417
-5.45825
-5.56489
-5.46993
-5.41721
-5.45334
-5.44018
-5.38841
-5.39168
-5.4761
-5.57202
-5.59417
-5.62296
-5.60407
-5.6717
-5.57191
-5.52506
-5.47558
-5.52165
-5.52981
-5.47658
-5.42852
-5.27017
-5.34537
-5.33063
-5.27188
-5.18695
-5.1584
-5.19267
-5.23809
-5.34413
-5.36989
-5.3376
-5.26663
-5.25627
-5.2743
-5.26741
-5.31728
-5.20133
-5.33315
-5.24108
-5.23262
-5.20514
-5.25539
-5.2935
-5.27262
-5.18077
-5.20714
-5.32679
-5.33775
-5.31953
-5.32233
-5.29183
-5.31114
-5.37754
-5.35436
-5.35534
-5.31431
-5.34127
-5.30839
-5.26568
-5.26686
-5.38083
-5.39193
-5.43535
-5.45467
-5.5421
-5.50376
-5.52141
-5.54101
-5.64617
-5.48503
-5.52176
-5.52022
-5.49898
-5.43881
-5.44273
-5.43638
-5.40563
-5.38976
-5.2252
-5.25898
-5.29957
-5.30966
-5.34032
-5.38156
-5.44492
-5.42714
-5.51947
-5.49486
-5.49426
-5.51389
-5.44548
-5.43843
-5.40896
-5.31671
-5.45612
-5.50307
-5.50186
-5.52358
-5.50563
-5.46041
-5.54844
-5.55205
-5.59003
-5.53523
-5.46395
-5.56816
-5.64456
-5.58434
-5.60837
-5.6275
-5.58449
-5.55713
-5.57745
-5.48583
-5.56421
-5.55249
-5.64481
-5.54066
-5.39118
-5.43585
-5.58031
-5.67056
-5.67042
-5.58104
-5.58302
-5.61841
-5.55472
-5.48836
-5.46343
-5.54305
-5.62809
-5.63049
-5.54359
-5.56187
-5.51885
-5.59892
-5.49022
-5.42687
-5.46106
-5.50058
-5.53287
-5.53894
-5.60403
-5.55833
-5.52185
-5.49037
-5.42558
-5.42525
-5.43911
-5.42634
-5.47628
-5.55536
-5.53124
-5.53928
-5.53569
-5.57904
-5.53791
-5.52164
-5.45054
-5.53115
-5.50767
-5.5336
-5.5825
-5.63797
-5.60647
-5.68255
-5.69218
-5.67456
-5.62627
-5.56632
-5.62049
-5.63659
-5.58677
-5.49914
-5.44294
-5.41238
-5.33287
-5.41908
-5.49705
-5.42743
-5.51892
-5.57509
-5.47787
-5.41853
-5.41635
-5.37898
-5.39889
-5.27903
-5.30607
-5.41958
-5.36865
-5.40102
-5.4711
-5.53092
-5.49817
-5.41241
-5.32895
-5.34041
-5.38799
-5.43219
-5.37429
-5.34279
-5.22983
-5.34152
-5.39983
-5.32627
-5.33491
-5.28334
-5.23717
-5.29367
-5.23454
-5.15474
-5.21628
-5.28569
-5.43099
-5.35512
-5.34859
-5.42224
-5.39777
-5.3492
-5.31835
-5.33835
-5.44174
-5.41741
-5.45412
-5.46841
-5.37199
-5.41734
-5.38319
-5.33241
-5.40657
-5.38152
-5.37466
-5.38953
-5.33753
-5.2881
-5.26112
-5.38859
-5.33948
-5.44668
-5.42204
-5.50912
-5.48198
-5.40233
-5.39752
-5.38426
-5.4422
-5.42594
-5.54874
-5.52922
-5.46868
-5.48847
-5.38464
-5.37613
-5.3853
-5.32915
-5.44677
-5.42944
-5.38875
-5.45739
-5.36551
-5.41054
-5.47342
-5.40512
-5.43733
-5.41167
-5.40059
-5.44637
-5.44107
-5.56154
-5.54531
-5.45283
-5.45701
-5.42288
-5.50124
-5.54854
-5.53641
-5.51545
-5.47821
-5.36828
-5.36056
-5.26948
-5.30093
-5.32557
-5.29624
-5.34592
-5.4371
-5.42598
-5.4952
-5.43228
-5.36632
-5.43678
-5.41488
-5.40584
-5.31719
-5.30213
-5.27352
-5.25868
-5.33732
-5.39762
-5.47737
-5.39075
-5.39937
-5.54693
-5.56477
-5.53372
-5.51303
-5.52054
-5.51461
-5.49643
-5.5012
-5.45677
-5.41497
-5.37121
-5.40352
-5.42868
-5.41632
-5.41998
-5.44443
-5.49536
-5.46319
-5.4645
-5.3896
-5.33759
-5.41884
-5.45868
-5.45762
-5.40115
-5.43097
-5.46091
-5.51777
-5.53828
-5.45353
-5.43921
-5.4468
-5.43375
-5.50638
-5.51185
-5.46383
-5.53661
-5.52079
-5.50189
-5.43849
-5.49258
-5.43094
-5.49605
-5.38501
-5.42995
-5.42523
-5.46892
-5.33619
-5.4674
-5.55507
-5.45959
-5.48371
-5.53782
-5.46397
-5.51342
-5.52452
-5.55026
-5.49758
-5.51243
-5.38731
-5.37848
-5.47651
-5.50683
-5.53626
-5.53696
-5.54009
-5.58162
-5.52794
-5.51731
-5.51695
-5.48258
-5.42565
-5.45601
-5.39085
-5.4071
-5.47464
-5.46981
-5.44823
-5.40256
-5.35794
-5.33951
-5.48053
-5.40087
-5.48357
-5.48206
-5.47564
-5.38202
-5.47216
-5.52476
-5.44732
-5.30916
-5.20584
-5.43994
-5.47171
-5.57357
-5.47866
-5.48961
-5.46825
-5.5152
-5.36525
-5.40157
-5.43608
-5.4222
-5.35642
-5.39676
-5.35727
-5.39312
-5.43028
-5.48262
-5.61941
-5.61892
-5.64611
-5.62618
-5.58372
-5.6327
-5.66127
-5.55878
-5.55288
-5.53582
-5.62394
-5.65861
-5.63335
-5.60253
-5.62129
-5.66559
-5.58026
-5.51262
-5.471
-5.42943
-5.43146
-5.439
-5.43615
-5.4302
-5.37563
-5.36264
-5.37254
-5.46663
-5.4688
-5.45426
-5.33307
-5.40939
-5.31837
-5.36117
-5.44365
-5.39723
-5.43127
-5.32384
-5.38185
-5.32728
-5.2597
-5.24409
-5.30402
-5.24254
-5.21944
-5.1496
-5.14225
-5.19642
-5.32123
-5.36111
-5.3223
-5.36497
-5.48508
-5.33153
-5.37208
-5.38405
-5.49184
-5.44924
-5.51355
-5.37191
-5.42881
-5.41314
-5.38682
-5.36739
-5.45415
-5.42784
-5.41015
-5.48911
-5.41768
-5.43224
-5.39604
-5.5461
-5.51872
-5.40957
-5.422
-5.45039
-5.44111
-5.4426
-5.4778
-5.5257
-5.45164
-5.37933
-5.45
-5.47776
-5.50322
-5.5383
-5.46399
-5.47243
-5.57226
-5.60221
-5.65596
-5.64709
-5.63948
-5.62382
-5.55594
-5.59191
-5.55869
-5.55874
-5.541
-5.65177
-5.7325
-5.58287
-5.44776
-5.485
-5.46984
-5.41479
-5.29917
-5.35503
-5.3507
-5.42641
-5.37498
-5.41657
-5.44812
-5.44949
-5.50117
-5.52165
-5.55548
-5.59882
-5.53203
-5.58794
-5.53851
-5.54316
-5.55437
-5.52032
-5.46612
-5.44215
-5.44533
-5.48632
-5.50631
-5.61227
-5.5358
-5.56693
-5.57795
-5.52
-5.49341
-5.46068
-5.50545
-5.4334
-5.4798
-5.53592
-5.41258
-5.36697
-5.45944
-5.44659
-5.4733
-5.51473
-5.43386
-5.51566
-5.53484
-5.62593
-5.56769
-5.50677
-5.48546
-5.54525
-5.4212
-5.42467
-5.45379
-5.54034
-5.47928
-5.46637
-5.43837
-5.35573
-5.35404
-5.3258
-5.27553
-5.3235
-5.30882
-5.4063
-5.47066
-5.54238
-5.40662
-5.43747
-5.41652
-5.46878
-5.51346
-5.50069
-5.39828
-5.46785
-5.51321
-5.44955
-5.48097
-5.34745
-5.34418
-5.43838
-5.40336
-5.40065
-5.48311
-5.48315
-5.46291
-5.49891
-5.50251
-5.43697
-5.37258
-5.38174
-5.42401
-5.47654
-5.47099
-5.5468
-5.57267
-5.52379
-5.43969
-5.5731
-5.54674
-5.5772
-5.55328
-5.53079
-5.51733
-5.53782
-5.47316
-5.52082
-5.55943
-5.55354
-5.53602
-5.48241
-5.43023
-5.47008
-5.39295
-5.30639
-5.31545
-5.38464
-5.3688
-5.36958
-5.29912
-5.2465
-5.22118
-5.20788
-5.19184
-5.21506
-5.21704
-5.19
-5.36763
-5.45906
-5.43752
-5.48735
-5.41784
-5.3545
-5.37985
-5.41183
-5.42749
-5.45042
-5.36507
-5.41536
-5.48725
-5.486
-5.44185
-5.51055
-5.45708
-5.50545
-5.48688
-5.45677
-5.4438
-5.44131
-5.49307
-5.44471
-5.47882
-5.49882
-5.43001
-5.46064
-5.40766
-5.36779
-5.45298
-5.55928
-5.56507
-5.58185
-5.57676
-5.53357
-5.50627
-5.4606
-5.4732
-5.34104
-5.46587
-5.47388
-5.38123
-5.46524
-5.4765
-5.53287
-5.6311
-5.57448
-5.59643
-5.60607
-5.52756
-5.60217
-5.4135
-5.54456
-5.52026
-5.65184
-5.54506
-5.47016
-5.41174
-5.36748
-5.52288
-5.48955
-5.41463
-5.39107
-5.43854
-5.32884
-5.32096
-5.28833
-5.30934
-5.30492
-5.33891
-5.28628
-5.3265
-5.32365
-5.30532
-5.33655
-5.38904
-5.42278
-5.23961
-5.25439
-5.35403
-5.41244
-5.49736
-5.48716
-5.49967
-5.49074
-5.42823
-5.4176
-5.45791
-5.4753
-5.46384
-5.42977
-5.4545
-5.43741
-5.37388
-5.28234
-5.32795
-5.34759
-5.45969
-5.43442
-5.41707
-5.41687
-5.29955
-5.20999
-5.25184
-5.37546
-5.50652
-5.52031
-5.47683
-5.46107
-5.48365
-5.44694
-5.42152
-5.5136
-5.39881
-5.46091
-5.44567
-5.42113
-5.47849
-5.56062
-5.56627
-5.50517
-5.50829
-5.54766
-5.55187
-5.50241
-5.45904
-5.45879
-5.42988
-5.47547
-5.48484
-5.50531
-5.48471
-5.37003
-5.39176
-5.41497
-5.38338
-5.5247
-5.53638
-5.42091
-5.39155
-5.44234
-5.44341
-5.31197
-5.38229
-5.33766
-5.40426
-5.33282
-5.4016
-5.42068
-5.44061
-5.47936
-5.40472
-5.51116
-5.49449
-5.59933
-5.56301
-5.51957
-5.43175
-5.39603
-5.44404
-5.42933
-5.32766
-5.41781
-5.57417
-5.47261
-5.424
-5.54578
-5.50028
-5.5736
-5.6144
-5.50854
-5.4717
-5.53076
-5.54202
-5.53978
-5.5886
-5.52277
-5.43432
-5.42826
-5.50041
-5.49877
-5.56129
-5.48797
-5.49132
-5.51043
-5.49082
-5.45644
-5.49093
-5.48222
-5.38987
-5.40797
-5.33737
-5.42059
-5.49472
-5.53378
-5.45272
-5.46456
-5.39623
-5.50088
-5.54884
-5.39929
-5.32929
-5.37722
-5.34414
-5.30844
-5.22428
-5.32763
-5.29443
-5.31622
-5.23464
-5.28625
-5.27731
-5.19816
-5.32372
-5.30481
-5.33398
-5.32379
-5.41777
-5.40617
-5.45346
-5.5243
-5.60399
-5.57784
-5.51707
-5.39154
-5.38667
-5.38043
-5.33765
-5.39124
-5.38943
-5.3574
-5.33751
-5.45437
-5.37848
-5.40932
-5.39758
-5.43914
-5.36691
-5.42046
-5.47219
-5.42114
-5.45497
-5.49057
-5.49458
-5.42914
-5.47172
-5.54316
-5.57053
-5.59856
-5.59612
-5.57895
-5.56135
-5.53944
-5.48926
-5.58581
-5.52292
-5.52434
-5.50525
-5.53249
-5.5293
-5.39573
-5.35231
-5.37348
-5.33808
-5.35285
-5.3853
-5.2986
-5.4072
-5.44739
-5.39509
-5.49454
-5.48469
-5.43975
-5.39513
-5.37289
-5.3492
-5.3516
-5.3908
-5.41559
-5.41182
-5.33106
-5.36686
-5.28666
-5.43266
-5.29904
-5.35469
-5.39651
-5.39866
-5.29937
-5.39472
-5.43189
-5.36554
-5.5209
-5.51419
-5.5018
-5.49035
-5.58024
-5.59131
-5.52845
-5.57975
-5.56949
-5.54158
-5.57606
-5.51137
-5.47004
-5.50584
-5.42246
-5.49485
-5.43117
-5.44708
-5.33841
-5.28554
-5.26462
-5.31776
-5.22834
-5.4856
-5.51628
-5.43061
-5.47713
-5.46902
-5.4712
-5.47574
-5.39821
-5.29997
-5.341
-5.44103
-5.38505
-5.39124
-5.46147
-5.46486
-5.41125
-5.35825
-5.36161
-5.39394
-5.38302
-5.48748
-5.45777
-5.51617
-5.4363
-5.43348
-5.4906
-5.60722
-5.52086
-5.52556
-5.54618
-5.66924
-5.65234
-5.64383
-5.58176
-5.58051
-5.61371
-5.60662
-5.58624
-5.57947
-5.63943
-5.56303
-5.58465
-5.56787
-5.56531
-5.53195
-5.51508
-5.53467
-5.63832
-5.58323
-5.59015
-5.47678
-5.49594
-5.5183
-5.49946
-5.55689
-5.48849
-5.49946
-5.52192
-5.50665
-5.51084
-5.45684
-5.40608
-5.43883
-5.42788
-5.3529
-5.45463
-5.51891
-5.50617
-5.48208
-5.58339
-5.55363
-5.53661
-5.5626
-5.42524
-5.40257
-5.39176
-5.49218
-5.51322
-5.43741
-5.50749
-5.49993
-5.46801
-5.42183
-5.57401
-5.54043
-5.51361
-5.53224
-5.66024
-5.69151
-5.61487
-5.57158
-5.4713
-5.4892
-5.51938
-5.40507
-5.41268
-5.48536
-5.4996
-5.47512
-5.56861
-5.59841
-5.63757
-5.60022
-5.57692
-5.56148
-5.4896
-5.39364
-5.37335
-5.39456
-5.40777
-5.3903
-5.47623
-5.4169
-5.55025
-5.52133
-5.57311
-5.54615
-5.54748
-5.53541
-5.49602
-5.53471
-5.57037
-5.59527
-5.57833
-5.57048
-5.54887
-5.63008
-5.61374
-5.5671
-5.46022
-5.42801
-5.45751
-5.48847
-5.53527
-5.51979
-5.44211
-5.48837
-5.54338
-5.54473
-5.46783
-5.46886
-5.43026
-5.47098
-5.46921
-5.4772
-5.49748
-5.46625
-5.46606
-5.3515
-5.34265
-5.30821
-5.37445
-5.4488
-5.46506
-5.39134
-5.40437
-5.37603
-5.38107
-5.47222
-5.4226
-5.38161
-5.38134
-5.44942
-5.43686
-5.48108
-5.52581
-5.56726
-5.47886
-5.55924
-5.6443
-5.60196
-5.62501
-5.56974
-5.56971
-5.51445
-5.59707
-5.65868
-5.42792
-5.44054
-5.54247
-5.6329
-5.60477
-5.60136
-5.53218
-5.60063
-5.56811
-5.43082
-5.41892
-5.3688
-5.38501
-5.33677
-5.3632
-5.2461
-5.33179
-5.35959
-5.3718
-5.39249
-5.39795
-5.45104
-5.46184
-5.3762
-5.36432
-5.46122
-5.44356
-5.53177
-5.50123
-5.43893
-5.46028
-5.48743
-5.52324
-5.49373
-5.50147
-5.51188
-5.47442
-5.50181
-5.50446
-5.45228
-5.37551
-5.50638
-5.51524
-5.51732
-5.48383
-5.50883
-5.37104
-5.37241
-5.4211
-5.50871
-5.37972
-5.32656
-5.35968
-5.46275
-5.50086
-5.51668
-5.48813
-5.43415
-5.41809
-5.37695
-5.51729
-5.49823
-5.52353
-5.47246
-5.45541
-5.46801
-5.50257
-5.51013
-5.48271
-5.54319
-5.43054
-5.46534
-5.34254
-5.48344
-5.46591
-5.48104
-5.57458
-5.47783
-5.48576
-5.48918
-5.51124
-5.50445
-5.46101
-5.54545
-5.63011
-5.52391
-5.52979
-5.54332
-5.55695
-5.50612
-5.46865
-5.57789
-5.48944
-5.52583
-5.52847
-5.54038
-5.57349
-5.54755
-5.57316
-5.61628
-5.66618
-5.64426
-5.52931
-5.50348
-5.54381
-5.50764
-5.56845
-5.52478
-5.61674
-5.63371
-5.62547
-5.5653
-5.59274
-5.526
-5.60321
-5.58492
-5.59816
-5.59415
-5.52661
-5.57017
-5.554
-5.48965
-5.37805
-5.48591
-5.52121
-5.50715
-5.53577
-5.56956
-5.54164
-5.48037
-5.50815
-5.49823
-5.53432
-5.54618
-5.64438
-5.58928
-5.64376
-5.63551
-5.56665
-5.56424
-5.53111
-5.51846
-5.61425
-5.59157
-5.56921
-5.57948
-5.58151
-5.49433
-5.52185
-5.40411
-5.39989
-5.35057
-5.39481
-5.52535
-5.4351
-5.43509
-5.59097
-5.56342
-5.5481
-5.5686
-5.57703
-5.56851
-5.60442
-5.52203
-5.51818
-5.55779
-5.58508
-5.49938
-5.50396
-5.42466
-5.37413
-5.41653
-5.49126
-5.41832
-5.46481
-5.49669
-5.48677
-5.43997
-5.43463
-5.50292
-5.45249
-5.45689
-5.39289
-5.37101
-5.36702
-5.27859
-5.28097
-5.36192
-5.40668
-5.43702
-5.45394
-5.47007
-5.47701
-5.3901
-5.42219
-5.40105
-5.43365
-5.43648
-5.42651
-5.46756
-5.45479
-5.42538
-5.46418
-5.50727
-5.49254
-5.47521
-5.3997
-5.44099
-5.40297
-5.33939
-5.47771
-5.47319
-5.36731
-5.43099
-5.40386
-5.43165
-5.44976
-5.37792
-5.43201
-5.50804
-5.42662
-5.47151
-5.42261
-5.50796
-5.42775
-5.4189
-5.44843
-5.39615
-5.41137
-5.37495
-5.41194
-5.39136
-5.47908
-5.45029
-5.38059
-5.43676
-5.43445
-5.48492
-5.48467
-5.56884
-5.63249
-5.64773
-5.61938
-5.55374
-5.57623
-5.54948
-5.4509
-5.5097
-5.49175
-5.59373
-5.66134
-5.50348
-5.48308
-5.50364
-5.51352
-5.50864
-5.6508
-5.6166
-5.64104
-5.53086
-5.54416
-5.43042
-5.56135
-5.4293
-5.62197
-5.56326
-5.60095
-5.55262
-5.49438
-5.43351
-5.4322
-5.48182
-5.37955
-5.42013
-5.50215
-5.46034
-5.48941
-5.55019
-5.56446
-5.53736
-5.60499
-5.55323
-5.48086
-5.43792
-5.55468
-5.50023
-5.43551
-5.38419
-5.47046
-5.45225
-5.49389
-5.40493
-5.37682
-5.42632
-5.48042
-5.48717
-5.39384
-5.43356
-5.41839
-5.36395
-5.34948
-5.32661
-5.43239
-5.3156
-5.22414
-5.31655
-5.40142
-5.35613
-5.27522
-5.42819
-5.38008
-5.40098
-5.33689
-5.32525
-5.37515
-5.35654
-5.42461
-5.35527
-5.36521
-5.30386
-5.2354
-5.36439
-5.52806
-5.54353
-5.55625
-5.57575
-5.4872
-5.53071
-5.56909
-5.55328
-5.4966
-5.59381
-5.56038
-5.48293
-5.48913
-5.45915
-5.50234
-5.41073
-5.40646
-5.26979
-5.27369
-5.30508
-5.39899
-5.3567
-5.47936
-5.59183
-5.63023
-5.61199
-5.61186
-5.52864
-5.60157
-5.56086
-5.50728
-5.48659
-5.46715
-5.42524
-5.45845
-5.4319
-5.44565
-5.51373
-5.38325
-5.39005
-5.35975
-5.35068
-5.44861
-5.45564
-5.5726
-5.47474
-5.47973
-5.38252
-5.37483
-5.42104
-5.42023
-5.40334
-5.29547
-5.33624
-5.34832
-5.43169
-5.39187
-5.5076
-5.44296
-5.45955
-5.50184
-5.53048
-5.50932
-5.34949
-5.42518
-5.43231
-5.50625
-5.4976
-5.37914
-5.41299
-5.4585
-5.43786
-5.48742
-5.52432
-5.43566
-5.42252
-5.44962
-5.3727
-5.42279
-5.46443
-5.55646
-5.50007
-5.46303
-5.47215
-5.46931
-5.46267
-5.48063
-5.36122
-5.35661
-5.39017
-5.38917
-5.45849
-5.49558
-5.58057
-5.61622
-5.53829
-5.49957
-5.53288
-5.54082
-5.50524
-5.46545
-5.41886
-5.48507
-5.39422
-5.37519
-5.30915
-5.38603
-5.34825
-5.33827
-5.42232
-5.39165
-5.41105
-5.39223
-5.43241
-5.30011
-5.35674
-5.35292
-5.31936
-5.34222
-5.31753
-5.39958
-5.34302
-5.35466
-5.37384
-5.28548
-5.25666
-5.30708
-5.27734
-5.32294
-5.31326
-5.26715
-5.27285
-5.33833
-5.33545
-5.42363
-5.34637
-5.40228
-5.37529
-5.38341
-5.37661
-5.4475
-5.47469
-5.47762
-5.51668
-5.49147
-5.38222
-5.41361
-5.46167
-5.42477
-5.51412
-5.51109
-5.52234
-5.42934
-5.45346
-5.52227
-5.54424
-5.5212
-5.46345
-5.42821
-5.54966
-5.57824
-5.60425
-5.59869
-5.57135
-5.55554
-5.58112
-5.50903
-5.46423
-5.52811
-5.45743
-5.33
-5.29025
-5.33189
-5.37239
-5.36014
-5.43241
-5.41883
-5.39518
-5.38327
-5.32865
-5.33104
-5.34483
-5.41438
-5.3816
-5.43447
-5.53378
-5.57587
-5.53492
-5.45846
-5.37172
-5.3756
-5.44898
-5.41764
-5.52101
-5.46574
-5.41454
-5.39539
-5.37877
-5.34522
-5.37085
-5.35606
-5.35059
-5.25768
-5.33954
-5.33397
-5.39722
-5.34457
-5.22209
-5.27637
-5.26888
-5.26544
-5.33921
-5.39129
-5.40812
-5.42214
-5.42263
-5.37229
-5.37198
-5.29143
-5.35839
-5.35889
-5.33808
-5.31475
-5.38824
-5.46202
-5.43285
-5.60778
-5.5646
-5.59198
-5.62698
-5.63233
-5.6752
-5.60711
-5.52909
-5.5128
-5.49055
-5.54454
-5.58874
-5.55746
-5.63359
-5.62635
-5.50723
-5.60182
-5.68673
-5.64855
-5.58599
-5.57153
-5.51298
-5.61891
-5.60197
-5.56176
-5.56926
-5.48577
-5.4688
-5.39198
-5.43965
-5.52752
-5.47377
-5.54154
-5.56448
-5.49042
-5.45176
-5.53045
-5.4456
-5.47371
-5.39887
-5.49303
-5.62526
-5.53894
-5.51128
-5.60759
-5.57291
-5.50831
-5.52702
-5.57623
-5.61917
-5.66923
-5.67982
-5.61087
-5.69299
-5.69661
-5.68012
-5.58105
-5.60133
-5.50892
-5.48842
-5.45862
-5.49638
-5.43205
-5.42637
-5.47158
-5.4123
-5.38577
-5.43279
-5.36833
-5.35484
-5.31158
-5.248
-5.35159
-5.32717
-5.24519
-5.27043
-5.22745
-5.27967
-5.25238
-5.33446
-5.31738
-5.44661
-5.45787
-5.41864
-5.40518
-5.54214
-5.51685
-5.49212
-5.45339
-5.53103
-5.45582
-5.4039
-5.39901
-5.36445
-5.34917
-5.32297
-5.36029
-5.35631
-5.39958
-5.45083
-5.38729
-5.4521
-5.419
-5.38159
-5.38632
-5.28119
-5.34114
-5.3909
-5.4305
-5.46453
-5.43081
-5.3501
-5.38829
-5.39332
-5.51324
-5.48728
-5.48141
-5.40256
-5.41492
-5.37851
-5.43803
-5.41133
-5.34793
-5.36374
-5.34898
-5.32672
-5.25381
-5.28254
-5.26469
-5.21037
-5.41895
-5.46949
-5.46424
-5.48932
-5.40461
-5.43327
-5.42468
-5.3317
-5.32696
-5.37807
-5.43714
-5.45163
-5.41555
-5.40145
-5.42065
-5.43326
-5.43166
-5.47472
-5.45239
-5.39486
-5.38091
-5.46926
-5.50659
-5.45194
-5.49889
-5.6253
-5.61074
-5.545
-5.5232
-5.48012
-5.41672
-5.52742
-5.46651
-5.51631
-5.39611
-5.4592
-5.46237
-5.48458
-5.46701
-5.39197
-5.3591
-5.52658
-5.49438
-5.52743
-5.54546
-5.49525
-5.4619
-5.3601
-5.33113
-5.41101
-5.48888
-5.45748
-5.53398
-5.5544
-5.58148
-5.57032
-5.59857
-5.64296
-5.57262
-5.50377
-5.47822
-5.40867
-5.51516
-5.52126
-5.49144
-5.40194
-5.45591
-5.31622
-5.34987
-5.34001
-5.32594
-5.3289
-5.36184
-5.43095
-5.35998
-5.44601
-5.44676
-5.30817
-5.26925
-5.3402
-5.45257
-5.4692
-5.35236
-5.43442
-5.27445
-5.36676
-5.39045
-5.49849
-5.44462
-5.43116
-5.37129
-5.45045
-5.50406
-5.56677
-5.56029
-5.54473
-5.43094
-5.43142
-5.41735
-5.4523
-5.42444
-5.38343
-5.30596
-5.31435
-5.38696
-5.44806
-5.45358
-5.38595
-5.50345
-5.47479
-5.49639
-5.61386
-5.61239
-5.59024
-5.57044
-5.47913
-5.45398
-5.42169
-5.54035
-5.5692
-5.49984
-5.49863
-5.48256
-5.43151
-5.53277
-5.55804
-5.61181
-5.60465
-5.64509
-5.56976
-5.51734
-5.53266
-5.52849
-5.41891
-5.52689
-5.54185
-5.54827
-5.52848
-5.52913
-5.55987
-5.47477
-5.41259
-5.46278
-5.59549
-5.5898
-5.50344
-5.53722
-5.52558
-5.52359
-5.55036
-5.55752
-5.55008
-5.60546
-5.6615
-5.65929
-5.5592
-5.61981
-5.55828
-5.56923
-5.52872
-5.44846
-5.48885
-5.45083
-5.39709
-5.38888
-5.38043
-5.40962
-5.39532
-5.49927
-5.50667
-5.51655
-5.48845
-5.45159
-5.46062
-5.45043
-5.50345
-5.54348
-5.59088
-5.53678
-5.43418
-5.41767
-5.36532
-5.43031
-5.36082
-5.38746
-5.28161
-5.36146
-5.29798
-5.36682
-5.46629
-5.50052
-5.57021
-5.4992
-5.46393
-5.40855
-5.44546
-5.36322
-5.39441
-5.43077
-5.48598
-5.5005
-5.4663
-5.47564
-5.50175
-5.50456
-5.52703
-5.39769
-5.43519
-5.47292
-5.49961
-5.4828
-5.50758
-5.56197
-5.49457
-5.45201
-5.463
-5.63473
-5.58962
-5.64354
-5.72235
-5.67933
-5.66033
-5.63015
-5.50871
-5.56045
-5.57409
-5.56039
-5.62064
-5.55363
-5.5754
-5.49225
-5.49339
-5.51859
-5.45112
-5.50084
-5.53633
-5.49445
-5.52144
-5.45405
-5.42734
-5.44434
-5.40789
-5.375
-5.42742
-5.45552
-5.49524
-5.41071
-5.33276
-5.41839
-5.43508
-5.50868
-5.52023
-5.5081
-5.55787
-5.5579
-5.55353
-5.60053
-5.53784
-5.59006
-5.6319
-5.69135
-5.61137
-5.60572
-5.55764
-5.53806
-5.49269
-5.55493
-5.48816
-5.45198
-5.411
-5.38876
-5.47479
-5.3734
-5.35584
-5.39698
-5.41409
-5.37344
-5.41362
-5.49387
-5.53529
-5.45679
-5.44143
-5.57172
-5.49029
-5.48789
-5.50284
-5.522
-5.59076
-5.4933
-5.4676
-5.50673
-5.43934
-5.44865
-5.52151
-5.57459
-5.56295
-5.39123
-5.46405
-5.50349
-5.45321
-5.53755
-5.45999
-5.36131
-5.32044
-5.26133
-5.35413
-5.4727
-5.43212
-5.45526
-5.46277
-5.46197
-5.42627
-5.47435
-5.49272
-5.4788
-5.4476
-5.39706
-5.36486
-5.32821
-5.41792
-5.48261
-5.47699
-5.44602
-5.44577
-5.44639
-5.42168
-5.47599
-5.51892
-5.53527
-5.51681
-5.45498
-5.483
-5.47993
-5.48336
-5.49091
-5.42133
-5.29224
-5.30138
-5.37374
-5.45068
-5.39805
-5.41061
-5.39978
-5.38695
-5.4276
-5.44396
-5.30085
-5.30573
-5.40073
-5.42644
-5.41469
-5.30853
-5.22032
-5.41458
-5.44591
-5.37738
-5.35617
-5.40612
-5.43224
-5.4971
-5.57513
-5.48195
-5.47809
-5.51329
-5.52301
-5.42335
-5.39868
-5.45545
-5.44045
-5.57071
-5.38164
-5.39509
-5.32715
-5.25323
-5.28748
-5.30451
-5.25338
-5.28036
-5.30265
-5.38772
-5.38093
-5.27242
-5.30838
-5.36739
-5.41816
-5.44839
-5.49297
-5.48642
-5.43169
-5.40344
-5.38449
-5.2769
-5.11033
-5.18333
-5.22483
-5.32992
-5.26231
-5.19395
-5.23903
-5.33948
-5.34348
-5.41234
-5.40457
-5.38438
-5.38608
-5.29803
-5.3422
-5.42304
-5.46521
-5.47045
-5.50863
-5.42076
-5.39709
-5.4116
-5.3673
-5.36734
-5.37947
-5.44146
-5.43547
-5.45326
-5.44572
-5.38046
-5.30201
-5.2566
-5.42446
-5.44273
-5.47842
-5.52667
-5.48682
-5.41519
-5.41973
-5.39778
-5.38453
-5.43941
-5.47316
-5.53868
-5.49304
-5.55033
-5.57003
-5.54398
-5.51361
-5.51458
-5.451
-5.50176
-5.45622
-5.46599
-5.43311
-5.35884
-5.45898
-5.44746
-5.43559
-5.3744
-5.40511
-5.38924
-5.50104
-5.54658
-5.52203
-5.53599
-5.46623
-5.48836
-5.50407
-5.42416
-5.4345
-5.41891
-5.47663
-5.46399
-5.47326
-5.40619
-5.47888
-5.49173
-5.51326
-5.51043
-5.50333
-5.47499
-5.52193
-5.55954
-5.62388
-5.58897
-5.57546
-5.70881
-5.70867
-5.69995
-5.55564
-5.55809
-5.59943
-5.56377
-5.59163
-5.49182
-5.51458
-5.49091
-5.46123
-5.58619
-5.56484
-5.60004
-5.66844
-5.66568
-5.64749
-5.53512
-5.61638
-5.53015
-5.47353
-5.59066
-5.54392
-5.49748
-5.55311
-5.52851
-5.5126
-5.5567
-5.57107
-5.47471
-5.52626
-5.47547
-5.45297
-5.45263
-5.56675
-5.56761
-5.59099
-5.41134
-5.55167
-5.63921
-5.65561
-5.65473
-5.55705
-5.52219
-5.50553
-5.46432
-5.45252
-5.44555
-5.47164
-5.4866
-5.60017
-5.44495
-5.39658
-5.44068
-5.5263
-5.48205
-5.47885
-5.47765
-5.43512
-5.46859
-5.45851
-5.55216
-5.50774
-5.53437
-5.62681
-5.54263
-5.505
-5.5365
-5.48469
-5.5762
-5.66987
-5.66069
-5.52984
-5.43548
-5.50475
-5.43694
-5.4245
-5.45675
-5.52378
-5.47872
-5.42076
-5.49965
-5.51036
-5.42917
-5.47903
-5.48884
-5.50426
-5.46526
-5.5067
-5.47195
-5.44774
-5.49431
-5.48483
-5.5687
-5.60668
-5.58779
-5.4408
-5.46981
-5.52967
-5.46203
-5.45937
-5.52138
-5.52019
-5.50044
-5.46193
-5.4905
-5.50601
-5.43123
-5.4606
-5.40177
-5.40486
-5.45183
-5.43429
-5.38036
-5.36752
-5.28508
-5.34137
-5.22911
-5.23832
-5.32722
-5.31538
-5.39257
-5.2511
-5.22869
-5.25648
-5.21686
-5.24717
-5.29795
-5.22404
-5.27449
-5.28187
-5.32285
-5.40819
-5.46886
-5.44935
-5.40503
-5.42597
-5.49263
-5.45276
-5.41411
-5.31498
-5.34825
-5.36795
-5.31411
-5.27135
-5.29118
-5.29986
-5.29933
-5.34655
-5.33928
-5.29069
-5.23994
-5.28303
-5.27964
-5.29168
-5.30426
-5.45238
-5.43604
-5.36719
-5.29078
-5.2395
-5.32626
-5.3593
-5.38629
-5.33943
-5.30326
-5.39081
-5.35967
-5.27936
-5.34903
-5.42904
-5.47869
-5.45359
-5.46427
-5.43437
-5.47118
-5.45977
-5.52513
-5.57158
-5.5064
-5.47142
-5.55955
-5.43065
-5.53056
-5.51568
-5.45879
-5.45383
-5.27819
-5.22137
-5.35035
-5.38883
-5.5448
-5.48871
-5.43742
-5.44151
-5.41546
-5.40226
-5.44984
-5.3982
-5.39002
-5.39861
-5.4451
-5.32971
-5.26741
-5.27596
-5.22591
-5.29386
-5.26426
-5.21105
-5.22144
-5.29056
-5.27021
-5.4192
-5.41394
-5.40592
-5.32626
-5.367
-5.35426
-5.3895
-5.42543
-5.50617
-5.52086
-5.45685
-5.50725
-5.41742
-5.49403
-5.48427
-5.42501
-5.38564
-5.33757
-5.43318
-5.38755
-5.38483
-5.2972
-5.36915
-5.33473
-5.41165
-5.40129
-5.39892
-5.55574
-5.46417
-5.49003
-5.44878
-5.37786
-5.39304
-5.38586
-5.42515
-5.47027
-5.46732
-5.51965
-5.51359
-5.40793
-5.42872
-5.5177
-5.51028
-5.55232
-5.43332
-5.45077
-5.47281
-5.43268
-5.46277
-5.52772
-5.46543
-5.4831
-5.52969
-5.62155
-5.57098
-5.53481
-5.46189
-5.45155
-5.46629
-5.44308
-5.5196
-5.49385
-5.51031
-5.53585
-5.59796
-5.67438
-5.64018
-5.64743
-5.55702
-5.42921
-5.39859
-5.50735
-5.43732
-5.49915
-5.53017
-5.46698
-5.55318
-5.62552
-5.61374
-5.58965
-5.59595
-5.61626
-5.60091
-5.66548
-5.60499
-5.56144
-5.59141
-5.67864
-5.5251
-5.56849
-5.47844
-5.48863
-5.4261
-5.538
-5.50278
-5.50394
-5.51025
-5.47941
-5.40551
-5.57732
-5.50936
-5.46091
-5.45954
-5.43861
-5.51432
-5.51898
-5.50917
-5.51869
-5.64107
-5.6218
-5.56306
-5.53218
-5.54786
-5.54029
-5.53876
-5.53667
-5.53466
-5.5706
-5.61478
-5.602
-5.66483
-5.56823
-5.57655
-5.55226
-5.55004
-5.54782
-5.61524
-5.61082
-5.60932
-5.56358
-5.56524
-5.57971
-5.54108
-5.50976
-5.46723
-5.54214
-5.51657
-5.54042
-5.51159
-5.5044
-5.50513
-5.45286
-5.46107
-5.40736
-5.43653
-5.5232
-5.4918
-5.32583
-5.27314
-5.40472
-5.43198
-5.45365
-5.46021
-5.47213
-5.4583
-5.48418
-5.40681
-5.56172
-5.60992
-5.57827
-5.55392
-5.54925
-5.50625
-5.45394
-5.53829
-5.49388
-5.38526
-5.58448
-5.5173
-5.60606
-5.5213
-5.52827
-5.49247
-5.45621
-5.33179
-5.48072
-5.37272
-5.31834
-5.33731
-5.42444
-5.48193
-5.52031
-5.49936
-5.42727
-5.42502
-5.41258
-5.45898
-5.49759
-5.48244
-5.55701
-5.6143
-5.55275
-5.56381
-5.61276
-5.61072
-5.60999
-5.53308
-5.60916
-5.56452
-5.56909
-5.54769
-5.55522
-5.53009
-5.45411
-5.49772
-5.47283
-5.44227
-5.38877
-5.3332
-5.3643
-5.40518
-5.46163
-5.40533
-5.40939
-5.4964
-5.51402
-5.60924
-5.52835
-5.41032
-5.34461
-5.41929
-5.48973
-5.49185
-5.41871
-5.43584
-5.43776
-5.37445
-5.34584
-5.50426
-5.50795
-5.47391
-5.42861
-5.45829
-5.52525
-5.48646
-5.43269
-5.48601
-5.46351
-5.47609
-5.53304
-5.49753
-5.50619
-5.5487
-5.49445
-5.46197
-5.50993
-5.46659
-5.45174
-5.47488
-5.47709
-5.51565
-5.52916
-5.51548
-5.39591
-5.45946
-5.52891
-5.40834
-5.42372
-5.45608
-5.43406
-5.26783
-5.31533
-5.33462
-5.45954
-5.34617
-5.40149
-5.4585
-5.46159
-5.35194
-5.31568
-5.4574
-5.46626
-5.43357
-5.38302
-5.37551
-5.46219
-5.39536
-5.51932
-5.48439
-5.5504
-5.45229
-5.40185
-5.42486
-5.5451
-5.63496
-5.62041
-5.51437
-5.45425
-5.46329
-5.47783
-5.48998
-5.50112
-5.50647
-5.5615
-5.51902
-5.46189
-5.46802
-5.46604
-5.43316
-5.53495
-5.55463
-5.53438
-5.43662
-5.41735
-5.33593
-5.35298
-5.48486
-5.52745
-5.44699
-5.42717
-5.37327
-5.38561
-5.36783
-5.40495
-5.42522
-5.40262
-5.5388
-5.55944
-5.45029
-5.40088
-5.40764
-5.41403
-5.39682
-5.47009
-5.49293
-5.49698
-5.51912
-5.48516
-5.4688
-5.46319
-5.42494
-5.43423
-5.39635
-5.45424
-5.45097
-5.46529
-5.4741
-5.47962
-5.42817
-5.48584
-5.49211
-5.45856
-5.59519
-5.57069
-5.57447
-5.43662
-5.57068
-5.53754
-5.6004
-5.6089
-5.59772
-5.52332
-5.49708
-5.49152
-5.51836
-5.49698
-5.47898
-5.46042
-5.44654
-5.46934
-5.47816
-5.59796
-5.56068
-5.486
-5.47211
-5.56059
-5.64886
-5.65075
-5.5885
-5.56703
-5.58964
-5.54813
-5.60749
-5.60579
-5.625
-5.51991
-5.57984
-5.43303
-5.45766
-5.51776
-5.47792
-5.44655
-5.57025
-5.61493
-5.5694
-5.49874
-5.52548
-5.54411
-5.58823
-5.52462
-5.55272
-5.51752
-5.44975
-5.38551
-5.57082
-5.58839
-5.64276
-5.61708
-5.50474
-5.5412
-5.45666
-5.47254
-5.43072
-5.47003
-5.46257
-5.45926
-5.46402
-5.51475
-5.49354
-5.42166
-5.46474
-5.45112
-5.53409
-5.45186
-5.50367
-5.43124
-5.42043
-5.54609
-5.56254
-5.50552
-5.47583
-5.55217
-5.51318
-5.49408
-5.49756
-5.44405
-5.48613
-5.4684
-5.52283
-5.5303
-5.5585
-5.52584
-5.52086
-5.47665
-5.54343
-5.40153
-5.41771
-5.50205
-5.4798
-5.52451
-5.54906
-5.53753
-5.54105
-5.57995
-5.45919
-5.39743
-5.46806
-5.46087
-5.42469
-5.39351
-5.44206
-5.43689
-5.43737
-5.48528
-5.47273
-5.51058
-5.4949
-5.43727
-5.47704
-5.4978
-5.43798
-5.45307
-5.47122
-5.52998
-5.52639
-5.47852
-5.43839
-5.52215
-5.56931
-5.6325
-5.54848
-5.5155
-5.49769
-5.41775
-5.45112
-5.49611
-5.52142
-5.48194
-5.44684
-5.46346
-5.42176
-5.43779
-5.53782
-5.57457
-5.63675
-5.49969
-5.54701
-5.60167
-5.60073
-5.62424
-5.67724
-5.66115
-5.69837
-5.71401
-5.66388
-5.74089
-5.71441
-5.77023
-5.65529
-5.58224
-5.5836
-5.44441
-5.48762
-5.48008
-5.48506
-5.47306
-5.46099
-5.52939
-5.64061
-5.49007
-5.50709
-5.61042
-5.55204
-5.51697
-5.52159
-5.5371
-5.60178
-5.51987
-5.56377
-5.45994
-5.40148
-5.36034
-5.3689
-5.32464
-5.32031
-5.34725
-5.30448
-5.35238
-5.37245
-5.33949
-5.44964
-5.36997
-5.32843
-5.38279
-5.36913
-5.49677
-5.48919
-5.44996
-5.47154
-5.50581
-5.47814
-5.46333
-5.49495
-5.52562
-5.57866
-5.56478
-5.53201
-5.50101
-5.44213
-5.48014
-5.46819
-5.43086
-5.36794
-5.34697
-5.42032
-5.39124
-5.48731
-5.52601
-5.54335
-5.46782
-5.53728
-5.50436
-5.46833
-5.53925
-5.51216
-5.45259
-5.44043
-5.45335
-5.47561
-5.40059
-5.40234
-5.5254
-5.36232
-5.4474
-5.46983
-5.47173
-5.49419
-5.54973
-5.56361
-5.523
-5.44357
-5.51273
-5.59035
-5.56957
-5.56379
-5.52213
-5.44098
-5.38944
-5.34193
-5.35345
-5.3147
-5.3646
-5.35682
-5.40694
-5.44777
-5.41231
-5.40446
-5.49679
-5.37916
-5.51129
-5.50354
-5.52245
-5.46377
-5.36406
-5.42441
-5.51148
-5.56459
-5.58659
-5.53752
-5.62966
-5.50296
-5.26712
-5.35876
-5.39715
-5.35732
-5.41813
-5.38244
-5.35556
-5.37209
-5.34833
-5.3119
-5.3098
-5.35819
-5.38899
-5.27694
-5.33229
-5.33187
-5.24273
-5.35929
-5.32789
-5.34955
-5.30182
-5.35285
-5.20831
-5.18422
-5.30451
-5.3278
-5.40143
-5.40909
-5.46556
-5.38413
-5.37357
-5.35501
-5.35009
-5.38735
-5.33671
-5.30082
-5.34797
-5.54454
-5.44913
-5.38762
-5.41198
-5.33232
-5.30436
-5.30721
-5.25607
-5.19234
-5.31686
-5.33296
-5.42838
-5.46166
-5.45791
-5.49879
-5.49553
-5.43169
-5.3722
-5.34677
-5.44163
-5.44759
-5.42007
-5.48641
-5.53152
-5.47647
-5.51221
-5.51076
-5.43846
-5.50263
-5.53131
-5.46982
-5.53992
-5.56204
-5.47915
-5.46038
-5.39705
-5.44533
-5.44986
-5.48755
-5.47914
-5.33194
-5.4523
-5.46534
-5.44958
-5.4494
-5.47749
-5.34979
-5.30458
-5.26411
-5.31704
-5.33194
-5.3905
-5.41146
-5.41806
-5.4323
-5.48646
-5.50256
-5.50268
-5.46505
-5.38835
-5.4473
-5.32984
-5.31733
-5.26892
-5.30324
-5.31557
-5.33356
-5.4258
-5.39682
-5.38413
-5.40699
-5.3203
-5.36246
-5.33423
-5.28334
-5.31677
-5.2992
-5.28601
-5.28979
-5.43906
-5.45616
-5.38642
-5.39349
-5.39688
-5.43634
-5.40826
-5.31422
-5.3793
-5.40522
-5.38338
-5.33083
-5.36977
-5.31312
-5.21231
-5.3456
-5.34895
-5.2795
-5.29773
-5.34969
-5.31828
-5.31193
-5.26577
-5.24708
-5.30617
-5.15786
-5.12404
-5.06654
-5.19158
-5.3409
-5.3314
-5.27782
-5.31259
-5.27862
-5.38297
-5.44876
-5.47696
-5.34194
-5.33111
-5.34034
-5.32233
-5.38604
-5.39249
-5.38509
-5.50444
-5.512
-5.54594
-5.49393
-5.44489
-5.4612
-5.48336
-5.39008
-5.44987
-5.40647
-5.42882
-5.3936
-5.3218
-5.40726
-5.4357
-5.46836
-5.55964
-5.49207
-5.41493
-5.3442
-5.50439
-5.50669
-5.47011
-5.39885
-5.38556
-5.33038
-5.45636
-5.46284
-5.45634
-5.38584
-5.35181
-5.35122
-5.41364
-5.21535
-5.24623
-5.28619
-5.29149
-5.34652
-5.36217
-5.47567
-5.46882
-5.4684
-5.50674
-5.48782
-5.34015
-5.37979
-5.43399
-5.50731
-5.53843
-5.41989
-5.46278
-5.4208
-5.51109
-5.50729
-5.48141
-5.49357
-5.44122
-5.3976
-5.31784
-5.44417
-5.51462
-5.48888
-5.45079
-5.41979
-5.44708
-5.53964
-5.55595
-5.58415
-5.59736
-5.52365
-5.42902
-5.32134
-5.3687
-5.37951
-5.33711
-5.37486
-5.29903
-5.32739
-5.31761
-5.3324
-5.27556
-5.46507
-5.4152
-5.46627
-5.40948
-5.46999
-5.44939
-5.40682
-5.50277
-5.56752
-5.5472
-5.49572
-5.49638
-5.44408
-5.38091
-5.46127
-5.52755
-5.49621
-5.51521
-5.60794
-5.65014
-5.51594
-5.51352
-5.44638
-5.47886
-5.54726
-5.46179
-5.41972
-5.38376
-5.4639
-5.35359
-5.44301
-5.47418
-5.40242
-5.38316
-5.39509
-5.38302
-5.37638
-5.46723
-5.4046
-5.395
-5.51034
-5.54057
-5.52906
-5.51378
-5.55248
-5.47431
-5.4345
-5.45505
-5.36839
-5.36104
-5.40204
-5.36469
-5.47881
-5.44709
-5.40798
-5.52031
-5.40527
-5.41416
-5.39076
-5.37806
-5.44789
-5.42521
-5.38101
-5.34912
-5.32424
-5.29455
-5.39636
-5.43019
-5.41905
-5.45539
-5.45871
-5.43077
-5.45336
-5.29599
-5.33942
-5.32715
-5.31003
-5.38383
-5.3982
-5.43696
-5.42226
-5.39832
-5.32806
-5.31299
-5.4205
-5.39851
-5.38653
-5.41762
-5.44169
-5.41765
-5.41802
-5.53311
-5.49375
-5.42816
-5.44531
-5.34625
-5.26767
-5.25173
-5.16874
-5.21901
-5.26142
-5.20905
-5.15682
-5.07781
-5.22089
-5.23766
-5.22462
-5.25142
-5.23783
-5.21565
-5.31154
-5.38805
-5.28784
-5.38639
-5.43106
-5.43653
-5.41264
-5.44603
-5.45793
-5.43978
-5.48113
-5.47882
-5.3872
-5.37731
-5.38645
-5.40974
-5.434
-5.45097
-5.42437
-5.50728
-5.43678
-5.51532
-5.38664
-5.48639
-5.43923
-5.48065
-5.42062
-5.44582
-5.4066
-5.38657
-5.32054
-5.30883
-5.36899
-5.37788
-5.34925
-5.38044
-5.34142
-5.35104
-5.37378
-5.34776
-5.26914
-5.27588
-5.27294
-5.26125
-5.37587
-5.45032
-5.34153
-5.37592
-5.40865
-5.40869
-5.33645
-5.30061
-5.39909
-5.3699
-5.33746
-5.36052
-5.39504
-5.33973
-5.31714
-5.26863
-5.30161
-5.26294
-5.15139
-5.30811
-5.29428
-5.34625
-5.1056
-5.07074
-5.10416
-5.09479
-5.16354
-5.14526
-5.14651
-5.29364
-5.33534
-5.34547
-5.28091
-5.22242
-5.25963
-5.3751
-5.32217
-5.36203
-5.34077
-5.39094
-5.38156
-5.30757
-5.22162
-5.30197
-5.24871
-5.24658
-5.30765
-5.31839
-5.48246
-5.47749
-5.26655
-5.47857
-5.45995
-5.46085
-5.48602
-5.52295
-5.48029
-5.35513
-5.47525
-5.46475
-5.46489
-5.49447
-5.46854
-5.3694
-5.44903
-5.36886
-5.39296
-5.39207
-5.37226
-5.44257
-5.44487
-5.43083
-5.39843
-5.3224
-5.22696
-5.27456
-5.351
-5.41301
-5.33628
-5.315
-5.19394
-5.14413
-5.10468
-5.21631
-5.23007
-5.14072
-5.1702
-5.29129
-5.31567
-5.42907
-5.36945
-5.3648
-5.35121
-5.31313
-5.33933
-5.36163
-5.4405
-5.36407
-5.48275
-5.53841
-5.53316
-5.44851
-5.46434
-5.46081
-5.41937
-5.43929
-5.4383
-5.53578
-5.50815
-5.47344
-5.39773
-5.33606
-5.28197
-5.20485
-5.24377
-5.32648
-5.26227
-5.32186
-5.34264
-5.34317
-5.35699
-5.45412
-5.37339
-5.36367
-5.20945
-5.215
-5.25746
-5.26793
-5.31375
-5.35855
-5.3377
-5.28897
-5.30043
-5.36688
-5.42966
-5.4225
-5.45726
-5.44341
-5.52532
-5.52117
-5.56972
-5.57871
-5.56924
-5.66913
-5.6848
-5.68395
-5.56603
-5.57831
-5.45406
-5.4975
-5.4828
-5.46438
-5.54202
-5.4499
-5.32941
-5.1926
-5.27656
-5.35266
-5.36774
-5.37931
-5.41227
-5.41034
-5.48043
-5.42764
-5.49034
-5.50787
-5.43861
-5.42384
-5.46249
-5.47975
-5.45666
-5.49626
-5.54031
-5.55041
-5.39501
-5.39822
-5.46115
-5.42815
-5.53499
-5.41982
-5.41914
-5.37769
-5.35794
-5.44563
-5.51587
-5.45685
-5.44192
-5.36617
-5.4756
-5.57485
-5.60282
-5.5502
-5.52006
-5.44862
-5.42383
-5.43155
-5.41132
-5.50846
-5.4859
-5.47965
-5.45696
-5.50155
-5.59788
-5.55062
-5.53353
-5.4965
-5.60735
-5.58426
-5.54839
-5.53662
-5.43673
-5.471
-5.48963
-5.57213
-5.43202
-5.3977
-5.30591
-5.3576
-5.29652
-5.26822
-5.36711
-5.35969
-5.29928
-5.34797
-5.27466
-5.30116
-5.35783
-5.38304
-5.38259
-5.50123
-5.54269
-5.47075
-5.33331
-5.45122
-5.5081
-5.45137
-5.4663
-5.51227
-5.4607
-5.5157
-5.50127
-5.40001
-5.46529
-5.43158
-5.48207
-5.39943
-5.41723
-5.4428
-5.46028
-5.39448
-5.34162
-5.35583
-5.39626
-5.441
-5.43578
-5.55347
-5.4936
-5.51465
-5.52913
-5.44879
-5.38752
-5.41159
-5.39736
-5.41117
-5.43053
-5.51757
-5.56691
-5.54387
-5.57283
-5.61268
-5.5831
-5.57082
-5.54507
-5.56379
-5.54617
-5.59554
-5.61169
-5.58058
-5.51776
-5.53126
-5.46078
-5.33011
-5.24398
-5.32932
-5.32741
-5.35596
-5.41647
-5.30275
-5.34975
-5.36025
-5.32683
-5.3154
-5.35778
-5.33603
-5.38557
-5.38759
-5.37663
-5.35791
-5.36499
-5.41378
-5.45751
-5.47289
-5.56622
-5.58865
-5.62685
-5.58775
-5.63419
-5.71175
-5.64679
-5.60583
-5.55716
-5.50921
-5.58107
-5.59157
-5.57013
-5.64806
-5.52824
-5.59352
-5.55237
-5.63202
-5.60272
-5.56667
-5.58286
-5.53059
-5.53866
-5.51435
-5.50575
-5.54751
-5.64917
-5.62118
-5.67042
-5.63772
-5.54735
-5.58435
-5.67987
-5.69517
-5.63542
-5.60727
-5.59809
-5.58476
-5.46164
-5.51003
-5.48436
-5.59821
-5.6228
-5.62432
-5.54019
-5.54717
-5.54754
-5.5024
-5.50489
-5.40174
-5.54609
-5.50816
-5.51792
-5.54248
-5.53652
-5.55607
-5.4913
-5.44439
-5.41429
-5.38723
-5.36378
-5.41151
-5.50619
-5.52334
-5.53157
-5.48343
-5.51382
-5.45563
-5.51533
-5.57224
-5.52866
-5.62268
-5.56688
-5.57207
-5.49115
-5.49826
-5.60734
-5.63288
-5.56244
-5.59181
-5.60847
-5.69591
-5.69313
-5.73957
-5.6536
-5.64926
-5.51713
-5.54773
-5.54122
-5.49504
-5.52606
-5.48863
-5.53293
-5.55903
-5.51384
-5.52577
-5.55632
-5.57647
-5.59498
-5.51004
-5.43379
-5.43785
-5.57678
-5.50965
-5.45534
-5.38749
-5.38759
-5.41575
-5.42092
-5.42246
-5.44955
-5.43684
-5.46673
-5.44603
-5.3665
-5.42128
-5.48993
-5.5125
-5.5042
-5.47041
-5.4426
-5.52507
-5.4794
-5.5023
-5.56416
-5.59294
-5.52553
-5.43023
-5.48104
-5.44552
-5.40737
-5.41869
-5.4833
-5.46135
-5.56259
-5.50753
-5.47435
-5.52407
-5.57324
-5.6079
-5.5307
-5.54606
-5.53806
-5.47031
-5.54498
-5.56701
-5.51544
-5.496
-5.54915
-5.56947
-5.68884
-5.54763
-5.48925
-5.50496
-5.51913
-5.50204
-5.46744
-5.42379
-5.41689
-5.45853
-5.45101
-5.4369
-5.46103
-5.53542
-5.59024
-5.61278
-5.56318
-5.56118
-5.46865
-5.51644
-5.56456
-5.57494
-5.54168
-5.52604
-5.53961
-5.52615
-5.50936
-5.49651
-5.49776
-5.48038
-5.53683
-5.4861
-5.51093
-5.52305
-5.56644
-5.55444
-5.45395
-5.47549
-5.40607
-5.4312
-5.49848
-5.48207
-5.47766
-5.50431
-5.56228
-5.53914
-5.52735
-5.55033
-5.41989
-5.43398
-5.32133
-5.41907
-5.41818
-5.4496
-5.48084
-5.45015
-5.53277
-5.61479
-5.54534
-5.48964
-5.47634
-5.49504
-5.57551
-5.57334
-5.47495
-5.46937
-5.42578
-5.50202
-5.57745
-5.49553
-5.45027
-5.40863
-5.4226
-5.4509
-5.47461
-5.49755
-5.48407
-5.49483
-5.54447
-5.51518
-5.41537
-5.49248
-5.51801
-5.42758
-5.35448
-5.38666
-5.41307
-5.36468
-5.27205
-5.27391
-5.30045
-5.32724
-5.34932
-5.29399
-5.42629
-5.43713
-5.35972
-5.45967
-5.54249
-5.54273
-5.49583
-5.57735
-5.47763
-5.53173
-5.4766
-5.58129
-5.59217
-5.50571
-5.48321
-5.51285
-5.51725
-5.38345
-5.44301
-5.48161
-5.43767
-5.51936
-5.48545
-5.48041
-5.50046
-5.5545
-5.55176
-5.59162
-5.58554
-5.60763
-5.50715
-5.47363
-5.35048
-5.36952
-5.48493
-5.452
-5.46998
-5.37651
-5.3425
-5.38212
-5.36554
-5.49392
-5.48311
-5.37771
-5.39683
-5.35789
-5.4562
-5.49125
-5.53445
-5.51292
-5.58282
-5.5558
-5.66784
-5.63075
-5.58817
-5.53813
-5.57862
-5.57279
-5.56583
-5.52417
-5.60532
-5.62052
-5.548
-5.58999
-5.56835
-5.59351
-5.54755
-5.52346
-5.55053
-5.60738
-5.578
-5.58751
-5.577
-5.66151
-5.57555
-5.54459
-5.60565
-5.65586
-5.65831
-5.68508
-5.66858
-5.63069
-5.52028
-5.52979
-5.48407
-5.5454
-5.5202
-5.56107
-5.65039
-5.58806
-5.59137
-5.59391
-5.69477
-5.64064
-5.66092
-5.60384
-5.59419
-5.56857
-5.58786
-5.52929
-5.62717
-5.5344
-5.57085
-5.57172
-5.48271
-5.40568
-5.42239
-5.49713
-5.47192
-5.52554
-5.56376
-5.5881
-5.45697
-5.50992
-5.50358
-5.52252
-5.47378
-5.40872
-5.36867
-5.45177
-5.42625
-5.39298
-5.41471
-5.54289
-5.59151
-5.55307
-5.62241
-5.58283
-5.45801
-5.36634
-5.36208
-5.42602
-5.40063
-5.42683
-5.45401
-5.55196
-5.57571
-5.49084
-5.52984
-5.50769
-5.3853
-5.32611
-5.30315
-5.41702
-5.43117
-5.47245
-5.4701
-5.46676
-5.44186
-5.43697
-5.38112
-5.38112
-5.4003
-5.32201
-5.36783
-5.27495
-5.2577
-5.35012
-5.27651
-5.38179
-5.36811
-5.37864
-5.43228
-5.44035
-5.40598
-5.48194
-5.53362
-5.48644
-5.5129
-5.53754
-5.63532
-5.6163
-5.62045
-5.61294
-5.49467
-5.4908
-5.58656
-5.53331
-5.61662
-5.61991
-5.62605
-5.68554
-5.6934
-5.62646
-5.5875
-5.60525
-5.55261
-5.44224
-5.35235
-5.41646
-5.44913
-5.5042
-5.45164
-5.37259
-5.43927
-5.49905
-5.5243
-5.3989
-5.374
-5.44594
-5.46589
-5.42697
-5.43053
-5.51332
-5.50405
-5.51751
-5.60698
-5.63363
-5.62338
-5.61135
-5.65395
-5.49538
-5.50099
-5.43294
-5.51389
-5.56729
-5.38472
-5.46486
-5.5434
-5.42074
-5.38752
-5.41416
-5.39632
-5.4133
-5.38451
-5.38435
-5.38095
-5.38444
-5.29829
-5.32101
-5.39088
-5.39731
-5.41659
-5.37574
-5.37473
-5.41938
-5.42331
-5.51115
-5.53799
-5.57172
-5.56055
-5.46736
-5.40937
-5.40173
-5.38054
-5.42112
-5.3091
-5.3488
-5.33422
-5.39267
-5.30518
-5.44906
-5.5027
-5.49691
-5.45541
-5.46148
-5.41677
-5.49165
-5.41974
-5.41643
-5.43671
-5.44593
-5.37516
-5.36717
-5.34348
-5.36114
-5.48659
-5.50924
-5.55576
-5.47954
-5.43839
-5.48093
-5.42383
-5.46681
-5.44885
-5.47449
-5.5526
-5.52006
-5.4068
-5.47069
-5.48309
-5.38206
-5.46107
-5.47386
-5.48622
-5.40869
-5.43812
-5.43839
-5.3151
-5.14741
-5.19486
-5.34643
-5.20622
-5.16809
-5.26764
-5.22385
-5.23999
-5.32906
-5.35688
-5.28497
-5.32218
-5.37887
-5.28615
-5.28282
-5.3096
-5.29038
-5.33402
-5.31281
-5.26489
-5.21419
-5.22575
-5.25121
-5.3969
-5.38565
-5.35563
-5.36492
-5.30915
-5.37161
-5.3835
-5.29367
-5.21637
-5.23364
-5.25409
-5.30955
-5.31435
-5.2995
-5.4264
-5.27599
-5.26104
-5.2979
-5.28544
-5.23988
-5.34399
-5.27896
-5.24614
-5.25854
-5.34098
-5.44452
-5.50004
-5.40261
-5.52484
-5.61252
-5.5651
-5.46852
-5.40484
-5.46625
-5.47893
-5.48742
-5.46776
-5.49409
-5.41138
-5.41139
-5.49309
-5.56502
-5.4975
-5.54735
-5.57301
-5.44801
-5.48295
-5.4427
-5.46012
-5.44241
-5.47206
-5.40903
-5.48559
-5.44176
-5.39974
-5.39674
-5.44907
-5.48838
-5.53021
-5.54457
-5.5405
-5.49062
-5.57995
-5.50799
-5.49463
-5.58414
-5.60644
-5.58995
-5.46584
-5.58771
-5.50958
-5.53102
-5.58111
-5.59607
-5.58766
-5.52391
-5.5586
-5.50994
-5.55769
-5.62768
-5.63383
-5.57859
-5.55822
-5.58966
-5.54575
-5.57849
-5.50678
-5.45614
-5.5301
-5.60333
-5.48644
-5.49858
-5.41629
-5.42774
-5.29508
-5.41667
-5.56186
-5.55041
-5.54508
-5.50272
-5.44428
-5.45103
-5.47527
-5.46276
-5.39847
-5.38021
-5.3283
-5.37612
-5.44679
-5.49458
-5.44987
-5.45414
-5.5364
-5.56223
-5.54873
-5.56742
-5.56663
-5.55821
-5.54975
-5.46417
-5.44175
-5.46407
-5.38385
-5.27129
-5.28915
-5.30844
-5.25606
-5.39617
-5.35955
-5.30973
-5.3721
-5.36163
-5.29669
-5.35167
-5.37013
-5.35923
-5.33619
-5.35969
-5.4599
-5.42415
-5.41019
-5.4471
-5.44712
-5.42861
-5.40899
-5.40357
-5.50965
-5.37212
-5.35473
-5.31338
-5.2919
-5.27788
-5.40065
-5.44098
-5.45653
-5.46298
-5.48012
-5.47298
-5.50591
-5.53209
-5.52701
-5.47687
-5.49416
-5.40039
-5.29512
-5.30492
-5.35693
-5.4301
-5.39309
-5.28437
-5.30543
-5.3775
-5.4088
-5.44087
-5.51023
-5.45137
-5.45924
-5.4646
-5.49474
-5.41073
-5.37973
-5.41778
-5.44098
-5.45255
-5.45131
-5.40461
-5.38735
-5.32446
-5.23603
-5.18378
-5.26209
-5.23005
-5.25567
-5.34971
-5.41305
-5.43327
-5.43086
-5.46239
-5.49113
-5.50639
-5.50403
-5.44918
-5.31432
-5.32055
-5.44762
-5.44904
-5.55664
-5.52813
-5.54139
-5.54923
-5.5425
-5.58029
-5.54951
-5.52346
-5.52006
-5.57373
-5.50331
-5.60189
-5.60321
-5.61031
-5.58941
-5.6115
-5.52326
-5.42973
-5.48589
-5.475
-5.41799
-5.41369
-5.40115
-5.42283
-5.32055
-5.41263
-5.41532
-5.47971
-5.47348
-5.52672
-5.43635
-5.36504
-5.27532
-5.28962
-5.39012
-5.38998
-5.39621
-5.31798
-5.32334
-5.23782
-5.25254
-5.27324
-5.31261
-5.24059
-5.27448
-5.23055
-5.37264
-5.48233
-5.55226
-5.50149
-5.52872
-5.54014
-5.45503
-5.52852
-5.59376
-5.54488
-5.51787
-5.44447
-5.40845
-5.41808
-5.40279
-5.37416
-5.4757
-5.44256
-5.42963
-5.44762
-5.36151
-5.42626
-5.49796
-5.39291
-5.38361
-5.38511
-5.36288
-5.40217
-5.39725
-5.46159
-5.43734
-5.43367
-5.38763
-5.32513
-5.47711
-5.45853
-5.41703
-5.34247
-5.23587
-5.22831
-5.20711
-5.33739
-5.30035
-5.34564
-5.37909
-5.34846
-5.27054
-5.32744
-5.35167
-5.45372
-5.44196
-5.32076
-5.39631
-5.40376
-5.36909
-5.3871
-5.40907
-5.45707
-5.4518
-5.48816
-5.45241
-5.37263
-5.3775
-5.35272
-5.27671
-5.32737
-5.36707
-5.49113
-5.4196
-5.39312
-5.43328
-5.51568
-5.58943
-5.53147
-5.38169
-5.3782
-5.42673
-5.43708
-5.42306
-5.46222
-5.43741
-5.35199
-5.43408
-5.43763
-5.48868
-5.46143
-5.51027
-5.44097
-5.51222
-5.4655
-5.50531
-5.412
-5.36019
-5.50572
-5.48605
-5.45625
-5.4371
-5.4582
-5.40655
-5.39614
-5.40268
-5.45756
-5.46816
-5.47343
-5.34626
-5.52377
-5.48768
-5.39254
-5.44539
-5.41333
-5.52604
-5.5208
-5.40735
-5.49613
-5.47634
-5.53354
-5.52216
-5.58079
-5.56462
-5.46808
-5.43966
-5.52744
-5.52996
-5.55257
-5.58008
-5.47636
-5.51695
-5.53328
-5.55695
-5.46598
-5.33022
-5.3228
-5.34109
-5.39754
-5.40093
-5.45887
-5.45266
-5.42876
-5.51299
-5.41262
-5.37817
-5.35302
-5.36058
-5.40776
-5.50331
-5.42773
-5.39754
-5.40295
-5.43405
-5.48416
-5.56452
-5.5094
-5.53166
-5.46687
-5.57301
-5.48855
-5.525
-5.52415
-5.57072
-5.6111
-5.62149
-5.64661
-5.52774
-5.50521
-5.45981
-5.47183
-5.41526
-5.42876
-5.46679
-5.35406
-5.37798
-5.43229
-5.53707
-5.59734
-5.57889
-5.56094
-5.56307
-5.51393
-5.47727
-5.51249
-5.50849
-5.42083
-5.39586
-5.44223
-5.42163
-5.44857
-5.52016
-5.54612
-5.47187
-5.47688
-5.40909
-5.48631
-5.61074
-5.48385
-5.44196
-5.38123
-5.34894
-5.39992
-5.49867
-5.51648
-5.48191
-5.53439
-5.50372
-5.55682
-5.51309
-5.54677
-5.6079
-5.60238
-5.51429
-5.51671
-5.46678
-5.52926
-5.50988
-5.49848
-5.48541
-5.52161
-5.51707
-5.57795
-5.61679
-5.54385
-5.62333
-5.62751
-5.65748
-5.52842
-5.5873
-5.53419
-5.50712
-5.56983
-5.56631
-5.53435
-5.43583
-5.4835
-5.40915
-5.45253
-5.50775
-5.59969
-5.58278
-5.4248
-5.45566
-5.5145
-5.48239
-5.53859
-5.46246
-5.47947
-5.54809
-5.44794
-5.46269
-5.49986
-5.44572
-5.3933
-5.4675
-5.49513
-5.5105
-5.5798
-5.56371
-5.41423
-5.36191
-5.39224
-5.40634
-5.39062
-5.43817
-5.44964
-5.53909
-5.5547
-5.53837
-5.42138
-5.40528
-5.36096
-5.41979
-5.51771
-5.52634
-5.5439
-5.45531
-5.33712
-5.39873
-5.474
-5.46863
-5.38872
-5.39942
-5.47331
-5.47439
-5.482
-5.37534
-5.37737
-5.43538
-5.46496
-5.48708
-5.46161
-5.43411
-5.42787
-5.51505
-5.54693
-5.48968
-5.52983
-5.56484
-5.50206
-5.52242
-5.47066
-5.45981
-5.44922
-5.46843
-5.44783
-5.47392
-5.42192
-5.37266
-5.36921
-5.2764
-5.31527
-5.29705
-5.33694
-5.38638
-5.49692
-5.41369
-5.40715
-5.31094
-5.45024
-5.45745
-5.49235
-5.47411
-5.42301
-5.42347
-5.29745
-5.23446
-5.25428
-5.21138
-5.27389
-5.3163
-5.25676
-5.37978
-5.39703
-5.43797
-5.35505
-5.32506
-5.42127
-5.43453
-5.31775
-5.33284
-5.37536
-5.31485
-5.3109
-5.40854
-5.41558
-5.3271
-5.3066
-5.35025
-5.43136
-5.43017
-5.47922
-5.38988
-5.50356
-5.53508
-5.52026
-5.48244
-5.52653
-5.48777
-5.47169
-5.53605
-5.53146
-5.5562
-5.4982
-5.58188
-5.51085
-5.5043
-5.58627
-5.42641
-5.44948
-5.4182
-5.51017
-5.48611
-5.44801
-5.41749
-5.43903
-5.40643
-5.39769
-5.47948
-5.40816
-5.32094
-5.46595
-5.48708
-5.51742
-5.37394
-5.46127
-5.51777
-5.56664
-5.47752
-5.53784
-5.53577
-5.51675
-5.59999
-5.62284
-5.61694
-5.56413
-5.57809
-5.62716
-5.57255
-5.41727
-5.48373
-5.49246
-5.48746
-5.47701
-5.56846
-5.59969
-5.58223
-5.48973
-5.47633
-5.48366
-5.50102
-5.54877
-5.50494
-5.52044
-5.51899
-5.53701
-5.59252
-5.53278
-5.52877
-5.60713
-5.6031
-5.57092
-5.5639
-5.46685
-5.38916
-5.38698
-5.41708
-5.50568
-5.4087
-5.49783
-5.47522
-5.52705
-5.51928
-5.54464
-5.5967
-5.53278
-5.48061
-5.48241
-5.58299
-5.54752
-5.47733
-5.52192
-5.52248
-5.55133
-5.60328
-5.44292
-5.50327
-5.52438
-5.50707
-5.55126
-5.50936
-5.53827
-5.55688
-5.64699
-5.66749
-5.554
-5.54297
-5.45127
-5.42515
-5.29904
-5.3611
-5.38082
-5.44956
-5.53662
-5.47998
-5.50864
-5.53978
-5.41462
-5.45424
-5.477
-5.4791
-5.43675
-5.44945
-5.46267
-5.49693
-5.47438
-5.46936
-5.46856
-5.48781
-5.45288
-5.42562
-5.45847
-5.26746
-5.19525
-5.14972
-5.24126
-5.34382
-5.31645
-5.30229
-5.23274
-5.34548
-5.40151
-5.34478
-5.41918
-5.48761
-5.55759
-5.47219
-5.33572
-5.35405
-5.37498
-5.36832
-5.37078
-5.46758
-5.51987
-5.36803
-5.39624
-5.41561
-5.39753
-5.44833
-5.44469
-5.40204
-5.55819
-5.57413
-5.54508
-5.50325
-5.45125
-5.48457
-5.42461
-5.52031
-5.41125
-5.44228
-5.41954
-5.45445
-5.38259
-5.42239
-5.29822
-5.35121
-5.34891
-5.24893
-5.31488
-5.27882
-5.22784
-5.26042
-5.23366
-5.27459
-5.28642
-5.36006
-5.32351
-5.37837
-5.35859
-5.39032
-5.33879
-5.43732
-5.3339
-5.33049
-5.32602
-5.31118
-5.36016
-5.42062
-5.52319
-5.46585
-5.49293
-5.47489
-5.42879
-5.45486
-5.49273
-5.49575
-5.46852
-5.4311
-5.3779
-5.38646
-5.49771
-5.47131
-5.47203
-5.45581
-5.41151
-5.38197
-5.37317
-5.38605
-5.35055
-5.37074
-5.30605
-5.38315
-5.36661
-5.35709
-5.4203
-5.44811
-5.47205
-5.45712
-5.52151
-5.58344
-5.48403
-5.50256
-5.46091
-5.37772
-5.34906
-5.43123
-5.44769
-5.46823
-5.53448
-5.44551
-5.42187
-5.36486
-5.45287
-5.43109
-5.4142
-5.4406
-5.41912
-5.35651
-5.51505
-5.38201
-5.46284
-5.47223
-5.48501
-5.49713
-5.40421
-5.49667
-5.55202
-5.58626
-5.54948
-5.46746
-5.42983
-5.49772
-5.50588
-5.42871
-5.38598
-5.42894
-5.28241
-5.25132
-5.21189
-5.35862
-5.40945
-5.42982
-5.40664
-5.4235
-5.34227
-5.44946
-5.40042
-5.48394
-5.57033
-5.37284
-5.39198
-5.38914
-5.41908
-5.4389
-5.42845
-5.57525
-5.58439
-5.50971
-5.51932
-5.53824
-5.47565
-5.49833
-5.55573
-5.50358
-5.51662
-5.53191
-5.45987
-5.47095
-5.53032
-5.46334
-5.52029
-5.53876
-5.50174
-5.58253
-5.53803
-5.49588
-5.49396
-5.43827
-5.50114
-5.53461
-5.643
-5.59425
-5.59444
-5.48151
-5.34517
-5.40756
-5.49279
-5.42389
-5.37963
-5.46364
-5.51667
-5.56919
-5.62196
-5.59315
-5.56189
-5.53106
-5.4633
-5.52492
-5.49558
-5.56553
-5.56941
-5.5612
-5.51243
-5.41891
-5.56895
-5.55647
-5.5578
-5.46518
-5.5278
-5.55847
-5.47548
-5.38537
-5.41107
-5.40748
-5.35886
-5.37372
-5.39283
-5.3735
-5.35874
-5.46507
-5.46785
-5.55121
-5.52594
-5.49847
-5.51364
-5.47049
-5.47474
-5.5568
-5.48891
-5.44666
-5.5462
-5.5345
-5.64585
-5.64559
-5.6355
-5.64728
-5.60217
-5.59872
-5.59025
-5.59391
-5.53918
-5.52467
-5.63443
-5.71011
-5.62807
-5.59965
-5.60167
-5.718
-5.59386
-5.59118
-5.56806
-5.5371
-5.62913
-5.50993
-5.46876
-5.6454
-5.59271
-5.62958
-5.63492
-5.57833
-5.59887
-5.64973
-5.65404
-5.66193
-5.63252
-5.6136
-5.68642
-5.61975
-5.61366
-5.598
-5.63483
-5.62224
-5.63747
-5.66188
-5.46323
-5.36176
-5.39518
-5.37374
-5.36695
-5.5407
-5.54301
-5.49906
-5.4184
-5.39795
-5.51443
-5.57263
-5.56487
-5.56491
-5.52739
-5.53013
-5.36163
-5.38063
-5.40356
-5.4468
-5.47729
-5.4148
-5.48316
-5.38242
-5.35764
-5.41267
-5.35865
-5.40901
-5.38341
-5.43872
-5.54655
-5.51256
-5.49756
-5.34536
-5.40234
-5.42887
-5.52797
-5.55728
-5.53868
-5.51135
-5.43371
-5.34674
-5.43569
-5.46496
-5.38276
-5.40906
-5.48292
-5.48046
-5.48095
-5.51416
-5.4548
-5.48888
-5.47206
-5.46156
-5.55977
-5.57475
-5.54134
-5.58069
-5.47628
-5.45568
-5.44617
-5.46928
-5.49481
-5.50006
-5.60172
-5.56409
-5.59793
-5.55369
-5.50883
-5.51909
-5.49199
-5.42806
-5.39761
-5.49744
-5.49548
-5.51302
-5.51272
-5.55481
-5.50094
-5.42522
-5.40746
-5.408
-5.51041
-5.51722
-5.42544
-5.42916
-5.33188
-5.33642
-5.33188
-5.30931
-5.33473
-5.33574
-5.37423
-5.3763
-5.47906
-5.53993
-5.60207
-5.56467
-5.64932
-5.54166
-5.48226
-5.43541
-5.52411
-5.40239
-5.49307
-5.53052
-5.47635
-5.44658
-5.55311
-5.56526
-5.59553
-5.52317
-5.58068
-5.54162
-5.54976
-5.59161
-5.56017
-5.64065
-5.64696
-5.64213
-5.65492
-5.62816
-5.57943
-5.58006
-5.60772
-5.63896
-5.62003
-5.62641
-5.55878
-5.61728
-5.59074
-5.66467
-5.58719
-5.48355
-5.50472
-5.45935
-5.48956
-5.59576
-5.53967
-5.55712
-5.4177
-5.49702
-5.50564
-5.53716
-5.55281
-5.5681
-5.48999
-5.48395
-5.42781
-5.35932
-5.3818
-5.27083
-5.34839
-5.34378
-5.34435
-5.29294
-5.34331
-5.33789
-5.30087
-5.35011
-5.32775
-5.37966
-5.26933
-5.35926
-5.26965
-5.18475
-5.24584
-5.2466
-5.26784
-5.2305
-5.21842
-5.29959
-5.33853
-5.44574
-5.41135
-5.39046
-5.45866
-5.4392
-5.45163
-5.47115
-5.43785
-5.52171
-5.50491
-5.28271
-5.30924
-5.35986
-5.34596
-5.34595
-5.2809
-5.40817
-5.4374
-5.4346
-5.39618
-5.35702
-5.31061
-5.37242
-5.27849
-5.42137
-5.40003
-5.39672
-5.45505
-5.48833
-5.45461
-5.42126
-5.4198
-5.44153
-5.45908
-5.44625
-5.34948
-5.33785
-5.24927
-5.28174
-5.36402
-5.40264
-5.42788
-5.44104
-5.40041
-5.37255
-5.41424
-5.44384
-5.4117
-5.39184
-5.33358
-5.39197
-5.29044
-5.30153
-5.31518
-5.36322
-5.3316
-5.40492
-5.38717
-5.45802
-5.4608
-5.46714
-5.46311
-5.45989
-5.48005
-5.46115
-5.48433
-5.49397
-5.51194
-5.51156
-5.48838
-5.52724
-5.56385
-5.54162
-5.55681
-5.53298
-5.48554
-5.55027
-5.48847
-5.45951
-5.45584
-5.47718
-5.50474
-5.48809
-5.45097
-5.45184
-5.60299
-5.53976
-5.49553
-5.43338
-5.44538
-5.44963
-5.47764
-5.4695
-5.49459
-5.60926
-5.60459
-5.51397
-5.54589
-5.61889
-5.57175
-5.62472
-5.65246
-5.58537
-5.61763
-5.55261
-5.59025
-5.57617
-5.48406
-5.51478
-5.45395
-5.45373
-5.42671
-5.32814
-5.37026
-5.33569
-5.32055
-5.31695
-5.43481
-5.41539
-5.4001
-5.4325
-5.49418
-5.45113
-5.49625
-5.52423
-5.47813
-5.56759
-5.64494
-5.60297
-5.49388
-5.48313
-5.52833
-5.52459
-5.55061
-5.52367
-5.43036
-5.41466
-5.40642
-5.51058
-5.44895
-5.47118
-5.34755
-5.35732
-5.32828
-5.27638
-5.36571
-5.42115
-5.34345
-5.48957
-5.41375
-5.45595
-5.5231
-5.5577
-5.53902
-5.44573
-5.4808
-5.46196
-5.44114
-5.42127
-5.49647
-5.5253
-5.44524
-5.35948
-5.38833
-5.40552
-5.37244
-5.43458
-5.52699
-5.43348
-5.48601
-5.51775
-5.6325
-5.52785
-5.59889
-5.57349
-5.50034
-5.45105
-5.41856
-5.41993
-5.31111
-5.31992
-5.38844
-5.44317
-5.36909
-5.34808
-5.25966
-5.31312
-5.3415
-5.42462
-5.50206
-5.55889
-5.52951
-5.59049
-5.52888
-5.52999
-5.49726
-5.59944
-5.58967
-5.58292
-5.54716
-5.54142
-5.50714
-5.5209
-5.51894
-5.54744
-5.47829
-5.42629
-5.44689
-5.40846
-5.41382
-5.48713
-5.60709
-5.59963
-5.63198
-5.61101
-5.62041
-5.64337
-5.64755
-5.61137
-5.59741
-5.58265
-5.54403
-5.59471
-5.60546
-5.56159
-5.55607
-5.61278
-5.58657
-5.49235
-5.45578
-5.43221
-5.42942
-5.53859
-5.57619
-5.50947
-5.49928
-5.53806
-5.476
-5.37163
-5.45774
-5.39507
-5.44028
-5.58653
-5.53794
-5.53985
-5.3387
-5.33194
-5.31743
-5.38273
-5.35403
-5.40752
-5.36064
-5.29217
-5.41518
-5.35505
-5.34704
-5.47124
-5.42032
-5.40677
-5.3652
-5.45449
-5.52339
-5.4757
-5.34747
-5.34488
-5.37003
-5.41059
-5.43665
-5.47257
-5.57
-5.50539
-5.51352
-5.51386
-5.52481
-5.48109
-5.3678
-5.39198
-5.44188
-5.43482
-5.46707
-5.36505
-5.40347
-5.29549
-5.35703
-5.48674
-5.48227
-5.51638
-5.41035
-5.42052
-5.34787
-5.32126
-5.36198
-5.2925
-5.38304
-5.45416
-5.41802
-5.38035
-5.31045
-5.40993
-5.35828
-5.39687
-5.43915
-5.50804
-5.54507
-5.48981
-5.50078
-5.46624
-5.52726
-5.51355
-5.42523
-5.45408
-5.4133
-5.37912
-5.41302
-5.36635
-5.36618
-5.28278
-5.3149
-5.39796
-5.31155
-5.27814
-5.28269
-5.28838
-5.30844
-5.32302
-5.36971
-5.33493
-5.32639
-5.37583
-5.304
-5.36638
-5.22471
-5.21399
-5.30832
-5.2991
-5.33679
-5.33662
-5.44125
-5.52069
-5.58169
-5.63583
-5.46466
-5.4873
-5.465
-5.50717
-5.54199
-5.51656
-5.50605
-5.46828
-5.48902
-5.52033
-5.45858
-5.45089
-5.43454
-5.33578
-5.49899
-5.55649
-5.52745
-5.54283
-5.57671
-5.52672
-5.50687
-5.46324
-5.47796
-5.47939
-5.48287
-5.54351
-5.50685
-5.51034
-5.45008
-5.48166
-5.45573
-5.51035
-5.37511
-5.41033
-5.441
-5.35548
-5.38263
-5.51784
-5.4739
-5.43853
-5.54735
-5.44571
-5.53298
-5.48921
-5.52072
-5.53387
-5.5601
-5.62586
-5.64297
-5.66358
-5.59548
-5.59198
-5.55467
-5.43053
-5.4327
-5.38883
-5.42388
-5.43109
-5.36678
-5.35111
-5.29347
-5.38494
-5.45175
-5.53351
-5.52531
-5.54432
-5.58921
-5.58869
-5.50953
-5.41946
-5.46331
-5.52648
-5.42125
-5.50097
-5.56147
-5.54038
-5.57271
-5.40789
-5.46062
-5.55407
-5.64873
-5.64051
-5.6133
-5.60355
-5.56272
-5.50952
-5.39923
-5.37907
-5.51676
-5.451
-5.44925
-5.38432
-5.49234
-5.39236
-5.32261
-5.49023
-5.56132
-5.52353
-5.50978
-5.46065
-5.48093
-5.51311
-5.45582
-5.4534
-5.47512
-5.48363
-5.5418
-5.51196
-5.57931
-5.61837
-5.61782
-5.61481
-5.55582
-5.52496
-5.47767
-5.4875
-5.47298
-5.54904
-5.58219
-5.54923
-5.53367
-5.5425
-5.59325
-5.48829
-5.359
-5.40509
-5.53651
-5.53298
-5.46785
-5.56085
-5.49054
-5.47517
-5.41405
-5.4217
-5.40728
-5.47682
-5.5485
-5.53371
-5.53302
-5.48517
-5.50954
-5.51135
-5.5451
-5.49456
-5.43929
-5.45829
-5.51054
-5.41366
-5.42555
-5.4558
-5.42693
-5.45788
-5.44724
-5.39026
-5.35126
-5.30261
-5.2522
-5.31948
-5.36038
-5.44246
-5.41213
-5.44385
-5.49347
-5.51599
-5.46016
-5.48831
-5.52475
-5.4562
-5.51015
-5.45125
-5.4916
-5.42758
-5.4454
-5.46344
-5.42272
-5.50135
-5.50511
-5.54074
-5.50032
-5.35849
-5.37677
-5.47854
-5.45029
-5.40342
-5.31334
-5.34863
-5.31008
-5.37187
-5.32722
-5.32173
-5.32446
-5.3727
-5.43517
-5.37797
-5.43617
-5.46942
-5.3861
-5.35042
-5.33433
-5.32917
-5.36325
-5.48314
-5.47092
-5.58924
-5.55731
-5.57728
-5.49376
-5.4474
-5.35895
-5.37847
-5.32544
-5.33808
-5.40022
-5.41421
-5.44776
-5.48826
-5.4594
-5.38942
-5.39135
-5.31299
-5.36985
-5.43503
-5.44246
-5.44394
-5.4727
-5.39321
-5.38234
-5.36692
-5.39567
-5.44071
-5.49348
-5.47529
-5.46871
-5.52484
-5.43655
-5.39512
-5.42792
-5.43308
-5.46942
-5.51124
-5.49397
-5.47568
-5.51438
-5.49151
-5.43309
-5.28047
-5.36892
-5.43847
-5.43162
-5.41574
-5.44531
-5.49546
-5.5163
-5.50594
-5.51182
-5.47592
-5.50211
-5.4657
-5.41328
-5.50398
-5.55318
-5.60843
-5.57801
-5.48667
-5.38955
-5.44589
-5.51592
-5.55794
-5.57397
-5.62358
-5.57546
-5.59678
-5.59943
-5.50416
-5.45883
-5.49744
-5.51486
-5.4933
-5.45459
-5.40337
-5.42968
-5.39661
-5.45435
-5.44751
-5.54545
-5.42961
-5.51003
-5.51398
-5.51489
-5.55213
-5.51333
-5.5217
-5.53169
-5.41443
-5.4687
-5.50368
-5.38141
-5.39928
-5.44934
-5.49327
-5.51797
-5.50279
-5.45058
-5.5102
-5.47897
-5.45713
-5.48297
-5.45767
-5.43099
-5.39375
-5.37829
-5.40791
-5.46112
-5.47189
-5.40453
-5.49821
-5.49644
-5.59764
-5.59044
-5.614
-5.4881
-5.46439
-5.50554
-5.60169
-5.60634
-5.58319
-5.55572
-5.63203
-5.54375
-5.48559
-5.42262
-5.44975
-5.56161
-5.49253
-5.50935
-5.435
-5.57299
-5.54888
-5.52544
-5.56456
-5.54138
-5.59584
-5.46438
-5.53846
-5.52535
-5.50444
-5.41166
-5.60374
-5.49784
-5.48083
-5.59239
-5.54037
-5.54261
-5.49729
-5.5619
-5.57312
-5.59779
-5.51179
-5.50248
-5.40792
-5.41086
-5.49257
-5.34101
-5.38688
-5.34935
-5.37034
-5.35771
-5.37963
-5.45932
-5.43078
-5.34961
-5.32988
-5.27474
-5.30652
-5.45104
-5.4803
-5.53878
-5.5924
-5.63629
-5.48919
-5.45107
-5.38969
-5.37386
-5.37678
-5.34441
-5.43481
-5.55925
-5.54896
-5.44972
-5.39307
-5.4876
-5.48424
-5.49602
-5.5037
-5.35184
-5.38347
-5.43117
-5.44965
-5.45228
-5.40754
-5.45903
-5.52271
-5.55543
-5.47917
-5.56093
-5.50846
-5.48748
-5.53563
-5.59274
-5.49101
-5.53896
-5.47696
-5.43602
-5.44511
-5.48885
-5.37124
-5.41965
-5.52432
-5.46649
-5.51397
-5.50032
-5.42558
-5.33436
-5.42889
-5.44405
-5.48738
-5.48719
-5.57941
-5.50082
-5.64995
-5.53277
-5.54341
-5.51613
-5.60638
-5.57832
-5.57672
-5.50912
-5.50719
-5.61362
-5.59944
-5.57585
-5.56136
-5.51103
-5.51068
-5.52534
-5.43496
-5.40847
-5.46883
-5.48825
-5.49862
-5.45791
-5.55116
-5.42089
-5.42617
-5.43236
-5.43077
-5.40329
-5.28999
-5.32915
-5.29476
-5.35073
-5.43651
-5.49698
-5.60564
-5.59151
-5.60076
-5.62825
-5.59256
-5.59864
-5.5201
-5.6081
-5.59019
-5.60328
-5.61223
-5.52967
-5.58368
-5.56947
-5.42907
-5.33205
-5.42432
-5.4669
-5.40726
-5.4422
-5.40127
-5.41858
-5.45937
-5.47218
-5.51401
-5.46949
-5.42843
-5.4715
-5.37366
-5.36227
-5.28759
-5.29662
-5.3452
-5.33784
-5.33492
-5.3774
-5.39034
-5.41651
-5.41479
-5.50477
-5.54585
-5.54533
-5.51829
-5.63419
-5.60103
-5.58395
-5.6875
-5.56741
-5.53422
-5.51159
-5.47166
-5.52666
-5.55699
-5.57743
-5.5784
-5.51181
-5.41476
-5.37497
-5.33387
-5.43666
-5.37964
-5.40479
-5.31797
-5.40626
-5.41123
-5.42301
-5.40505
-5.42704
-5.43508
-5.44138
-5.36859
-5.33348
-5.42481
-5.45139
-5.36397
-5.48118
-5.40539
-5.4113
-5.31778
-5.21438
-5.3045
-5.31885
-5.37223
-5.30553
-5.34242
-5.3316
-5.30891
-5.31834
-5.36482
-5.28179
-5.19544
-5.17131
-5.10377
-5.13897
-5.21054
-5.30659
-5.34567
-5.19996
-5.27803
-5.35837
-5.31955
-5.29054
-5.3821
-5.36444
-5.39395
-5.36843
-5.39283
-5.49633
-5.43307
-5.461
-5.38302
-5.45469
-5.43253
-5.43484
-5.38927
-5.34695
-5.4104
-5.43563
-5.48803
-5.5303
-5.55272
-5.55595
-5.47778
-5.4832
-5.44814
-5.37689
-5.39126
-5.47518
-5.4502
-5.4546
-5.44675
-5.38363
-5.37987
-5.40868
-5.33172
-5.33217
-5.28835
-5.32187
-5.31611
-5.37392
-5.37869
-5.36567
-5.32554
-5.295
-5.37574
-5.41672
-5.46404
-5.33449
-5.38076
-5.43725
-5.47184
-5.55763
-5.55004
-5.43641
-5.39013
-5.38076
-5.38502
-5.35615
-5.36902
-5.39256
-5.40331
-5.40855
-5.48224
-5.3974
-5.48849
-5.51372
-5.56507
-5.5593
-5.51711
-5.58618
-5.57205
-5.49457
-5.50624
-5.58847
-5.61695
-5.63413
-5.58217
-5.50381
-5.5216
-5.49407
-5.45268
-5.46632
-5.54216
-5.56344
-5.61499
-5.61785
-5.59863
-5.62492
-5.71419
-5.74488
-5.66878
-5.67985
-5.62634
-5.68941
-5.62996
-5.65025
-5.63968
-5.62587
-5.49659
-5.47425
-5.53482
-5.53449
-5.57545
-5.57419
-5.48172
-5.42857
-5.42835
-5.46089
-5.4453
-5.4533
-5.581
-5.60754
-5.45579
-5.52667
-5.55052
-5.56451
-5.46778
-5.55629
-5.49696
-5.4976
-5.45172
-5.31806
-5.32331
-5.26647
-5.3302
-5.3708
-5.34666
-5.42687
-5.422
-5.43629
-5.5823
-5.46266
-5.43019
-5.46669
-5.48381
-5.52749
-5.47006
-5.40404
-5.42676
-5.4706
-5.43114
-5.42352
-5.46504
-5.48394
-5.49628
-5.56333
-5.5139
-5.48623
-5.437
-5.51729
-5.47489
-5.41015
-5.34894
-5.33867
-5.34989
-5.2964
-5.31225
-5.42927
-5.43
-5.42256
-5.43112
-5.41014
-5.39572
-5.36064
-5.38386
-5.46096
-5.48104
-5.59154
-5.5673
-5.54348
-5.60923
-5.5748
-5.48272
-5.55559
-5.60173
-5.5656
-5.54715
-5.51655
-5.54706
-5.57418
-5.52987
-5.51832
-5.52468
-5.47469
-5.56442
-5.56548
-5.5369
-5.56084
-5.69544
-5.56951
-5.50077
-5.58259
-5.55729
-5.5481
-5.50716
-5.45338
-5.51496
-5.49805
-5.49163
-5.58833
-5.62778
-5.55749
-5.64373
-5.51858
-5.53628
-5.58857
-5.548
-5.5432
-5.44054
-5.43044
-5.5507
-5.54846
-5.52471
-5.48645
-5.5015
-5.46456
-5.43943
-5.41759
-5.37199
-5.44494
-5.31889
-5.37454
-5.35391
-5.42654
-5.45433
-5.53356
-5.49104
-5.45424
-5.33787
-5.33638
-5.30104
-5.36499
-5.34767
-5.37383
-5.41008
-5.32803
-5.3415
-5.32403
-5.33965
-5.38957
-5.41575
-5.40307
-5.53857
-5.37913
-5.46579
-5.47345
-5.40708
-5.38862
-5.27249
-5.3276
-5.28133
-5.2418
-5.36954
-5.49615
-5.41857
-5.49298
-5.44764
-5.2902
-5.42372
-5.46891
-5.54213
-5.55225
-5.50753
-5.53072
-5.42652
-5.46619
-5.39959
-5.46461
-5.52309
-5.48172
-5.55457
-5.5314
-5.52978
-5.50079
-5.427
-5.4655
-5.50391
-5.56349
-5.54249
-5.55171
-5.44029
-5.41985
-5.43769
-5.43239
-5.29098
-5.44684
-5.56068
-5.51519
-5.48135
-5.38897
-5.36888
-5.41045
-5.35088
-5.36924
-5.33727
-5.35978
-5.40816
-5.38442
-5.43452
-5.48481
-5.45606
-5.44542
-5.49891
-5.44754
-5.51586
-5.53957
-5.47113
-5.40896
-5.33477
-5.50083
-5.5055
-5.47405
-5.42464
-5.4619
-5.47216
-5.52112
-5.57595
-5.5253
-5.52153
-5.5733
-5.54244
-5.53329
-5.59044
-5.61646
-5.52241
-5.51619
-5.43767
-5.43879
-5.45351
-5.51753
-5.56671
-5.52542
-5.49507
-5.52488
-5.59013
-5.57927
-5.52384
-5.51702
-5.46059
-5.43808
-5.38484
-5.41029
-5.42414
-5.4331
-5.51495
-5.51007
-5.49358
-5.51488
-5.51707
-5.42782
-5.44841
-5.40513
-5.41338
-5.43483
-5.36709
-5.37252
-5.33236
-5.43861
-5.52782
-5.45351
-5.46813
-5.44792
-5.42067
-5.43679
-5.57497
-5.67153
-5.6142
-5.53521
-5.48991
-5.49551
-5.61677
-5.56973
-5.57604
-5.53854
-5.57902
-5.43015
-5.42488
-5.37851
-5.47811
-5.47866
-5.48146
-5.49266
-5.47198
-5.40207
-5.37822
-5.39749
-5.45701
-5.48007
-5.50702
-5.45282
-5.41253
-5.40311
-5.50896
-5.51374
-5.58321
-5.44785
-5.42418
-5.36873
-5.42294
-5.57947
-5.56972
-5.55011
-5.63769
-5.61135
-5.56535
-5.53157
-5.58647
-5.55813
-5.59368
-5.5156
-5.48502
-5.39588
-5.44641
-5.44553
-5.4103
-5.36065
-5.32027
-5.32768
-5.44123
-5.36189
-5.39209
-5.4564
-5.52337
-5.59486
-5.46691
-5.34792
-5.43191
-5.54577
-5.55649
-5.46621
-5.49969
-5.45484
-5.4988
-5.5281
-5.57908
-5.59925
-5.59104
-5.62697
-5.59916
-5.57634
-5.61886
-5.58414
-5.53005
-5.46407
-5.53407
-5.53765
-5.56035
-5.49353
-5.41644
-5.53433
-5.50531
-5.44516
-5.45762
-5.46305
-5.4758
-5.58733
-5.63519
-5.5362
-5.47754
-5.53058
-5.56891
-5.60685
-5.4344
-5.47466
-5.43411
-5.48128
-5.50458
-5.41131
-5.4329
-5.55351
-5.51706
-5.56188
-5.52586
-5.47853
-5.53062
-5.47744
-5.49319
-5.40648
-5.40426
-5.43215
-5.42285
-5.42659
-5.40018
-5.32017
-5.3554
-5.30953
-5.3584
-5.46149
-5.42384
-5.38753
-5.42563
-5.4284
-5.38396
-5.5024
-5.43726
-5.45086
-5.45883
-5.40692
-5.3632
-5.2674
-5.30251
-5.20613
-5.2323
-5.27855
-5.25912
-5.35683
-5.34462
-5.34062
-5.34914
-5.27357
-5.26226
-5.28538
-5.41575
-5.39754
-5.39346
-5.49622
-5.53747
-5.53069
-5.46635
-5.55233
-5.61296
-5.53058
-5.50171
-5.54201
-5.57255
-5.57547
-5.5524
-5.54439
-5.52111
-5.57914
-5.58898
-5.50384
-5.55589
-5.57289
-5.69588
-5.60903
-5.67393
-5.69427
-5.70817
-5.676
-5.66451
-5.62692
-5.54934
-5.55064
-5.55063
-5.65267
-5.68967
-5.74501
-5.67389
-5.61599
-5.63925
-5.64145
-5.75646
-5.71983
-5.67552
-5.58364
-5.55588
-5.49374
-5.52149
-5.50634
-5.47357
-5.44637
-5.46685
-5.45112
-5.52706
-5.46269
-5.43751
-5.39433
-5.39627
-5.36571
-5.35045
-5.3077
-5.25969
-5.24344
-5.2897
-5.31194
-5.40789
-5.42785
-5.43312
-5.39393
-5.42878
-5.4529
-5.52849
-5.56494
-5.50237
-5.56227
-5.50418
-5.55313
-5.55121
-5.52703
-5.51309
-5.47997
-5.4777
-5.43376
-5.3402
-5.48199
-5.45536
-5.49012
-5.42557
-5.34603
-5.37733
-5.39354
-5.54526
-5.49691
-5.52061
-5.44704
-5.45794
-5.41677
-5.48318
-5.46129
-5.41784
-5.47494
-5.48496
-5.54246
-5.46772
-5.48489
-5.43397
-5.41318
-5.40831
-5.54017
-5.55791
-5.542
-5.58821
-5.53587
-5.5911
-5.63428
-5.60727
-5.62218
-5.58544
-5.62918
-5.58167
-5.57974
-5.58766
-5.59123
-5.63531
-5.63748
-5.50888
-5.41829
-5.36629
-5.4862
-5.48758
-5.55018
-5.5298
-5.44523
-5.54103
-5.49835
-5.48013
-5.44785
-5.28316
-5.48931
-5.40061
-5.43734
-5.48817
-5.49574
-5.5996
-5.59345
-5.64244
-5.74674
-5.7335
-5.72503
-5.64157
-5.68892
-5.70603
-5.65008
-5.64108
-5.56431
-5.67286
-5.65321
-5.61556
-5.62417
-5.64871
-5.5967
-5.58002
-5.66307
-5.62455
-5.63897
-5.60879
-5.58127
-5.59095
-5.54503
-5.62457
-5.59087
-5.55641
-5.49265
-5.50821
-5.4672
-5.40565
-5.38406
-5.37653
-5.44105
-5.42799
-5.29832
-5.37032
-5.28617
-5.28704
-5.3136
-5.38062
-5.36677
-5.42099
-5.48477
-5.48366
-5.57997
-5.55171
-5.51632
-5.52533
-5.40624
-5.43014
-5.46073
-5.47054
-5.54124
-5.59963
-5.54749
-5.50072
-5.50163
-5.5699
-5.54446
-5.46759
-5.57268
-5.55784
-5.4453
-5.49597
-5.3863
-5.36728
-5.39189
-5.42461
-5.5541
-5.5571
-5.43725
-5.50402
-5.5572
-5.39632
-5.41893
-5.30819
-5.33402
-5.37233
-5.40303
-5.40964
-5.40296
-5.41841
-5.40277
-5.3845
-5.46362
-5.44805
-5.40037
-5.46099
-5.55077
-5.40602
-5.48378
-5.38628
-5.50207
-5.39468
-5.35816
-5.35606
-5.38236
-5.28339
-5.41378
-5.35839
-5.32167
-5.29805
-5.21753
-5.3549
-5.29879
-5.36352
-5.35841
-5.42342
-5.43991
-5.41831
-5.416
-5.44165
-5.53111
-5.4649
-5.50675
-5.48635
-5.46572
-5.49
-5.57085
-5.56272
-5.52589
-5.39506
-5.34492
-5.34486
-5.3536
-5.37648
-5.47051
-5.35576
-5.43395
-5.46568
-5.4706
-5.51019
-5.41961
-5.44353
-5.50669
-5.50739
-5.50063
-5.39013
-5.49914
-5.35849
-5.36965
-5.38344
-5.39953
-5.36456
-5.5089
-5.45748
-5.5271
-5.58491
-5.66106
-5.49765
-5.46808
-5.5194
-5.39053
-5.48885
-5.54873
-5.52639
-5.57158
-5.56849
-5.56041
-5.57104
-5.49196
-5.50278
-5.47727
-5.50681
-5.56749
-5.39555
-5.39575
-5.38044
-5.41708
-5.45802
-5.49413
-5.59176
-5.57997
-5.53714
-5.5997
-5.55098
-5.48885
-5.49425
-5.46696
-5.48221
-5.53378
-5.5097
-5.5491
-5.46258
-5.50165
-5.47258
-5.5128
-5.54123
-5.63655
-5.68008
-5.66204
-5.62039
-5.53582
-5.5278
-5.4485
-5.42669
-5.49504
-5.47074
-5.41156
-5.44012
-5.45985
-5.58446
-5.58591
-5.56007
-5.62006
-5.59099
-5.55042
-5.52231
-5.54769
-5.59515
-5.62666
-5.57451
-5.5029
-5.43004
-5.44073
-5.47251
-5.49447
-5.49616
-5.524
-5.55233
-5.46099
-5.51721
-5.44874
-5.52902
-5.43744
-5.36866
-5.47396
-5.46658
-5.46258
-5.52928
-5.49719
-5.49401
-5.45088
-5.47906
-5.54232
-5.58934
-5.57118
-5.62169
-5.73299
-5.66826
-5.56645
-5.51448
-5.60989
-5.60961
-5.56817
-5.47918
-5.53226
-5.50763
-5.54068
-5.56283
-5.567
-5.54571
-5.49737
-5.42237
-5.3885
-5.38283
-5.44573
-5.41073
-5.37432
-5.43731
-5.37417
-5.3808
-5.48381
-5.41063
-5.33615
-5.37622
-5.36519
-5.37954
-5.38856
-5.45647
-5.53572
-5.50367
-5.51307
-5.53739
-5.59747
-5.59992
-5.57712
-5.4994
-5.44387
-5.35271
-5.38548
-5.40581
-5.37311
-5.40796
-5.38188
-5.38143
-5.44597
-5.41084
-5.35979
-5.34642
-5.39993
-5.39792
-5.41927
-5.38467
-5.40118
-5.40718
-5.40425
-5.50013
-5.60739
-5.62219
-5.61015
-5.60785
-5.55031
-5.59515
-5.62157
-5.62031
-5.62953
-5.47297
-5.43256
-5.39275
-5.35299
-5.44327
-5.37536
-5.46123
-5.44134
-5.51903
-5.4669
-5.49797
-5.46533
-5.32204
-5.45024
-5.47807
-5.57031
-5.58053
-5.56832
-5.53686
-5.50868
-5.54244
-5.51324
-5.53146
-5.47389
-5.50342
-5.43399
-5.43272
-5.51664
-5.48825
-5.42054
-5.35627
-5.44053
-5.50789
-5.43585
-5.47037
-5.35895
-5.37624
-5.41978
-5.41088
-5.48187
-5.4673
-5.47801
-5.51139
-5.53202
-5.56438
-5.60032
-5.53697
-5.54394
-5.58162
-5.42329
-5.49947
-5.48069
-5.54677
-5.54217
-5.49277
-5.43232
-5.48552
-5.46403
-5.46791
-5.45465
-5.42538
-5.52547
-5.55653
-5.5574
-5.63311
-5.58826
-5.55416
-5.5123
-5.47477
-5.44061
-5.4807
-5.4761
-5.5338
-5.52657
-5.63761
-5.60889
-5.56522
-5.5621
-5.56516
-5.53433
-5.50942
-5.55349
-5.56845
-5.49122
-5.49173
-5.56847
-5.54205
-5.5564
-5.46715
-5.61455
-5.65832
-5.62087
-5.55051
-5.49964
-5.50836
-5.46852
-5.56249
-5.52545
-5.57786
-5.54943
-5.59433
-5.61535
-5.52175
-5.53018
-5.49187
-5.46155
-5.59261
-5.53861
-5.51978
-5.57117
-5.52344
-5.46077
-5.31303
-5.37955
-5.42842
-5.38231
-5.32152
-5.2785
-5.29035
-5.27427
-5.21348
-4.98659
-5.20397
-5.25004
-5.31121
-5.2255
-5.26391
-5.28315
-5.34751
-5.2697
-5.42928
-5.53485
-5.45942
-5.45411
-5.44054
-5.43834
-5.51406
-5.50008
-5.49796
-5.48823
-5.36617
-5.43722
-5.42421
-5.41283
-5.37395
-5.40153
-5.47126
-5.36191
-5.40134
-5.53558
-5.46902
-5.48378
-5.45113
-5.55278
-5.44048
-5.37768
-5.37924
-5.38402
-5.30647
-5.30905
-5.29625
-5.26957
-5.26355
-5.32397
-5.35843
-5.45819
-5.53803
-5.56072
-5.59954
-5.67918
-5.61241
-5.53186
-5.67768
-5.57492
-5.53309
-5.48396
-5.45003
-5.38891
-5.4696
-5.51873
-5.43865
-5.38362
-5.35217
-5.33261
-5.33454
-5.28515
-5.29031
-5.37383
-5.34501
-5.21925
-5.29179
-5.35416
-5.42248
-5.34161
-5.4549
-5.30548
-5.37599
-5.38875
-5.35496
-5.42618
-5.28588
-5.34744
-5.33466
-5.33933
-5.35132
-5.29655
-5.35574
-5.39471
-5.39981
-5.44404
-5.43764
-5.4642
-5.50988
-5.51338
-5.51006
-5.43882
-5.39704
-5.37682
-5.42999
-5.37277
-5.4538
-5.52906
-5.4734
-5.49244
-5.47028
-5.5268
-5.42908
-5.49437
-5.47951
-5.48701
-5.43198
-5.30865
-5.2553
-5.2985
-5.30756
-5.35088
-5.31959
-5.36409
-5.38268
-5.37212
-5.30618
-5.33964
-5.32178
-5.21581
-5.29161
-5.385
-5.4981
-5.4211
-5.47306
-5.47953
-5.45429
-5.4299
-5.42759
-5.35876
-5.37705
-5.36624
-5.41809
-5.42432
-5.476
-5.55087
-5.589
-5.56749
-5.61122
-5.54405
-5.43884
-5.52077
-5.43416
-5.49443
-5.4245
-5.50355
-5.44111
-5.53423
-5.49196
-5.48068
-5.44111
-5.31345
-5.4248
-5.40458
-5.35303
-5.42124
-5.40759
-5.48659
-5.44499
-5.41658
-5.27307
-5.208
-5.1885
-5.30702
-5.31893
-5.31699
-5.44728
-5.53404
-5.61964
-5.61596
-5.58452
-5.57332
-5.52771
-5.50442
-5.5415
-5.54684
-5.57969
-5.53535
-5.56334
-5.51635
-5.55236
-5.49372
-5.48497
-5.57796
-5.48366
-5.50143
-5.45739
-5.39936
-5.3574
-5.49047
-5.40767
-5.36687
-5.33069
-5.36876
-5.42569
-5.50044
-5.5269
-5.57987
-5.53902
-5.48936
-5.46206
-5.40463
-5.44528
-5.45543
-5.38673
-5.38889
-5.40643
-5.38024
-5.47195
-5.41388
-5.4752
-5.51738
-5.53992
-5.56016
-5.53574
-5.49481
-5.51247
-5.52997
-5.41024
-5.31845
-5.42955
-5.42741
-5.46123
-5.53049
-5.50212
-5.49181
-5.439
-5.45251
-5.41107
-5.3099
-5.33672
-5.40994
-5.38071
-5.39849
-5.4815
-5.46746
-5.47636
-5.42895
-5.41938
-5.36601
-5.51913
-5.5213
-5.48364
-5.51838
-5.48442
-5.60562
-5.42884
-5.5076
-5.51014
-5.47916
-5.51556
-5.49133
-5.40889
-5.41429
-5.41824
-5.39495
-5.41677
-5.43075
-5.4596
-5.50139
-5.48775
-5.44725
-5.49027
-5.439
-5.51998
-5.52286
-5.50769
-5.38422
-5.48974
-5.475
-5.36589
-5.31469
-5.34678
-5.41812
-5.45378
-5.39471
-5.41242
-5.39975
-5.40317
-5.41237
-5.38815
-5.42463
-5.33056
-5.28044
-5.36343
-5.4206
-5.45418
-5.51868
-5.52256
-5.56013
-5.52593
-5.60234
-5.55734
-5.51913
-5.52437
-5.50978
-5.47746
-5.60631
-5.51251
-5.51602
-5.46807
-5.41719
-5.39105
-5.34625
-5.46446
-5.4416
-5.43888
-5.41607
-5.43302
-5.43628
-5.45946
-5.49497
-5.47221
-5.47354
-5.48426
-5.37503
-5.47589
-5.41925
-5.37368
-5.45457
-5.48041
-5.40245
-5.38547
-5.43933
-5.42863
-5.44801
-5.50214
-5.54538
-5.48335
-5.47984
-5.49153
-5.50809
-5.46382
-5.47453
-5.3933
-5.43793
-5.48652
-5.52752
-5.55341
-5.55951
-5.50012
-5.52963
-5.60821
-5.53982
-5.62074
-5.47361
-5.41781
-5.55031
-5.42513
-5.37485
-5.36931
-5.50214
-5.52161
-5.54088
-5.51771
-5.48408
-5.44332
-5.53506
-5.55258
-5.61171
-5.61053
-5.62231
-5.50309
-5.46834
-5.36425
-5.4336
-5.38075
-5.34741
-5.28719
-5.41422
-5.42348
-5.45353
-5.41366
-5.38519
-5.32776
-5.30119
-5.40261
-5.35354
-5.30069
-5.25265
-5.40953
-5.39287
-5.41281
-5.47211
-5.3321
-5.39687
-5.32145
-5.34962
-5.42626
-5.47462
-5.41335
-5.48371
-5.51443
-5.45381
-5.40979
-5.44154
-5.41284
-5.36042
-5.3717
-5.27807
-5.38331
-5.36201
-5.38214
-5.34234
-5.44467
-5.30153
-5.33234
-5.22055
-5.31066
-5.32982
-5.37596
-5.34284
-5.29606
-5.29908
-5.34019
-5.3341
-5.27857
-5.27164
-5.35447
-5.27817
-5.21249
-5.32921
-5.42519
-5.44042
-5.40477
-5.34824
-5.28991
-5.33213
-5.3271
-5.30648
-5.2696
-5.28683
-5.24246
-5.20052
-5.16387
-5.21454
-5.32401
-5.30814
-5.28155
-5.26271
-5.29915
-5.30601
-5.34994
-5.425
-5.42819
-5.46101
-5.51786
-5.48554
-5.32559
-5.45859
-5.40759
-5.45338
-5.44668
-5.3011
-5.37111
-5.31015
-5.30614
-5.40086
-5.31329
-5.28687
-5.33752
-5.42383
-5.30526
-5.3127
-5.43542
-5.44353
-5.32898
-5.35919
-5.40017
-5.43103
-5.47884
-5.46356
-5.41942
-5.37082
-5.40922
-5.39238
-5.46285
-5.41381
-5.45309
-5.43525
-5.49383
-5.34017
-5.37387
-5.42296
-5.39743
-5.44168
-5.46391
-5.29889
-5.34518
-5.37021
-5.3754
-5.31622
-5.33151
-5.34522
-5.39369
-5.38539
-5.30353
-5.41017
-5.43853
-5.30235
-5.29058
-5.26298
-5.34059
-5.30033
-5.32907
-5.30731
-5.25675
-5.28706
-5.30801
-5.26052
-5.28758
-5.27905
-5.29789
-5.44211
-5.48038
-5.47713
-5.55196
-5.44879
-5.47821
-5.51379
-5.43526
-5.45243
-5.54827
-5.5905
-5.51391
-5.48948
-5.50018
-5.51595
-5.51263
-5.4266
-5.37857
-5.46451
-5.56664
-5.46904
-5.51846
-5.51302
-5.47532
-5.46406
-5.39175
-5.40903
-5.48802
-5.4586
-5.54879
-5.52162
-5.46713
-5.42612
-5.49582
-5.48806
-5.46789
-5.51202
-5.4942
-5.41103
-5.38533
-5.45841
-5.55543
-5.57964
-5.55481
-5.66911
-5.65704
-5.53512
-5.48133
-5.41725
-5.39117
-5.36019
-5.35615
-5.40231
-5.40896
-5.35943
-5.38297
-5.44171
-5.38355
-5.42699
-5.35873
-5.4665
-5.43415
-5.5885
-5.63097
-5.65489
-5.66857
-5.61021
-5.58949
-5.55631
-5.59409
-5.57944
-5.52967
-5.57765
-5.59706
-5.57635
-5.56207
-5.48731
-5.47303
-5.45879
-5.39466
-5.45558
-5.424
-5.51281
-5.49868
-5.61021
-5.56746
-5.52432
-5.57449
-5.60206
-5.51985
-5.50822
-5.50972
-5.46203
-5.42204
-5.44641
-5.51781
-5.47784
-5.47096
-5.49939
-5.52282
-5.34873
-5.4943
-5.45076
-5.44125
-5.3951
-5.39364
-5.56233
-5.65327
-5.60317
-5.6419
-5.639
-5.61848
-5.58396
-5.61393
-5.48418
-5.51173
-5.57614
-5.55468
-5.45408
-5.50301
-5.50018
-5.45848
-5.42103
-5.36247
-5.388
-5.39041
-5.27944
-5.25695
-5.3686
-5.55107
-5.47752
-5.42818
-5.41122
-5.4114
-5.43376
-5.49485
-5.37922
-5.43062
-5.42459
-5.47362
-5.4469
-5.42708
-5.33619
-5.26067
-5.29995
-5.45188
-5.51335
-5.36923
-5.38211
-5.38644
-5.48879
-5.42422
-5.42251
-5.32437
-5.41771
-5.31859
-5.26028
-5.42445
-5.50648
-5.41419
-5.37441
-5.4344
-5.46508
-5.48674
-5.48831
-5.47044
-5.44874
-5.41212
-5.35742
-5.49703
-5.44409
-5.43747
-5.4381
-5.46017
-5.45178
-5.39929
-5.39426
-5.42809
-5.34437
-5.25519
-5.37814
-5.35196
-5.31492
-5.29129
-5.35929
-5.45341
-5.46141
-5.48035
-5.45062
-5.44832
-5.57584
-5.51009
-5.55063
-5.43388
-5.46582
-5.3759
-5.38333
-5.50674
-5.46067
-5.44974
-5.30364
-5.37743
-5.38312
-5.41749
-5.32771
-5.41612
-5.4969
-5.51326
-5.46635
-5.53523
-5.45901
-5.36468
-5.39205
-5.44244
-5.38862
-5.28671
-5.32389
-5.26292
-5.40334
-5.36843
-5.38356
-5.38622
-5.36791
-5.42418
-5.33073
-5.25265
-5.27314
-5.26723
-5.38685
-5.43157
-5.3452
-5.18001
-5.14853
-5.21969
-5.30603
-5.26251
-5.27816
-5.41312
-5.38215
-5.37147
-5.30126
-5.26877
-5.27858
-5.2952
-5.32328
-5.28085
-5.34665
-5.3628
-5.32713
-5.33082
-5.21326
-5.22615
-5.37834
-5.38149
-5.43363
-5.44809
-5.38031
-5.3382
-5.43609
-5.41129
-5.44768
-5.36907
-5.41307
-5.48148
-5.45458
-5.48662
-5.49135
-5.47637
-5.46115
-5.54015
-5.50462
-5.58168
-5.44927
-5.33972
-5.34139
-5.28149
-5.37133
-5.30662
-5.405
-5.45872
-5.3964
-5.42352
-5.44323
-5.4337
-5.45
-5.49126
-5.51557
-5.46142
-5.48583
-5.41119
-5.23975
-5.26254
-5.3415
-5.36932
-5.41433
-5.40475
-5.50188
-5.51802
-5.47871
-5.40375
-5.42695
-5.43714
-5.45654
-5.36688
-5.43571
-5.41382
-5.44566
-5.42735
-5.46184
-5.40356
-5.40811
-5.37677
-5.40116
-5.3825
-5.42861
-5.49603
-5.4288
-5.47085
-5.48668
-5.43829
-5.34728
-5.45398
-5.36574
-5.3869
-5.45625
-5.36545
-5.49246
-5.50243
-5.54688
-5.4095
-5.45719
-5.52401
-5.49933
-5.39305
-5.35696
-5.39999
-5.4151
-5.41388
-5.35939
-5.28877
-5.27596
-5.35875
-5.36372
-5.36857
-5.35613
-5.32031
-5.29022
-5.31085
-5.31556
-5.4553
-5.47396
-5.45226
-5.47275
-5.38661
-5.4387
-5.50093
-5.46679
-5.48303
-5.53731
-5.53179
-5.4812
-5.56149
-5.54161
-5.56006
-5.48155
-5.41694
-5.41829
-5.42471
-5.50334
-5.55081
-5.48265
-5.5495
-5.39631
-5.47701
-5.50782
-5.46673
-5.47042
-5.53813
-5.56474
-5.42702
-5.35517
-5.42008
-5.37568
-5.46191
-5.52302
-5.52248
-5.54538
-5.56861
-5.60755
-5.47479
-5.51368
-5.43148
-5.47545
-5.56563
-5.47962
-5.39703
-5.55267
-5.48536
-5.41301
-5.45895
-5.38597
-5.49516
-5.50679
-5.55377
-5.51304
-5.57084
-5.50807
-5.50302
-5.53315
-5.53721
-5.50506
-5.52461
-5.47113
-5.42905
-5.51012
-5.46286
-5.41907
-5.28383
-5.3627
-5.1865
-5.37308
-5.3754
-5.48482
-5.35663
-5.42859
-5.38393
-5.50084
-5.51702
-5.51119
-5.58703
-5.54784
-5.50408
-5.39669
-5.33808
-5.37833
-5.41211
-5.39185
-5.42121
-5.38711
-5.41782
-5.52527
-5.44932
-5.36663
-5.36469
-5.32981
-5.40626
-5.51648
-5.48509
-5.48957
-5.5134
-5.5328
-5.54366
-5.49267
-5.40723
-5.45282
-5.47482
-5.4443
-5.45083
-5.48007
-5.43247
-5.37178
-5.41829
-5.53112
-5.55317
-5.48449
-5.52811
-5.49811
-5.57704
-5.62555
-5.66783
-5.5668
-5.59863
-5.62396
-5.60147
-5.53436
-5.50529
-5.50467
-5.38745
-5.49623
-5.45967
-5.47327
-5.4457
-5.39219
-5.36452
-5.3827
-5.39337
-5.43861
-5.48188
-5.43829
-5.383
-5.49502
-5.43171
-5.48811
-5.4826
-5.44234
-5.54407
-5.49857
-5.46224
-5.43228
-5.41445
-5.50943
-5.35764
-5.32192
-5.33622
-5.30807
-5.31449
-5.34408
-5.41249
-5.35205
-5.28077
-5.39622
-5.41141
-5.45479
-5.42453
-5.38601
-5.37303
-5.39709
-5.33412
-5.35351
-5.33048
-5.3002
-5.30316
-5.41106
-5.34763
-5.40077
-5.41574
-5.43827
-5.42238
-5.30996
-5.34701
-5.39845
-5.37433
-5.42543
-5.24889
-5.28305
-5.37047
-5.43944
-5.45233
-5.53854
-5.54123
-5.55612
-5.54161
-5.56812
-5.69587
-5.59736
-5.54482
-5.56049
-5.54303
-5.57429
-5.54172
-5.5508
-5.55005
-5.54581
-5.4729
-5.47959
-5.49159
-5.44988
-5.45139
-5.46949
-5.42351
-5.57465
-5.53166
-5.54652
-5.45551
-5.51875
-5.48899
-5.47922
-5.41421
-5.36946
-5.43831
-5.49221
-5.53456
-5.49489
-5.4635
-5.45297
-5.46076
-5.50168
-5.44804
-5.3317
-5.32212
-5.40612
-5.44392
-5.46862
-5.43971
-5.39166
-5.46915
-5.49865
-5.41822
-5.55563
-5.60512
-5.6092
-5.60068
-5.70502
-5.68909
-5.61868
-5.50908
-5.45296
-5.42589
-5.498
-5.41726
-5.35712
-5.35147
-5.36865
-5.43294
-5.45527
-5.34322
-5.30096
-5.38387
-5.39258
-5.4168
-5.4486
-5.43327
-5.53629
-5.54213
-5.50285
-5.59287
-5.62405
-5.60345
-5.60424
-5.54705
-5.55703
-5.54221
-5.65657
-5.50439
-5.52349
-5.48211
-5.50358
-5.43174
-5.41364
-5.41631
-5.47655
-5.59075
-5.57581
-5.39058
-5.47669
-5.45191
-5.45168
-5.45253
-5.49774
-5.39633
-5.46324
-5.55267
-5.45053
-5.45548
-5.41377
-5.4438
-5.40261
-5.41725
-5.33053
-5.31201
-5.37633
-5.33336
-5.33367
-5.43903
-5.44959
-5.4068
-5.38197
-5.42142
-5.4003
-5.49421
-5.53046
-5.52564
-5.53574
-5.46862
-5.49566
-5.53219
-5.51372
-5.47658
-5.39192
-5.29728
-5.33165
-5.38158
-5.46066
-5.39796
-5.36404
-5.35674
-5.27812
-5.41226
-5.33602
-5.29776
-5.30498
-5.34647
-5.32192
-5.33322
-5.33123
-5.37016
-5.42245
-5.51546
-5.51633
-5.48743
-5.47121
-5.48759
-5.46668
