2 1 0 1
2 2320.07 2.10091 0.0339496
1.994 4472.83 2.10091 0.0266754
1.98802 2620.08 2.10091 0.0808781
1.98205 4534.34 2.10091 0.0826758
1.97611 18263.5 2.10091 0.209594
1.97018 9824.08 2.10091 0.128231
1.96427 9185.09 2.10091 0.068777
1.95838 5649.25 2.10091 0.0745814
1.9525 19861.8 2.10091 0.164218
1.94664 -330.209 -0.255087 0.00235528
1.9408 163.635 -0.255087 0.00487851
1.93498 43.0216 0.0807312 0.00818702
1.92918 669.41 1.50613 0.0264279
1.92339 1128.31 2.132 0.0257253
1.91762 2627.61 2.26102 0.024491
1.91187 23601.3 2.26102 0.127307
1.90613 -278.305 -0.226053 0.00171619
1.90041 224.046 0.101935 0.00238605
1.89471 55.9693 0.0491422 0.00233303
1.88903 -350.438 -0.329796 0.00109423
1.88336 6403.03 -0.329796 0.0392847
1.87771 -253.522 -0.250452 0.00302952
1.87208 -276.644 -0.295882 0.00112702
1.86646 1323.24 -0.295882 0.00692775
1.86086 309.674 -0.295882 0.00443345
1.85528 -265.087 -0.282979 0.00215577
1.84971 -212.332 -0.25531 0.00310412
1.84416 109.892 -0.00599121 0.00686792
1.83863 -121.921 -0.0809854 0.00608538
1.83311 -321.166 -0.316216 0.00187376
1.82762 -73.2365 -0.0270944 0.00210922
1.82213 1862.52 -0.0270944 0.00930274
1.81667 98088.8 -0.0270944 1.03542
1.81122 -118.883 -0.162928 0.00174862
1.80578 -117.88 0.0391133 0.00495891
1.80036 -205.712 -0.227707 0.00382216
1.79496 443.374 0.459906 0.00338841
1.78958 366.793 0.52785 0.00540636
1.78421 129033 0.52785 0.803615
1.77886 -193.332 -0.0827697 0.00188148
1.77352 -367.655 -0.24858 0.00247996
1.7682 420.68 -0.24858 0.0170176
1.7629 -307.451 -0.216777 0.00386681
1.75761 762.549 0.891131 0.0121332
1.75233 20471.8 0.891131 0.105892
1.74708 2735.18 0.891131 0.0134567
1.74184 587.272 -0.0455828 0.0065574
1.73661 -109.841 -0.112843 0.00189903
1.7314 1358.56 -0.112843 0.00582271
1.72621 -320.789 -0.251441 0.00217388
1.72103 -231.889 -0.127726 0.00550434
1.71586 51.0531 -0.05875 0.00649708
1.71072 -120.739 -0.2184 0.00352327
1.70559 584.607 0.291312 0.0102283
1.70047 -352.571 -0.14579 0.00480491
1.69537 2471.44 1.40964 0.024816
1.69028 3342.12 1.40964 0.0570792
1.68521 428.977 0.0355913 0.00733908
1.68015 1180.61 0.0355913 0.0291204
1.67511 -156.719 -0.115152 0.00558252
1.67009 1600.99 -0.115152 0.0504321
1.66508 6001.03 -0.115152 0.0465325
1.66008 176.689 0.161078 0.0073503
1.6551 2733.01 0.161078 0.0272702
1.65014 299.229 0.544539 0.0102698
1.64519 -266.361 -0.247773 0.00153965
1.64025 -310.223 -0.0998479 0.00518816
1.63533 200.814 0.430649 0.0140364
1.63042 -216.131 -0.214677 0.0035113
1.62553 -207.078 -0.228929 0.00181785
1.62066 -371.767 -0.245706 0.00188798
1.61579 298.077 -0.0958143 0.00564017
1.61095 -374.021 -0.243572 0.00272838
1.60611 -251.157 -0.224168 0.00173454
1.6013 -14.8011 -0.0210012 0.00681501
1.59649 -434.475 -0.420198 0.000950551
1.5917 -191.819 -0.232473 0.00304812
1.58693 -248.207 -0.250848 0.00236934
1.58217 599.953 -0.250848 0.0142452
1.57742 -105.797 0.181302 0.00917619
1.57269 -287.467 -0.247751 0.00229614
1.56797 -257.34 -0.253173 0.00187742
1.56327 -323.154 -0.154018 0.00469776
1.55858 1245.86 -0.154018 0.0289519
1.5539 811.728 -0.154018 0.0066843
1.54924 169.916 0.22875 0.00931985
1.54459 1395.98 0.22875 0.0147795
1.53996 808.34 0.672236 0.0166823
1.53534 -297.95 -0.0678719 0.00617918
1.53073 -282.969 -0.184541 0.00422891
1.52614 81.1998 -0.147691 0.00491356
1.52156 -151.89 -0.147691 0.0018749
1.517 -195.987 -0.264136 0.00339617
1.51245 -198.378 -0.264136 0.00646411
1.50791 -212.446 -0.344677 0.00165915
1.50338 -373.37 -0.382474 0.000789595
1.49887 139.818 -0.382474 0.00212141
1.49438 -117.976 -0.234669 0.00367185
1.48989 -176.623 -0.277382 0.00266317
1.48542 2868.92 -0.277382 0.0292612
1.48097 -342.104 -0.241628 0.00272223
1.47653 -137.779 -0.168304 0.00172765
1.4721 -402.503 -0.399111 0.0012231
1.46768 4818.39 -0.399111 0.0235887
1.46328 -21.0883 0.0123716 0.00224193
1.45889 18.4633 -0.204049 0.00394035
1.45451 1922.49 1.89116 0.0249343
1.45015 7179.87 1.89116 0.0689775
1.4458 -27.7938 0.656948 0.017003
1.44146 -6.04492 0.0966982 0.00856038
1.43713 -163.608 -0.207482 0.00370255
1.43282 448.545 0.242157 0.0108826
1.42852 2449.15 0.242157 0.0369837
1.42424 -238.795 -0.242617 0.00285326
1.41997 -277.847 -0.221339 0.00322073
1.41571 404.642 0.378628 0.0111292
1.41146 -362.503 -0.183046 0.00434328
1.40722 1297.36 -0.183046 0.014012
1.403 -410.133 -0.404366 0.00110185
1.39879 134.261 0.378137 0.0078873
1.3946 -177.689 0.00920851 0.00468691
1.39041 2561.42 2.1918 0.0132838
1.38624 -166.042 -0.118698 0.0050642
1.38208 2288.6 0.979782 0.0170169
1.37794 229.909 1.48379 0.0234651
1.3738 -39.9271 -0.193997 0.00395082
1.36968 551.585 -0.193997 0.0108715
1.36557 -199.452 -0.240415 0.00203967
1.36148 -181.162 -0.230545 0.00185256
1.35739 -270.491 -0.177215 0.00432579
1.35332 -31.8426 0.00345807 0.00768809
1.34926 394.998 0.00345807 0.0109779
1.34521 -185.278 -0.218101 0.00168632
1.34118 356.916 0.277616 0.0111903
1.33715 -287.026 -0.233049 0.00170599
1.33314 -282.838 -0.0994094 0.00567823
1.32914 -185.022 -0.221441 0.00394796
1.32516 353.937 0.271775 0.0075462
1.32118 -175.994 -0.156728 0.0044036
1.31722 381.858 0.455261 0.00813485
1.31326 440.082 1.391 0.0169283
1.30932 2223.75 2.6637 0.0284351
1.3054 7177.68 2.6637 0.0312451
1.30148 4831.06 2.6637 0.0284646
1.29758 -229.31 -0.244699 0.00304669
1.29368 309.134 0.584451 0.0118797
1.2898 128.487 0.0973249 0.00769769
1.28593 667.359 0.0973249 0.0149231
1.28207 1010.36 0.0973249 0.0180434
1.27823 942.918 1.30599 0.0158614
1.27439 1328.17 0.858339 0.0116985
1.27057 2681.43 0.858339 0.0230006
1.26676 3716.62 0.858339 0.0141952
1.26296 -234.599 -0.283663 0.00268405
1.25917 -408.485 -0.396325 0.000795065
1.25539 623.301 0.567326 0.00258053
1.25163 1419.85 0.567326 0.00583735
1.24787 3615.51 0.567326 0.00865869
1.24413 1011.28 0.567326 0.00544598
1.2404 1919.04 1.95136 0.0121351
1.23667 4361.38 1.95136 0.0103209
1.23296 8820.6 1.95136 0.0271427
1.22927 114.073 -0.0515418 0.00417211
1.22558 -268.23 -0.184933 0.0043755
1.2219 -348.161 -0.248556 0.00264446
1.21824 -253.387 -0.258453 0.00205656
1.21458 -267.758 -0.249319 0.00352459
1.21094 549.096 -0.249319 0.00313095
1.2073 -414.772 -0.325189 0.00222106
1.20368 -179.489 -0.15974 0.00180964
1.20007 -284.434 -0.233909 0.00321553
1.19647 -79.8211 0.15422 0.00931234
1.19288 751.939 0.617488 0.0152663
1.1893 111.981 0.551964 0.014566
1.18573 217.509 0.027803 0.0075515
1.18218 -295.597 0.166675 0.0095043
1.17863 1488.49 0.166675 0.0224485
1.1751 -274.527 -0.247635 0.00232287
1.17157 -232.299 -0.241154 0.00189408
1.16806 -290.967 -0.230614 0.00353016
1.16455 1876.56 -0.230614 0.0241161
1.16106 1186.26 1.26862 0.0174951
1.15757 6467.34 1.26862 0.0412883
1.1541 -314.116 -0.307447 0.00211437
1.15064 -273.398 -0.297261 0.00116509
1.14719 -458.031 -0.390667 0.000881473
1.14375 53.8313 0.0721198 0.00393223
1.14031 -208.243 -0.154708 0.00157475
1.13689 617.522 -0.154708 0.00385705
1.13348 -278.221 -0.244129 0.00125975
1.13008 2069.49 -0.244129 0.0173389
1.12669 1018.17 1.03405 0.00749253
1.12331 -9.93296 -0.127551 0.0049968
1.11994 673.115 -0.127551 0.0104476
1.11658 1835.3 -0.127551 0.0172884
1.11323 1192.17 1.40354 0.0145148
1.10989 1309.88 0.895694 0.0130359
1.10656 1868.67 0.895694 0.024415
1.10324 3669.27 0.895694 0.0267138
1.09993 481.261 -0.0606638 0.00576721
1.09663 -113.899 -0.0302286 0.00690571
1.09334 600.984 0.395617 0.0134366
1.09006 3859.98 0.395617 0.0368523
1.08679 2090.62 0.395617 0.0327655
1.08353 119.951 0.123133 0.00952387
1.08028 -145.942 -0.223516 0.00338887
1.07704 -200.966 -0.23578 0.00174934
1.07381 -277.117 -0.243845 0.00256982
1.07059 -297.578 -0.251546 0.00281049
1.06738 -266.872 -0.248643 0.0024408
1.06418 724.167 0.164271 0.0093869
1.06098 -284.235 -0.201712 0.0039314
1.0578 -78.1435 -0.0604322 0.00673441
1.05463 -131.182 -0.0679883 0.00670793
1.05146 -203.331 -0.084485 0.0060961
1.04831 807.828 0.792007 0.0172223
1.04516 1639.52 0.792007 0.0333359
1.04203 2150.93 0.792007 0.0472093
1.0389 -155.399 -0.206133 0.0037813
1.03579 -225.003 -0.193164 0.00169679
1.03268 -160.448 -0.171892 0.00470461
1.02958 317.302 -0.171892 0.00842357
1.02649 -309.119 -0.290587 0.00288256
1.02341 -216.852 -0.243585 0.0027648
1.02034 -94.3387 -0.150095 0.00176141
1.01728 -335.056 -0.300489 0.00223222
1.01423 -148.193 -0.144477 0.00555363
1.01119 218.044 0.370972 0.0106306
1.00815 560.559 0.23904 0.010628
1.00513 428.841 0.23904 0.0126715
1.00211 1415.02 0.23904 0.0333354
0.999106 3368.89 0.23904 0.0287588
0.996109 582.451 0.759591 0.0169892
0.99312 85.034 0.0855041 0.00817274
0.990141 730.525 0.0855041 0.0191036
0.987171 432.387 0.263523 0.0111804
0.984209 -176.742 -0.142891 0.00514574
0.981256 582.585 0.272307 0.0111823
0.978313 -333.937 -0.198343 0.00413712
0.975378 260.141 0.0764798 0.0078593
0.972452 -21.8167 -0.0823948 0.00664718
0.969534 -59.2824 -0.24197 0.00278393
0.966626 -107.326 -0.0143774 0.00683207
0.963726 639.432 0.267631 0.0108572
0.960835 324.937 0.267631 0.0168696
0.957952 234.269 0.267631 0.0157972
0.955078 506.392 0.274985 0.00902494
0.952213 4043.38 0.274985 0.0320169
0.949356 4053.79 1.76953 0.0205971
0.946508 1220.75 0.692487 0.0145028
0.943669 -2.21076 0.457348 0.01313
0.940838 -168.799 0.0376716 0.0069021
0.938015 -286.123 -0.264554 0.00183107
0.935201 -285.267 -0.329497 0.0010133
0.932396 -379.983 -0.277858 0.00217144
0.929598 -414.527 -0.300139 0.00250106
0.92681 1046.56 -0.300139 0.0132099
0.924029 -89.1734 -0.0251972 0.00203857
0.921257 134.435 0.00628634 0.002056
0.918493 585.587 0.00628634 0.00384299
0.915738 -472.772 -0.442563 0.000829467
0.912991 -414.258 -0.400678 0.00144725
0.910252 48.8393 0.338954 0.00681632
0.907521 1863.28 2.04444 0.0123834
0.904798 6973.84 2.04444 0.0171992
0.902084 10491.2 2.04444 0.0333314
0.899378 907.678 1.26052 0.00746561
0.89668 597.694 0.707379 0.00619786
0.89399 179.333 -0.0529375 0.00530356
0.891308 599.824 -0.0529375 0.0120446
0.888634 1668.29 -0.0529375 0.0215026
0.885968 853.158 0.604869 0.00795737
0.88331 621.329 0.586333 0.00453628
0.88066 2103.26 0.586333 0.011336
0.878018 466.624 0.532093 0.00297572
0.875384 1042.35 1.02367 0.00693371
0.872758 1848.6 1.87304 0.00578072
0.870139 8094.13 1.87304 0.0145346
0.867529 7240.14 1.87304 0.0130686
0.864926 949.241 0.92716 0.00345189
0.862332 4107.57 0.92716 0.0145809
0.859745 1828.46 0.92716 0.00675955
0.857165 1772.02 0.92716 0.0106104
0.854594 1561.07 1.42626 0.0049818
0.85203 2232.45 1.42626 0.0139149
0.849474 3431.03 1.42626 0.00949504
0.846926 800.25 1.36698 0.00873712
0.844385 288.29 0.483661 0.00253429
0.841852 2045.83 0.483661 0.010064
0.839326 -203.765 -0.164537 0.00140653
0.836808 -419.829 -0.399261 0.000813791
0.834298 -289.818 -0.255582 0.00132965
0.831795 1124.08 -0.255582 0.00758239
0.829299 1153.41 -0.255582 0.00679777
0.826812 1125.96 -0.255582 0.00604563
0.824331 1233.5 -0.255582 0.00724556
0.821858 -213.022 -0.255582 0.00191746
0.819393 -482.66 -0.427644 0.000919479
0.816934 -227.501 -0.0908339 0.00456093
0.814484 212.012 0.0829387 0.00591016
0.81204 1558.14 0.0829387 0.0080899
0.809604 2772.2 0.0829387 0.0187667
0.807175 252.434 0.271999 0.00459212
0.804754 1479.54 0.271999 0.0098005
0.802339 370.67 0.364831 0.00646601
0.799932 2165.05 0.364831 0.015138
0.797533 164.349 0.200908 0.00365832
0.79514 -361.018 -0.374585 0.00127233
0.792755 -386.828 -0.402565 0.00168035
0.790376 -259.515 -0.162859 0.00159727
0.788005 -115.175 -0.137487 0.00171157
0.785641 -123.219 -0.243588 0.00149103
0.783284 -170.575 -0.15259 0.00158876
0.780934 380.574 -0.15259 0.00314482
0.778592 -302.419 -0.329537 0.00256481
0.776256 -329.433 -0.369585 0.00134074
0.773927 -273.262 -0.289598 0.00155868
0.771605 -246.556 -0.191724 0.00177898
0.76929 -261.017 -0.214486 0.00146943
0.766983 -120.292 -0.126369 0.00171767
0.764682 196.318 0.182614 0.00252336
0.762388 86.9204 -0.0426567 0.00204823
0.7601 -350.209 -0.300901 0.00140988
0.75782 -408.821 -0.433106 0.000770189
0.755547 -363.461 -0.326803 0.0014935
0.75328 -147.147 -0.155109 0.00154874
0.75102 1427.72 1.54258 0.00725653
0.748767 2166.93 2.00256 0.0068263
0.746521 3404.18 2.00256 0.0169675
0.744281 5545.16 2.00256 0.0115635
0.742048 2581.23 2.00256 0.0281979
0.739822 172.355 0.225928 0.00193013
0.737603 -384.202 -0.345123 0.00193512
0.73539 1079.54 -0.345123 0.0110172
0.733184 -58.1686 -0.0683401 0.00343734
0.730984 857.777 -0.0683401 0.00395196
0.728791 533.574 -0.0683401 0.00262146
0.726605 -330.969 -0.205648 0.00388501
0.724425 -271.77 -0.209623 0.00412312
0.722252 559.11 -0.209623 0.00627923
0.720085 -308.043 -0.31643 0.00271792
0.717925 -224.385 -0.2525 0.00339873
0.715771 -428.106 -0.345462 0.00219061
0.713624 304.627 0.138521 0.00575309
0.711483 -283.99 -0.240364 0.00239575
0.709348 -269.172 -0.321281 0.00268367
0.70722 -147.397 -0.254634 0.00257103
0.705099 -183.164 -0.131257 0.00535463
0.702983 -311.813 -0.0883468 0.00605646
0.700874 166.852 -0.109783 0.00574596
0.698772 -272.442 -0.0829147 0.00598827
0.696676 -24.4217 0.0600898 0.0081628
0.694586 607.279 0.0600898 0.0151113
0.692502 422.226 0.0600898 0.0142946
0.690424 396.576 0.0600898 0.0154934
0.688353 -239.823 -0.166333 0.00459444
0.686288 220.045 0.306608 0.0119493
0.684229 634.307 0.664194 0.0155918
0.682176 820.597 0.706231 0.0167072
0.68013 444.332 0.247712 0.0104758
0.678089 -354.533 -0.0455412 0.00685826
0.676055 -135.858 -0.108494 0.00559443
0.674027 954.768 0.132228 0.0104249
0.672005 182.981 0.132228 0.0131737
0.669989 717.14 0.132228 0.0146423
0.667979 -107.543 -0.0364356 0.00727467
0.665975 -313.418 -0.194177 0.00404241
0.663977 -385.808 -0.213747 0.00354206
0.661985 -242.91 -0.237834 0.00179745
0.659999 -102.996 -0.0839463 0.00200479
0.658019 -222.64 -0.215081 0.00175639
0.656045 -37.9973 -0.249933 0.00208533
0.654077 -203.384 -0.222523 0.00172593
0.652115 -256.512 -0.205736 0.00167936
0.650158 -172.063 -0.224413 0.00184807
0.648208 30.9292 -0.224413 0.00202417
0.646263 -303.832 -0.260454 0.00225703
0.644325 -152.682 -0.260454 0.00171324
0.642392 -338.588 -0.25549 0.0028077
0.640464 -118.64 -0.133165 0.00184799
0.638543 -393.779 -0.259054 0.0025722
0.636627 -186.581 -0.255685 0.00225569
0.634717 -75.0304 -0.133117 0.00185697
0.632813 -267.963 -0.248748 0.00270039
0.630915 -136.089 -0.248748 0.00478695
0.629022 -236.876 -0.238734 0.0017698
0.627135 -328.038 -0.263227 0.00274838
0.625254 -86.1791 -0.0800333 0.00702707
0.623378 -179.678 -0.242196 0.00300857
0.621508 -310.216 -0.252934 0.00245692
0.619643 -310.787 -0.249476 0.00211962
0.617784 257.369 -0.0961778 0.00601392
0.615931 212.881 0.346466 0.0115866
0.614083 2058.39 0.346466 0.0222706
0.612241 846.899 0.351696 0.0118723
0.610404 760.903 0.351696 0.0170421
0.608573 251.151 0.180127 0.00958077
0.606747 98.6723 0.180127 0.0171372
0.604927 1497.45 0.180127 0.0187247
0.603112 654.536 0.180127 0.0204319
0.601303 -274.102 -0.104913 0.00584812
0.599499 -192.379 -0.242497 0.00285257
0.597701 -231.309 -0.259061 0.00257427
0.595907 -363.786 -0.187419 0.00426317
0.59412 -265.435 -0.262291 0.00242702
0.592337 -235.856 -0.262291 0.00173031
0.59056 -323.77 -0.227611 0.00357222
0.588789 -200.266 -0.255862 0.00204077
0.587022 -219.934 -0.268796 0.00306615
0.585261 -237.26 -0.20581 0.00162609
0.583505 -372.542 -0.269717 0.00223053
0.581755 -310.96 -0.269717 0.00355011
0.58001 -286.439 -0.251743 0.00249033
0.57827 -205.806 -0.222273 0.00171226
0.576535 -195.066 -0.195167 0.00175521
0.574805 -162.375 -0.10298 0.00181639
0.573081 -25.4939 -0.0236323 0.00203195
0.571362 -193.542 -0.232138 0.00148845
0.569647 -102.075 -0.180949 0.0017169
0.567939 -239.31 -0.181766 0.00171079
0.566235 -141.051 -0.218486 0.00169312
0.564536 -182.763 -0.173305 0.0017472
0.562842 124.421 0.000471047 0.00208084
0.561154 -10.903 -0.0263307 0.00204781
0.55947 -198.28 -0.101713 0.00187647
0.557792 253.268 -0.101713 0.00261526
0.556119 -133.531 -0.236476 0.00158195
0.55445 -265.81 -0.257447 0.00278
0.552787 -268.491 -0.235053 0.00319539
0.551129 -321.924 -0.194111 0.00418666
0.549475 -230.735 -0.104317 0.00603989
0.547827 -60.8017 -0.157666 0.00498295
0.546183 -40.6545 -0.160657 0.00527097
0.544545 -175.651 -0.233629 0.00312279
0.542911 105.933 -0.132538 0.00522976
0.541282 -199.202 -0.24286 0.00288435
0.539658 -271.715 -0.24611 0.00276836
0.53804 -153.56 -0.201763 0.00169866
0.536425 -207.04 -0.244497 0.00196674
0.534816 -264.488 -0.231392 0.00171054
0.533212 -299.444 -0.253693 0.002091
0.531612 -215.564 -0.240677 0.00200581
0.530017 3.10779 -0.209165 0.00422757
0.528427 -155.631 -0.209768 0.00377394
0.526842 -272.245 -0.226293 0.00329913
0.525261 -297.304 -0.100188 0.00574669
0.523686 181.162 0.0283062 0.00792631
0.522115 -153.608 0.108267 0.00878759
0.520548 -116.05 -0.0794889 0.00569775
0.518987 -185.14 -0.00616862 0.00692457
0.51743 76.5947 0.114855 0.00832431
0.515877 -87.7806 0.208187 0.0102807
0.51433 335.541 0.00166777 0.00718427
0.512787 442.976 0.00166777 0.0121635
0.511248 549.669 0.338105 0.0113465
0.509715 733.967 0.338105 0.0152821
0.508185 1756.38 0.338105 0.0194115
0.506661 833.759 0.426341 0.0127485
0.505141 -222.101 -0.0408518 0.00672229
0.503625 76.8268 0.046419 0.00715943
0.502115 452.23 0.046419 0.0126487
0.500608 542.037 0.046419 0.0107912
0.499106 180.404 0.046419 0.00907485
0.497609 98.7155 0.022748 0.00712077
0.496116 -164.479 0.285398 0.0112923
0.494628 308.802 0.0788169 0.00803021
0.493144 113.523 0.339419 0.011617
0.491665 -50.1852 0.0620835 0.00790222
0.49019 376.026 -0.183298 0.00421778
0.488719 180.038 -0.183298 0.00939291
0.487253 -207.201 -0.165495 0.00468163
0.485791 98.0193 0.0245903 0.0063852
0.484334 522.435 0.485642 0.00879431
0.482881 2409.51 0.485642 0.0207067
0.481432 -48.1607 -0.0452087 0.00568229
0.479988 81.2862 -0.0452087 0.00652542
0.478548 -25.8969 0.065173 0.00714114
0.477112 -187.063 0.140361 0.00667136
0.475681 -89.4821 -0.0405049 0.0058581
0.474254 273.805 0.255821 0.00906435
0.472831 15.8607 -0.13672 0.00484333
0.471413 -273.407 -0.22571 0.00381598
0.469998 -66.7913 -0.050145 0.00586907
0.468588 1833.24 -0.050145 0.014348
0.467183 -71.4887 -0.220449 0.00340603
0.465781 -268.536 -0.269557 0.00195899
0.464384 -201.315 -0.252445 0.00217982
0.462991 -140.491 -0.243339 0.00272494
0.461602 -232.267 -0.259595 0.00247749
0.460217 -217.048 -0.251248 0.00260848
0.458836 -287.883 -0.261665 0.00273762
0.45746 -311.083 -0.250603 0.00161898
0.456087 -318.379 -0.2456 0.00143128
0.454719 -324.494 -0.252035 0.00160374
0.453355 -386.569 -0.356644 0.00137674
0.451995 -325.916 -0.369821 0.00220119
0.450639 -476.743 -0.357043 0.00224869
0.449287 -418.77 -0.368041 0.00117857
0.447939 -183.027 -0.368041 0.00145755
0.446595 -222.333 -0.368041 0.00150248
0.445255 -309.003 -0.310802 0.00275253
0.44392 -69.4994 -0.310802 0.00355311
0.442588 -373.447 -0.314464 0.00286079
0.44126 -376.723 -0.414507 0.000845205
0.439936 -367.312 -0.414507 0.00124408
0.438616 -389.514 -0.395877 0.000858733
0.437301 -424.558 -0.416098 0.00101351
0.435989 -265.56 -0.376365 0.00205943
0.434681 -282.36 -0.376365 0.00509589
0.433377 -41.893 -0.376365 0.00396392
0.432077 -361.486 -0.329577 0.00263108
0.43078 -426.775 -0.408977 0.00155316
0.429488 -404.332 -0.408977 0.000786293
0.4282 -277.728 -0.30541 0.00244659
0.426915 -180.078 -0.207292 0.00158207
0.425634 -344.52 -0.32301 0.00161632
0.424357 -375.592 -0.344012 0.0014898
0.423084 -227.569 -0.00632217 0.00350912
0.421815 247.465 0.345364 0.00497478
0.42055 1451.03 0.345364 0.00991128
0.419288 765.634 0.345364 0.00660549
0.41803 -237.862 -0.243866 0.00246018
0.416776 82.0638 0.0730033 0.0030004
0.415526 -66.77 0.0407556 0.00306154
0.414279 496.184 0.395129 0.00269299
0.413036 -151.6 -0.0832637 0.00136543
0.411797 430.989 -0.0832637 0.00263531
0.410562 327.556 0.343447 0.00222564
0.40933 41.1756 0.031457 0.00147564
0.408102 -105.12 -0.104123 0.00139406
0.406878 -51.5912 0.0301575 0.00285767
0.405657 -317.896 -0.328449 0.00184469
0.40444 -452.351 -0.439125 0.000693976
0.403227 -302.467 -0.439125 0.00164946
0.402017 -398.945 -0.383654 0.00143203
0.400811 -386.159 -0.425548 0.000748966
0.399609 -324.716 -0.340278 0.00241738
0.39841 4.86217 -0.340278 0.00497272
0.397215 -218.099 -0.282437 0.0024143
0.396023 -14.7631 -0.282437 0.00475729
0.394835 -269.514 -0.239874 0.00258551
0.39365 -3.82506 0.0778477 0.00353947
0.392469 -265.916 -0.203889 0.00303989
0.391292 -354.73 -0.396173 0.0016126
0.390118 -390.919 -0.345235 0.00245368
0.388948 -361.445 -0.310762 0.00272036
0.387781 -375.786 -0.378416 0.00173651
0.386618 -443.051 -0.357159 0.00213916
0.385458 -281.505 -0.292372 0.00123458
0.384301 -288.979 -0.31173 0.00148649
0.383148 -451.219 -0.410269 0.00131265
0.381999 -393.605 -0.360129 0.00114234
0.380853 -326.245 -0.31326 0.00167736
0.37971 -410.002 -0.400405 0.00152088
0.378571 -341.549 -0.390689 0.00184405
0.377436 -350.643 -0.390689 0.0035442
0.376303 -349.53 -0.359569 0.00223712
0.375174 -60.0102 -0.359569 0.00435366
0.374049 -334.964 -0.371014 0.00206701
0.372927 -446.468 -0.427823 0.000829909
0.371808 -336.599 -0.427823 0.00137896
0.370693 -448.59 -0.425932 0.000903165
0.36958 -424.159 -0.388712 0.00103349
0.368472 -213.074 -0.388712 0.00140146
0.367366 -408.091 -0.407182 0.000896207
0.366264 -421.203 -0.417253 0.000732857
0.365165 -432.426 -0.419481 0.00143318
0.36407 -409.623 -0.418232 0.00100566
0.362978 -287.016 -0.418232 0.00116682
0.361889 -357.747 -0.306077 0.00117129
0.360803 -251.972 -0.334963 0.000986508
0.359721 -320.141 -0.337328 0.0010112
0.358642 -413.617 -0.374964 0.000822684
0.357566 -433.816 -0.423889 0.00076194
0.356493 -338.313 -0.396416 0.00186386
0.355423 -443.774 -0.41847 0.00142718
0.354357 -456.323 -0.425602 0.00120568
0.353294 -345.947 -0.280821 0.00315696
0.352234 -324.446 -0.334926 0.00235138
0.351177 -399.562 -0.296442 0.00256166
0.350124 -286.072 -0.255462 0.00277699
0.349074 -379.875 -0.278575 0.00326442
0.348026 -184.029 -0.244179 0.00350697
0.346982 -335.573 -0.27906 0.00198056
0.345941 -222.368 -0.205372 0.00165543
0.344904 -150.229 -0.205372 0.00176188
0.343869 -361.897 -0.245057 0.00148573
0.342837 -284.421 -0.293168 0.00124815
0.341809 17.5806 -0.0641588 0.00195397
0.340783 183.527 -0.0641588 0.002518
0.339761 317.964 -0.0641588 0.00277431
0.338742 -255.39 -0.180187 0.00164838
0.337725 -193.899 -0.314147 0.00153272
0.336712 -222.525 -0.266037 0.00147079
0.335702 -154.242 -0.231913 0.00153597
0.334695 -204.888 -0.167423 0.00172837
0.333691 -70.0649 -0.16889 0.00171558
0.33269 -211.469 -0.115918 0.00183531
0.331692 -173.687 -0.179845 0.00170686
0.330697 48.2331 -0.179845 0.00208832
0.329705 -243.646 -0.239428 0.00162891
0.328715 -265.903 -0.266403 0.0021142
0.327729 -258.245 -0.25792 0.00302556
0.326746 -310.06 -0.119615 0.00538467
0.325766 -275.438 -0.217669 0.00376467
0.324789 -156.644 -0.184089 0.00481411
0.323814 -129.145 -0.200221 0.00402573
0.322843 -244.881 -0.135052 0.00512691
0.321874 -133.597 -0.192049 0.00434665
0.320909 113.234 -0.192049 0.00807778
0.319946 80.5432 -0.192049 0.00599238
0.318986 -167.375 -0.215916 0.00379333
0.318029 -26.7635 -0.0933633 0.00556232
0.317075 147.381 -0.0633215 0.00561833
0.316124 -93.6174 0.0448219 0.00676276
0.315175 -139.403 -0.186625 0.00407027
0.31423 -320.412 -0.281928 0.00311632
0.313287 -381.275 -0.348507 0.00204414
0.312347 -397.07 -0.327879 0.00207963
0.31141 -321.884 -0.297818 0.00206004
0.310476 -208.567 -0.297818 0.00373975
0.309545 -315.592 -0.271696 0.00189122
0.308616 -270.07 -0.316852 0.00177872
0.30769 -396.608 -0.373403 0.00132626
0.306767 -362.765 -0.386806 0.00104986
0.305847 -387.497 -0.344268 0.00252165
0.304929 -142.844 -0.222355 0.00404555
0.304014 -89.4745 -0.222355 0.00488732
0.303102 -427.824 -0.332199 0.00254135
0.302193 -287.359 -0.332591 0.00244049
0.301287 -395.197 -0.390746 0.00174707
0.300383 -381.493 -0.390746 0.00213708
0.299482 -159.201 -0.319737 0.00260136
0.298583 -383.491 -0.33655 0.00277824
0.297687 -382.66 -0.238639 0.00368029
0.296794 123.739 -0.238639 0.00612822
0.295904 -407.394 -0.37428 0.0016404
0.295016 -303.292 -0.37428 0.00117008
0.294131 -382.407 -0.350927 0.0018505
0.293249 -265.82 -0.291701 0.00227364
0.292369 -316.973 -0.311089 0.00145523
0.291492 -290.337 -0.363545 0.00114589
0.290617 -302.661 -0.295765 0.00135071
0.289746 -232.971 -0.220425 0.00144304
0.288876 -221.498 -0.206518 0.00158418
0.28801 -312.028 -0.254408 0.00137812
0.287146 -218.043 -0.309011 0.00104684
0.286284 -337.135 -0.306684 0.00110463
0.285425 -316.687 -0.325341 0.00104703
0.284569 -365.56 -0.375019 0.00100219
0.283715 -315.129 -0.338279 0.00130254
0.282864 -269.737 -0.318923 0.00168715
0.282016 -355.025 -0.286343 0.0019603
0.28117 -248.963 -0.286343 0.00184247
0.280326 -375.335 -0.328035 0.00204025
0.279485 -297.952 -0.296519 0.00162711
0.278647 -149.57 -0.296519 0.00135184
0.277811 -243.694 -0.211222 0.0015957
0.276977 -220.22 -0.183222 0.00165691
0.276146 -252.544 -0.272423 0.00130739
0.275318 -240.445 -0.270733 0.00134713
0.274492 -292.315 -0.305158 0.00134603
0.273668 -218.53 -0.295027 0.00135807
0.272847 -319.777 -0.358422 0.00116918
0.272029 -307.386 -0.302588 0.00148907
0.271213 -289.705 -0.250272 0.00139764
0.270399 -151.104 -0.214152 0.00163392
0.269588 -234.386 -0.223258 0.00179196
0.268779 -220.13 -0.218452 0.00171422
0.267973 -197.588 -0.250418 0.00225117
0.267169 -265.264 -0.263642 0.00204805
0.266367 -270.169 -0.261216 0.00282105
0.265568 -401.366 -0.217891 0.00366642
0.264772 -307.541 -0.193529 0.00420094
0.263977 -255.494 -0.276573 0.00254096
0.263185 -195.389 -0.224849 0.00377018
0.262396 -106.861 -0.236976 0.00312513
0.261609 -236.283 -0.258013 0.00314919
0.260824 -271.88 -0.258013 0.00449267
0.260041 -241.326 -0.191321 0.00416411
0.259261 -215.808 -0.222958 0.00347373
0.258483 -86.4973 -0.0361444 0.00619653
0.257708 20.6817 -0.0956051 0.00558675
0.256935 -140.952 -0.0854597 0.0056238
0.256164 270.646 -0.0737623 0.0053938
0.255396 105.189 -0.0737623 0.00768859
0.254629 254.93 0.0976678 0.00698861
0.253866 295.862 0.105399 0.00693333
0.253104 246.424 0.105399 0.00932426
0.252345 296.932 0.105399 0.00928817
0.251588 672.151 0.105399 0.00961106
0.250833 -132.728 0.134427 0.0075307
0.25008 327.604 -0.0338073 0.00593487
0.24933 -44.2435 -0.0338073 0.00745127
0.248582 -77.5249 -0.0208343 0.00638501
0.247836 633.911 -0.0208343 0.00760165
0.247093 -199.864 -0.0671616 0.00571106
0.246352 179.209 -0.122094 0.00508611
0.245613 -64.3909 -0.199807 0.00416609
0.244876 -248.133 -0.197222 0.00388776
0.244141 -370.35 -0.216313 0.00403438
0.243409 -98.4817 -0.137624 0.00516964
0.242678 -98.9526 -0.143464 0.00500293
0.24195 -164.047 -0.106551 0.00569498
0.241225 -114.294 0.0161377 0.00676921
0.240501 238.935 0.100136 0.00676599
0.239779 432.382 0.100136 0.0100074
0.23906 -69.8817 0.082194 0.00630364
0.238343 147.84 0.082194 0.00829126
0.237628 785.25 0.12647 0.00756029
0.236915 415.191 0.12647 0.0102865
0.236204 538.238 0.12647 0.0106492
0.235496 40.7292 0.0299017 0.00703384
0.234789 10.9045 -0.0253678 0.00557971
0.234085 506.064 -0.0253678 0.00794848
0.233382 -254.546 -0.112772 0.00512457
0.232682 26.9181 -0.112772 0.00616806
0.231984 -335.34 -0.18914 0.00413241
0.231288 -141.523 -0.195698 0.00409565
0.230594 -235.396 -0.195709 0.00432659
0.229903 -244.344 -0.247224 0.00341552
0.229213 -206.038 -0.247224 0.00457082
0.228525 -216.759 -0.168199 0.00427341
0.22784 93.509 0.115997 0.00679537
0.227156 -45.2402 0.0441383 0.00633705
0.226475 -86.9838 0.206543 0.00701076
0.225795 267.685 0.320105 0.00763168
0.225118 341.396 0.0462224 0.0058317
0.224443 -51.8619 -0.0583469 0.00479269
0.223769 -91.3561 -0.237453 0.00362219
0.223098 -94.715 -0.193839 0.00418543
0.222429 -183.372 -0.193839 0.00497153
0.221761 -107.264 -0.0829242 0.00513396
0.221096 43.8301 -0.0829242 0.00757735
0.220433 -216.775 -0.0780125 0.00494057
0.219771 165.49 0.0241111 0.00567469
0.219112 -166.079 -0.16092 0.00449852
0.218455 -88.078 -0.16092 0.00673854
0.217799 -275.536 -0.14586 0.0047689
0.217146 -213.682 -0.25647 0.00339402
0.216495 -334.787 -0.246487 0.0035207
0.215845 -96.097 -0.178899 0.00428703
0.215198 -205.38 -0.196988 0.0045458
0.214552 -128.814 -0.227982 0.00389196
0.213908 -195.826 -0.247818 0.00342566
0.213267 -245.208 -0.279737 0.00283021
0.212627 -81.1096 -0.213462 0.00394361
0.211989 39.0939 -0.159978 0.00469899
0.211353 -300.902 -0.226332 0.00378167
0.210719 -309.148 -0.260628 0.00313427
0.210087 -130.203 -0.21893 0.00397973
0.209457 -390.605 -0.248132 0.0033454
0.208828 -301.273 -0.136095 0.00501776
0.208202 -197.242 -0.207474 0.00378959
0.207577 -264.657 -0.269844 0.0031224
0.206954 -189.324 -0.275521 0.00296002
0.206333 -342.583 -0.295817 0.00303374
0.205714 -335.89 -0.305722 0.00302178
0.205097 -283.512 -0.291983 0.00308877
0.204482 -301.885 -0.192971 0.00428268
0.203869 -319.899 -0.271397 0.00329546
0.203257 -125.549 -0.269507 0.00325633
0.202647 -373.042 -0.343819 0.00240387
0.202039 -356.965 -0.341409 0.00233401
0.201433 -127.975 -0.258419 0.00246388
0.200829 -291.953 -0.27515 0.00288029
0.200226 -274.86 -0.340773 0.00247004
0.199626 -239.387 -0.280746 0.00313432
0.199027 -247.602 -0.349056 0.00237219
0.19843 -247.932 -0.341252 0.00238051
0.197834 -329.736 -0.341252 0.00386929
0.197241 -201.454 -0.240242 0.00375307
0.196649 33.6166 -0.240242 0.0054175
0.196059 -325.895 -0.26988 0.00344842
0.195471 -375.221 -0.318584 0.00235829
0.194885 -306.903 -0.312712 0.00224754
0.1943 -299.112 -0.270474 0.00308667
0.193717 -4.88547 -0.275666 0.00301017
0.193136 -455.863 -0.314767 0.00248088
0.192557 -266.603 -0.325517 0.00250154
0.191979 -414.149 -0.335808 0.00248134
0.191403 -386.998 -0.348327 0.00205313
0.190829 -366.093 -0.37794 0.00153878
0.190256 -406.333 -0.367207 0.00186548
0.189685 -437.301 -0.395685 0.00165073
0.189116 -358.024 -0.358709 0.00196871
0.188549 -392.457 -0.376625 0.00189221
0.187983 -350.277 -0.338773 0.00248159
0.187419 -238.682 -0.278085 0.00338475
0.186857 -361.982 -0.318155 0.0026715
0.186297 -457.705 -0.365724 0.00213957
0.185738 -413.703 -0.343672 0.00225185
0.185181 -254.001 -0.283763 0.00325012
0.184625 -349.554 -0.351268 0.00249005
0.184071 -218.093 -0.321734 0.00276659
0.183519 -317.67 -0.264573 0.00309374
0.182968 -127.906 -0.236624 0.00400197
0.182419 -341.478 -0.294592 0.00296402
0.181872 -298.575 -0.318912 0.00272221
0.181327 -347.445 -0.330832 0.00247537
0.180783 -289.866 -0.32983 0.00265554
0.18024 -446.989 -0.343409 0.00273387
0.1797 -302.822 -0.32965 0.00238698
0.17916 -321.916 -0.309743 0.00247778
0.178623 -342.411 -0.285323 0.00291485
0.178087 -324.587 -0.216327 0.003891
0.177553 72.377 -0.216327 0.00464576
0.17702 -295.714 -0.180134 0.00483202
0.176489 -217.903 -0.279221 0.00307586
0.17596 -337.01 -0.313711 0.00244837
0.175432 -441.421 -0.291519 0.00282138
0.174905 -279.247 -0.310233 0.00273888
0.174381 -309.531 -0.280581 0.00302597
0.173858 -249.892 -0.276481 0.0031715
0.173336 -234.48 -0.281014 0.00313491
0.172816 -265.852 -0.209432 0.00403076
0.172298 -227.316 -0.185719 0.00428612
0.171781 -322.5 -0.177076 0.0044819
0.171265 -215.311 -0.188691 0.00432669
0.170752 -37.3842 -0.188691 0.0055729
0.170239 -187.829 -0.24844 0.0033854
0.169729 -312.819 -0.288376 0.0028531
0.169219 -291.016 -0.286064 0.00278338
0.168712 -251.833 -0.286064 0.00383002
0.168206 -360.359 -0.296943 0.00294906
0.167701 -406.154 -0.296456 0.00281401
0.167198 188.019 -0.210694 0.0040227
0.166696 45.2446 -0.187069 0.00454807
0.166196 -273.011 -0.224184 0.0038332
0.165698 -227.411 -0.224184 0.00452796
0.165201 -119.678 -0.224184 0.00474826
0.164705 -377.175 -0.174205 0.00410077
0.164211 -202.273 -0.174205 0.00485189
0.163718 -252.901 -0.114924 0.00503879
0.163227 -317.996 -0.173656 0.00433494
0.162737 -301.908 -0.305721 0.00302569
0.162249 -384.931 -0.305123 0.00284195
0.161762 -407.503 -0.305123 0.00321358
0.161277 -335.504 -0.248477 0.00344511
0.160793 -257.184 -0.265732 0.00323637
0.160311 -381.156 -0.30869 0.00288093
0.15983 -372.971 -0.302308 0.00275371
0.15935 -256.72 -0.327477 0.00270396
0.158872 -372.516 -0.348265 0.00224642
0.158396 -390.889 -0.340165 0.00258858
0.157921 -360.82 -0.260564 0.00323307
0.157447 -135.172 -0.260564 0.00449405
0.156974 -301.371 -0.307714 0.00291358
0.156504 -382.228 -0.318041 0.00266709
0.156034 -350.395 -0.362108 0.00200283
0.155566 -307.207 -0.352259 0.00221426
0.155099 -356.214 -0.360716 0.00174074
0.154634 -339.787 -0.35368 0.00150697
0.15417 -310.076 -0.330182 0.0012755
0.153708 -345.471 -0.342227 0.00125576
0.153246 -319.901 -0.337738 0.00113248
0.152787 -407.788 -0.371862 0.00109211
0.152328 -363.777 -0.334878 0.00107508
0.151871 -290.643 -0.337325 0.000979261
0.151416 -345.726 -0.389376 0.000782295
0.150961 -343.433 -0.306458 0.0010877
0.150509 -249.5 -0.240297 0.00131235
0.150057 -154.532 -0.240297 0.00153062
0.149607 -265.453 -0.241656 0.00133722
0.149158 -300.36 -0.319756 0.00109216
0.148711 -259.779 -0.262978 0.00119932
0.148264 -404.293 -0.343841 0.00110003
0.14782 -364.592 -0.342164 0.00096742
0.147376 -301.964 -0.342237 0.000976952
0.146934 -255.482 -0.312178 0.00106727
0.146493 -225.655 -0.280412 0.00121236
0.146054 -330.612 -0.328572 0.00106418
0.145616 -401.343 -0.378595 0.00111426
0.145179 -328.148 -0.354075 0.00101653
0.144743 -334.485 -0.354075 0.00118745
0.144309 -269.308 -0.331038 0.00105909
0.143876 -272.353 -0.331038 0.0012875
0.143444 -372.412 -0.391032 0.000841017
0.143014 -312.191 -0.391032 0.00103637
0.142585 -409.278 -0.421089 0.000731124
0.142157 -449.524 -0.416089 0.000764231
0.141731 -379.213 -0.381319 0.000829029
0.141306 -318.858 -0.327101 0.0010638
0.140882 -247.461 -0.281276 0.00113307
0.140459 -193.075 -0.249948 0.00127955
0.140038 -229.166 -0.246098 0.00127369
0.139618 -277.237 -0.335317 0.000989973
0.139199 -381.992 -0.379567 0.000864571
0.138781 -371.84 -0.346411 0.00099721
0.138365 -380.318 -0.384888 0.000835271
0.13795 -440.796 -0.415976 0.000743399
0.137536 -425.774 -0.434405 0.000963434
0.137123 -380.312 -0.433166 0.00101684
0.136712 -421.901 -0.419389 0.00112497
0.136302 -431.409 -0.400901 0.00147083
0.135893 -317.22 -0.375238 0.0020001
0.135485 -394.383 -0.375074 0.00193539
0.135079 -423.377 -0.351676 0.00223301
0.134674 -360.05 -0.369823 0.00216367
0.134269 -436.407 -0.376641 0.00197623
0.133867 -413.213 -0.407538 0.00121987
0.133465 -455.341 -0.42482 0.00115365
0.133065 -435.431 -0.420581 0.001164
0.132665 -407.027 -0.404246 0.00139961
0.132267 -428.872 -0.404775 0.00139632
0.131871 -306.357 -0.3968 0.00180083
0.131475 -395.514 -0.37717 0.00198257
0.131081 -379.377 -0.37717 0.002332
0.130687 -384.698 -0.385767 0.00185947
0.130295 -320.538 -0.375282 0.00206642
0.129904 -277.497 -0.365469 0.00208935
0.129515 -342.03 -0.365469 0.0029506
0.129126 -340.64 -0.33345 0.00198621
0.128739 -448.324 -0.383101 0.0016975
0.128353 -388.169 -0.396961 0.00170494
0.127968 -424.077 -0.384531 0.00194699
0.127584 -452.867 -0.384531 0.00215547
0.127201 -444.477 -0.366016 0.00217097
0.126819 -431.5 -0.301191 0.00295579
0.126439 -234.651 -0.173312 0.00438605
0.12606 -281.107 -0.238168 0.0036922
0.125681 -293.959 -0.263101 0.0033419
0.125304 -433.381 -0.290023 0.00295696
0.124928 -308.68 -0.322278 0.00273156
0.124554 -338.864 -0.322278 0.00345092
0.12418 -280.488 -0.327087 0.00262293
0.123807 -394.379 -0.277339 0.00315035
0.123436 -406.312 -0.255441 0.00336291
0.123066 -99.0212 -0.255441 0.00415898
0.122696 -206.829 -0.209644 0.00338762
0.122328 -302.687 -0.202477 0.00342318
0.121961 -463.549 -0.318383 0.00236108
0.121596 -436.5 -0.33417 0.00226213
0.121231 -342.853 -0.352553 0.00230594
0.120867 -438.829 -0.372206 0.00213383
0.120504 -338.231 -0.382195 0.00196158
0.120143 -401.045 -0.419652 0.00143314
0.119782 -429.33 -0.438468 0.00100253
0.119423 -437.314 -0.44443 0.000841053
0.119065 -402.598 -0.437255 0.000890332
0.118708 -455.158 -0.442341 0.000907924
0.118352 -434.052 -0.428905 0.00115053
0.117996 -469.82 -0.429916 0.00114803
0.117643 -412.244 -0.393083 0.00165908
0.11729 -429.155 -0.418783 0.00138428
0.116938 -331.814 -0.390064 0.00158046
0.116587 -358.684 -0.345614 0.00180648
0.116237 -227.739 -0.345614 0.00199087
0.115888 -220.723 -0.271747 0.0019057
0.115541 -331.3 -0.351623 0.0016213
0.115194 -336.757 -0.37587 0.00151322
0.114849 -363.81 -0.37587 0.00234083
0.114504 -354.577 -0.303034 0.00205228
0.114161 -331.563 -0.295254 0.00225699
0.113818 -280.122 -0.346776 0.00224149
0.113477 -219.775 -0.346776 0.00294936
0.113136 -399.181 -0.382943 0.00182386
0.112797 -305.846 -0.376201 0.00191796
0.112458 -309.949 -0.36579 0.0021105
0.112121 -319.815 -0.400203 0.00164075
0.111785 -420.753 -0.418892 0.00148939
0.111449 -412.005 -0.429511 0.00117586
0.111115 -458.394 -0.424917 0.0013248
0.110782 -411.799 -0.424917 0.00151693
0.110449 -420.188 -0.41905 0.00127481
0.110118 -460.795 -0.427752 0.00116139
0.109788 -447.574 -0.432122 0.00114288
0.109458 -313.953 -0.426109 0.00132875
0.10913 -423.539 -0.426258 0.0011982
0.108802 -478.99 -0.420286 0.00143948
0.108476 -450.922 -0.417485 0.00144926
0.108151 -447.385 -0.431733 0.00120144
0.107826 -467.9 -0.440341 0.000874624
0.107503 -436.715 -0.440465 0.00104736
0.10718 -440.848 -0.421584 0.00123911
0.106859 -307.424 -0.380784 0.00179824
0.106538 -297.942 -0.410431 0.00145965
0.106218 -393.924 -0.368408 0.0021078
0.1059 -443.576 -0.421816 0.00131007
0.105582 -423.304 -0.42861 0.00116501
0.105265 -460.319 -0.434362 0.00112746
0.104949 -443.895 -0.430259 0.00115936
0.104635 -438.673 -0.414457 0.00155648
0.104321 -406.701 -0.386421 0.00184319
0.104008 -404.049 -0.407827 0.0016459
0.103696 -459.605 -0.430887 0.00119809
0.103385 -417.525 -0.430887 0.00155964
0.103075 -418.962 -0.425287 0.00129688
0.102765 -437.811 -0.416176 0.00148151
0.102457 -464.795 -0.417588 0.00141238
0.10215 -442.868 -0.379427 0.00179269
0.101843 -466.047 -0.413718 0.00134147
0.101538 -404.146 -0.356802 0.00212366
0.101233 -391.706 -0.345588 0.00198529
0.100929 -329.881 -0.391406 0.00168724
0.100627 -372.181 -0.391406 0.00188782
0.100325 -421.335 -0.395773 0.00173231
0.100024 -451.919 -0.427658 0.00116977
0.0997236 -481.24 -0.43631 0.00105377
0.0994244 -396.309 -0.43631 0.00145927
0.0991262 -418.441 -0.433306 0.00112642
0.0988288 -394.408 -0.400602 0.00167218
0.0985323 -410.941 -0.3472 0.00219326
0.0982367 -294.138 -0.3472 0.00280661
0.097942 -375.13 -0.360258 0.00199851
0.0976482 -290.398 -0.328568 0.00203096
0.0973552 -329.537 -0.313749 0.00230888
0.0970632 -291.693 -0.311142 0.0020906
0.096772 -455.534 -0.347329 0.00207755
0.0964817 -317.42 -0.310231 0.0025244
0.0961922 -290.735 -0.348244 0.00229466
0.0959036 -230.8 -0.333188 0.00216293
0.0956159 -262.08 -0.298078 0.00247687
0.0953291 -354.194 -0.281045 0.00268744
0.0950431 -326.666 -0.287227 0.00262256
0.094758 -363.793 -0.365219 0.00196836
0.0944737 -358.426 -0.379612 0.00186003
0.0941903 -447.757 -0.375871 0.0019867
0.0939077 -341.093 -0.3436 0.00229391
0.093626 -409.839 -0.35984 0.00225643
0.0933451 -365.754 -0.373151 0.00216308
0.0930651 -236.405 -0.36332 0.00206659
0.0927859 -349.091 -0.33164 0.00232067
0.0925075 -355.446 -0.281645 0.0025573
0.09223 -233.886 -0.281645 0.00320202
0.0919533 -276.439 -0.291302 0.00275528
0.0916774 26.3304 -0.239217 0.00305875
0.0914024 -390.382 -0.268764 0.00295239
0.0911282 -214.826 -0.171286 0.003804
0.0908548 -2.62542 -0.171286 0.00437216
0.0905822 -145.508 -0.125001 0.00422234
0.0903105 -42.7217 -0.0310937 0.00428451
0.0900396 -129.445 -0.145008 0.00372134
0.0897694 -369.328 -0.110854 0.00395756
0.0895001 142.074 -0.0719484 0.00433692
0.0892316 -156.623 -0.10445 0.00394571
0.0889639 -151.148 -0.10445 0.00439542
0.088697 -6.77926 -0.0805904 0.00392182
0.088431 -232.529 -0.142728 0.00363574
0.0881657 -131.098 -0.142728 0.00352646
0.0879012 -200.705 -0.184576 0.00320953
0.0876375 -213.976 -0.142159 0.00311335
0.0873746 -118.874 -0.142159 0.00345403
0.0871124 -160.003 -0.215253 0.00282148
0.0868511 -135.458 -0.195301 0.00260351
0.0865905 -145.607 -0.197959 0.00263089
0.0863308 -262.191 -0.2122 0.00236232
0.0860718 -269.782 -0.293464 0.00185181
0.0858136 -396.506 -0.316076 0.00151617
0.0855561 -314.442 -0.329674 0.00132913
0.0852994 -355.686 -0.330221 0.00120125
0.0850436 -371.62 -0.38222 0.00113952
0.0847884 -343.514 -0.367499 0.00111213
0.0845341 -374.95 -0.370818 0.00115676
0.0842805 -201.391 -0.335595 0.00131171
0.0840276 -342.985 -0.294028 0.00156032
0.0837755 -263.611 -0.236248 0.00152879
0.0835242 -224.473 -0.234412 0.00166756
0.0832736 -263.163 -0.23281 0.00182658
0.0830238 -227.448 -0.244766 0.00166956
0.0827747 -259.312 -0.269122 0.00157243
0.0825264 -307.314 -0.316392 0.00146123
0.0822788 -351.876 -0.316392 0.0017309
0.082032 -319.939 -0.350741 0.0014889
0.0817859 -381.108 -0.335926 0.00128869
0.0815405 -356.303 -0.376118 0.0012098
0.0812959 -384.584 -0.383868 0.00113832
0.081052 -400.545 -0.403181 0.0010392
0.0808089 -405.301 -0.403181 0.00121448
0.0805665 -386.732 -0.401089 0.00101217
0.0803248 -447.014 -0.415337 0.00107986
0.0800838 -434.03 -0.4023 0.00134838
0.0798435 -416.634 -0.408802 0.00104091
0.079604 -392.519 -0.370114 0.00110165
0.0793652 -401.109 -0.371428 0.00115238
0.0791271 -325.185 -0.34801 0.00130744
0.0788897 -421.079 -0.393679 0.00118534
0.078653 -374.511 -0.352119 0.00136411
0.0784171 -390.782 -0.384636 0.00112152
0.0781818 -373.112 -0.372567 0.00114018
0.0779473 -280.123 -0.33866 0.00150681
0.0777134 -365.501 -0.33866 0.00192078
0.0774803 -244.802 -0.306099 0.00167416
0.0772479 -358.793 -0.351382 0.00141605
0.0770161 -355.256 -0.370787 0.00144029
0.0767851 -386.489 -0.370787 0.00149793
0.0765547 -242.512 -0.343222 0.00133424
0.076325 -321.956 -0.343222 0.0014046
0.0760961 -391.865 -0.384997 0.00110207
0.0758678 -398.908 -0.360828 0.00115278
0.0756402 -372.469 -0.360828 0.001302
0.0754133 -275.331 -0.322099 0.00147509
0.075187 -358.935 -0.340621 0.00154158
0.0749615 -379.109 -0.329673 0.00148919
0.0747366 -335.245 -0.329673 0.00167598
0.0745124 -359.162 -0.3664 0.00145753
0.0742888 -360.703 -0.340649 0.00160718
0.074066 -308.99 -0.312722 0.00161497
0.0738438 -433.5 -0.356899 0.00142929
0.0736222 -436.839 -0.3921 0.00135018
0.0734014 -425.607 -0.406245 0.00134695
0.0731812 -433.559 -0.411507 0.00123147
0.0729616 -479.096 -0.425623 0.00107927
0.0727427 -447.688 -0.423183 0.00124161
0.0725245 -408.013 -0.424794 0.0011285
0.0723069 -400.731 -0.415359 0.00116041
0.07209 -327.461 -0.409911 0.00127337
0.0718737 -367.397 -0.399951 0.00145224
0.0716581 -409.282 -0.397035 0.00157711
0.0714431 -390.525 -0.418572 0.00128903
0.0712288 -477.7 -0.403682 0.00142949
0.0710151 -358.19 -0.40781 0.00149275
0.0708021 -219.53 -0.421751 0.00115467
0.0705897 -419.777 -0.407233 0.00118964
0.0703779 -344.772 -0.405942 0.00128571
0.0701668 -403.532 -0.38729 0.00146595
0.0699563 -421.9 -0.3892 0.00158667
0.0697464 -421.323 -0.3892 0.00147972
0.0695372 -270.743 -0.3892 0.00168564
0.0693286 -340.94 -0.382175 0.00141122
0.0691206 -450.548 -0.383571 0.00169077
0.0689132 -427.631 -0.387689 0.00147624
0.0687065 -416.491 -0.355813 0.00169847
0.0685003 -438.997 -0.348009 0.00181668
0.0682948 -424.549 -0.364288 0.00168043
0.06809 -382.329 -0.37177 0.00147782
0.0678857 -332.903 -0.373853 0.00165468
0.067682 -402.37 -0.373853 0.00190996
0.067479 -387.241 -0.357364 0.00184685
0.0672766 -411.543 -0.368927 0.00178135
0.0670747 -374.468 -0.349459 0.00201561
0.0668735 -389.432 -0.339873 0.00194448
0.0666729 -295.189 -0.318794 0.00193707
0.0664729 -311.145 -0.344881 0.00177415
0.0662734 -349.114 -0.32715 0.0017886
0.0660746 -261.439 -0.359956 0.00155782
0.0658764 -283.784 -0.37991 0.00133627
0.0656788 -386.917 -0.37991 0.00160168
0.0654817 -385.422 -0.37991 0.00134826
0.0652853 -405.211 -0.355779 0.00149162
0.0650894 -322.013 -0.340872 0.00138157
0.0648942 -332.91 -0.340851 0.00137147
0.0646995 -311.866 -0.340851 0.00142739
0.0645054 -339.74 -0.351334 0.00117525
0.0643119 -357.503 -0.336135 0.00117825
0.0641189 -358.121 -0.3342 0.00119524
0.0639266 -420.603 -0.365328 0.00111097
0.0637348 -362.086 -0.366969 0.00116709
0.0635436 -281.223 -0.366969 0.00134399
0.063353 -425.085 -0.39276 0.0012031
0.0631629 -388.025 -0.418495 0.000977463
0.0629734 -441.066 -0.415858 0.000893638
0.0627845 -386.276 -0.413338 0.000932209
0.0625961 -375.275 -0.411717 0.000933646
0.0624083 -414.459 -0.411558 0.00099275
0.0622211 -428.067 -0.428605 0.000936815
0.0620345 -417.38 -0.428605 0.000910765
0.0618484 -430.142 -0.440096 0.000829428
0.0616628 -447.353 -0.436106 0.000850763
0.0614778 -423.406 -0.429161 0.000924467
0.0612934 -420.963 -0.433749 0.000876893
0.0611095 -443.237 -0.427525 0.00088442
0.0609262 -442.584 -0.433017 0.00086871
0.0607434 -494.425 -0.426769 0.000898894
0.0605612 -385.347 -0.420334 0.000981956
0.0603795 -394.925 -0.420334 0.000972874
0.0601983 -406.366 -0.413415 0.000968173
0.0600178 -400.987 -0.404266 0.00101082
0.0598377 -332.77 -0.386902 0.00105466
0.0596582 -373.798 -0.384079 0.00105657
0.0594792 -405.5 -0.397542 0.00109684
0.0593008 -383.311 -0.396766 0.00103287
0.0591229 -432.869 -0.40293 0.000966909
0.0589455 -322.486 -0.38357 0.00115198
0.0587687 -328.349 -0.400802 0.00114107
0.0585924 -310.452 -0.379744 0.00137093
0.0584166 -373.191 -0.376376 0.00123754
0.0582413 -441.093 -0.401418 0.00108694
0.0580666 -384.642 -0.420547 0.00102221
0.0578924 -429.054 -0.432706 0.000933277
0.0577187 -470.564 -0.429272 0.000971955
0.0575456 -432.939 -0.438566 0.000894007
0.0573729 -449.164 -0.434653 0.00102497
0.0572008 -402.357 -0.424206 0.00109609
0.0570292 -381.431 -0.424206 0.00148585
0.0568581 -444.099 -0.416873 0.00108911
0.0566876 -369.839 -0.416873 0.00113538
0.0565175 -404.233 -0.410811 0.00124598
0.0563479 -448.348 -0.424332 0.00121286
0.0561789 -454.451 -0.423814 0.00116786
0.0560104 -441.463 -0.415778 0.00123134
0.0558423 -377.945 -0.415778 0.00148065
0.0556748 -450.976 -0.430193 0.00108559
0.0555078 -359.546 -0.419198 0.00122325
0.0553413 -367.586 -0.424402 0.00115446
0.0551752 -434.468 -0.413037 0.00135942
0.0550097 -148.757 -0.413037 0.00164996
0.0548447 -459.1 -0.418538 0.00125686
0.0546801 -398.458 -0.424501 0.00139383
0.0545161 -410.927 -0.425993 0.00107325
0.0543526 -431.201 -0.435405 0.000961495
0.0541895 -453.669 -0.425225 0.00117526
0.0540269 -416.709 -0.425225 0.0014633
0.0538648 -477.79 -0.430641 0.00119113
0.0537033 -444.967 -0.436029 0.00108318
0.0535421 -448.177 -0.436029 0.0011397
0.0533815 -442.988 -0.436029 0.00131641
0.0532214 -383.675 -0.436029 0.0012146
0.0530617 -374.429 -0.43474 0.00111414
0.0529025 -459.877 -0.438669 0.00106175
0.0527438 -454.192 -0.434046 0.00117916
0.0525856 -436.615 -0.43521 0.000976741
0.0524278 -381.366 -0.438081 0.00103542
0.0522705 -417.191 -0.432475 0.00114167
0.0521137 -416.644 -0.432475 0.00134684
0.0519574 -462.44 -0.432475 0.00131346
0.0518015 -430.5 -0.438747 0.00109853
0.0516461 -450.065 -0.442346 0.000809953
0.0514912 -472.659 -0.434717 0.000860816
0.0513367 -455.157 -0.437803 0.000900288
0.0511827 -433.537 -0.430692 0.000812883
0.0510291 -429.515 -0.436426 0.000761734
0.0508761 -421.034 -0.430356 0.000871893
0.0507234 -456.787 -0.436841 0.000784271
0.0505713 -440.663 -0.437481 0.000909994
0.0504195 -449.289 -0.436739 0.0009813
0.0502683 -451.731 -0.438113 0.000818545
0.0501175 -439.839 -0.43685 0.000988444
0.0499671 -435.997 -0.437761 0.0010448
0.0498172 -458.105 -0.430979 0.00118403
0.0496678 -450.316 -0.431409 0.00114246
0.0495188 -450.247 -0.430495 0.00125035
0.0493702 -442.605 -0.429784 0.00114146
0.0492221 -418.99 -0.428923 0.00115531
0.0490744 -433.606 -0.432597 0.00121615
0.0489272 -462.19 -0.435891 0.00110201
0.0487804 -472.411 -0.439427 0.00102804
0.0486341 -456.109 -0.438245 0.00108315
0.0484882 -388.393 -0.436456 0.000996281
0.0483427 -476.13 -0.434946 0.00112011
0.0481977 -451.806 -0.437082 0.00105409
0.0480531 -451.926 -0.438493 0.000965182
0.0479089 -448.621 -0.436548 0.00105125
0.0477652 -434.266 -0.438294 0.000980677
0.0476219 -462.294 -0.438966 0.000989106
0.0474791 -447.507 -0.439414 0.000870468
0.0473366 -411.61 -0.43768 0.000933916
0.0471946 -435.397 -0.441781 0.000859782
0.047053 -328.159 -0.436501 0.00111122
0.0469119 -351.477 -0.440584 0.000938219
0.0467711 -386.021 -0.439824 0.000988784
0.0466308 -435.458 -0.436861 0.00106684
0.0464909 -472.385 -0.433502 0.00110407
0.0463515 -429.122 -0.437866 0.0010619
0.0462124 -461.91 -0.440503 0.00104704
0.0460738 -420.564 -0.441587 0.000901779
0.0459355 -457.126 -0.442573 0.000882953
0.0457977 -451.366 -0.442594 0.000815064
0.0456603 -439.553 -0.442036 0.000905168
0.0455234 -426.992 -0.443552 0.000803116
0.0453868 -459.896 -0.44413 0.00082252
0.0452506 -395.146 -0.443704 0.000843787
0.0451149 -453.58 -0.442371 0.000810581
0.0449795 -413.266 -0.442636 0.000836132
0.0448446 -438.101 -0.443996 0.000773361
0.0447101 -445.015 -0.444234 0.000772462
0.0445759 -383.995 -0.441479 0.00074185
0.0444422 -442.119 -0.440957 0.000721533
0.0443089 -430.334 -0.434512 0.000761511
0.0441759 -475.947 -0.43808 0.000706775
0.0440434 -446.278 -0.433292 0.00074629
0.0439113 -425.392 -0.433292 0.000708311
0.0437796 -426.205 -0.439133 0.000679047
0.0436482 -454.338 -0.441957 0.000714609
0.0435173 -422.694 -0.443613 0.000767984
0.0433867 -472.218 -0.442684 0.000739629
0.0432566 -443.92 -0.44322 0.000771054
0.0431268 -448.688 -0.442175 0.000796619
0.0429974 -441.604 -0.438374 0.000754974
0.0428684 -441.669 -0.43491 0.000706848
0.0427398 -451.342 -0.428601 0.000788994
0.0426116 -466.793 -0.428601 0.000828512
0.0424838 -434.015 -0.434886 0.000759
0.0423563 -435.556 -0.426073 0.000761873
0.0422292 -358.277 -0.42122 0.000759941
0.0421026 -411.266 -0.415714 0.000728228
0.0419762 -441.068 -0.420767 0.000711359
0.0418503 -442.976 -0.410121 0.000760916
0.0417248 -391.128 -0.41038 0.00072601
0.0415996 -409.705 -0.41515 0.00070363
0.0414748 -435.445 -0.426559 0.00071892
0.0413504 -435.813 -0.41671 0.000747865
0.0412263 -381.465 -0.423658 0.00079465
0.0411026 -433.251 -0.417696 0.000709922
0.0409793 -434.66 -0.411236 0.000778465
0.0408564 -442.707 -0.411371 0.00077622
0.0407338 -384.219 -0.409998 0.000863384
0.0406116 -401.338 -0.411481 0.00079686
0.0404898 -424.602 -0.410906 0.000854869
0.0403683 -381.89 -0.4166 0.0008755
0.0402472 -419.053 -0.419966 0.000890646
0.0401265 -445.126 -0.412682 0.000947143
0.0400061 -374.397 -0.400728 0.00105912
0.0398861 -422.262 -0.411644 0.000882044
0.0397664 -436.156 -0.414987 0.00081871
0.0396471 -471.485 -0.414987 0.000805826
0.0395282 -441.955 -0.42447 0.00074212
0.0394096 -459.783 -0.427339 0.000893063
0.0392914 -354.512 -0.425912 0.000928121
0.0391735 -398.947 -0.419774 0.000867901
0.039056 -408.496 -0.417029 0.000954008
0.0389388 -392.069 -0.414054 0.000923145
0.038822 -413.842 -0.414144 0.000925572
0.0387055 -407.157 -0.409114 0.000823966
0.0385894 -396.551 -0.409114 0.000792504
0.0384736 -457.073 -0.415617 0.000868967
0.0383582 -421.964 -0.415617 0.000801843
0.0382431 -428.2 -0.419936 0.000916418
0.0381284 -444.041 -0.414876 0.000894114
0.038014 -400.39 -0.413649 0.000913264
0.0379 -439.443 -0.408072 0.000989729
0.0377863 -383.082 -0.407343 0.000940577
0.0376729 -427.725 -0.405289 0.00093553
0.0375599 -404.931 -0.409874 0.000941591
0.0374472 -451.452 -0.408857 0.00107355
0.0373349 -377.425 -0.398955 0.00112186
0.0372229 -418.486 -0.405911 0.00103138
0.0371112 -352.064 -0.403969 0.000899483
0.0369999 -411.272 -0.400672 0.000978325
0.0368889 -407.753 -0.406321 0.000978925
0.0367782 -435.515 -0.408252 0.0010176
0.0366679 -445.14 -0.41096 0.00114467
0.0365579 -389.542 -0.412776 0.00123763
0.0364482 -379.305 -0.41013 0.00120151
0.0363389 -468.643 -0.414101 0.00122653
0.0362298 -366.003 -0.420016 0.00118086
0.0361211 -375.908 -0.414064 0.00130507
0.0360128 -453.503 -0.412726 0.00116057
0.0359047 -429.033 -0.412533 0.000974131
0.035797 -404.339 -0.410714 0.000976658
0.0356896 -438.387 -0.41105 0.000977682
0.0355826 -419.45 -0.414169 0.000951511
0.0354758 -394.372 -0.414169 0.00097765
0.0353694 -367.644 -0.414036 0.000895662
0.0352633 -411.378 -0.414519 0.000844746
0.0351575 -420.007 -0.420456 0.000870106
0.035052 -336.62 -0.420456 0.000830206
0.0349469 -378.325 -0.42277 0.000880908
0.034842 -396.318 -0.423974 0.00105808
0.0347375 -467.696 -0.427169 0.000995244
0.0346333 -393.413 -0.428208 0.000935958
0.0345294 -434.129 -0.425886 0.00100119
0.0344258 -457.697 -0.427187 0.000986696
0.0343225 -414.024 -0.432204 0.000939415
0.0342196 -396.368 -0.428607 0.000992272
0.0341169 -438.041 -0.427495 0.000919503
0.0340145 -433.821 -0.428215 0.000963687
0.0339125 -427.676 -0.428215 0.000909345
0.0338108 -392.044 -0.42383 0.000878449
0.0337093 -409.906 -0.429091 0.000893551
0.0336082 -463.53 -0.425128 0.000880843
0.0335074 -401.882 -0.427033 0.000849582
0.0334069 -409.816 -0.425543 0.000858945
0.0333066 -444.491 -0.429499 0.000817221
0.0332067 -402.459 -0.430741 0.000821915
0.0331071 -429.498 -0.431684 0.000912026
0.0330078 -362.615 -0.434594 0.000934837
0.0329088 -439.45 -0.437127 0.000859354
0.03281 -432.633 -0.434394 0.00107488
0.0327116 -421.945 -0.432064 0.000857836
0.0326135 -428.478 -0.431103 0.000828831
0.0325156 -433.372 -0.429987 0.000828605
0.0324181 -440.983 -0.424428 0.000840107
0.0323208 -447.932 -0.426304 0.000815042
0.0322239 -441.724 -0.428135 0.000788868
0.0321272 -445.494 -0.42514 0.000765437
0.0320308 -392.92 -0.430263 0.000717629
0.0319347 -457.515 -0.430044 0.000820509
0.0318389 -461.593 -0.430008 0.000893794
0.0317434 -436.697 -0.429548 0.000904644
0.0316482 -423.189 -0.429414 0.000936545
0.0315532 -409.328 -0.428163 0.000949722
0.0314586 -389.2 -0.424949 0.000922752
0.0313642 -424.309 -0.424792 0.000892075
0.0312701 -479.379 -0.423569 0.000952924
0.0311763 -438.022 -0.429493 0.000958247
0.0310827 -448.189 -0.432308 0.000847989
0.0309895 -419.55 -0.430671 0.000847345
0.0308965 -419.987 -0.431935 0.000911093
0.0308038 -481.989 -0.429753 0.000894027
0.0307114 -455.851 -0.429895 0.000771456
0.0306193 -477.758 -0.432029 0.000785049
0.0305274 -448.277 -0.435246 0.000803086
0.0304359 -441.046 -0.428527 0.00078046
0.0303445 -437.746 -0.433176 0.000744395
0.0302535 -438.887 -0.43525 0.000823832
0.0301628 -465.379 -0.435431 0.000894614
0.0300723 -376.498 -0.43867 0.000937639
0.029982 -439.594 -0.436627 0.000872764
0.0298921 -427.494 -0.436219 0.000998382
0.0298024 -450.07 -0.432945 0.000954762
0.029713 -406.939 -0.434536 0.000973958
0.0296239 -445.615 -0.433345 0.000977064
0.029535 -454.111 -0.430188 0.00106748
0.0294464 -442.25 -0.428644 0.00102729
0.0293581 -417.07 -0.425308 0.00119989
0.02927 -425.787 -0.430073 0.00107495
0.0291822 -445.228 -0.430126 0.00119654
0.0290946 -451.531 -0.432239 0.00107684
0.0290074 -412.708 -0.436002 0.000991926
0.0289203 -431.152 -0.4362 0.000941896
0.0288336 -414.428 -0.435818 0.000977649
0.0287471 -465.365 -0.434869 0.000901207
0.0286608 -444.944 -0.434869 0.00104776
0.0285748 -433.363 -0.430863 0.000934199
0.0284891 -420.062 -0.426572 0.000959794
0.0284037 -245.733 -0.427818 0.00090773
0.0283184 -418.861 -0.420313 0.000947094
0.0282335 -411.073 -0.417943 0.000871247
0.0281488 -367.097 -0.415104 0.000977408
0.0280643 -475.197 -0.418099 0.000973318
0.0279801 -439.51 -0.417104 0.00113016
0.0278962 -385.722 -0.418446 0.000915593
0.0278125 -388.79 -0.415931 0.00109277
0.0277291 -452.037 -0.420894 0.00107489
0.0276459 -462.587 -0.41899 0.000965395
0.027563 -462.216 -0.424798 0.00100044
0.0274803 -358.875 -0.425956 0.000933743
0.0273978 -427.097 -0.426748 0.0010289
0.0273156 -451.259 -0.42859 0.0010535
0.0272337 -455.926 -0.431495 0.00108659
0.027152 -448.18 -0.429543 0.00096841
0.0270705 -425.602 -0.430581 0.00100689
0.0269893 -428.285 -0.429533 0.00107308
0.0269083 -394.302 -0.432444 0.000999573
0.0268276 -425.498 -0.431536 0.00101883
0.0267471 -427.86 -0.432201 0.000926962
0.0266669 -398.445 -0.432221 0.000933988
0.0265869 -455.577 -0.434865 0.000916632
0.0265071 -438.821 -0.434865 0.000867538
0.0264276 -437.583 -0.438163 0.000839426
0.0263483 -452.485 -0.434459 0.000875254
0.0262693 -410.567 -0.436414 0.000852353
0.0261905 -464.148 -0.439232 0.00096383
0.0261119 -483.388 -0.440025 0.000923146
0.0260336 -385.056 -0.440384 0.000811214
0.0259555 -433.069 -0.441726 0.00083622
0.0258776 -421.958 -0.443555 0.000755333
0.0258 -467.061 -0.443978 0.000791802
0.0257226 -407.599 -0.442224 0.0008109
0.0256454 -431.351 -0.442706 0.000729774
0.0255685 -448.087 -0.443806 0.000756092
0.0254918 -459.226 -0.442994 0.000756241
0.0254153 -451.348 -0.444191 0.000749019
0.025339 -465.699 -0.444191 0.000723636
0.025263 -420.433 -0.442838 0.000832164
0.0251872 -441.473 -0.443509 0.000796715
0.0251117 -457.018 -0.441797 0.000866173
0.0250363 -447.761 -0.441957 0.000960007
0.0249612 -465.323 -0.442483 0.000866815
0.0248863 -404.647 -0.442386 0.000797307
0.0248117 -427.448 -0.445177 0.000788017
0.0247373 -426.167 -0.444017 0.000839596
0.024663 -446.928 -0.443007 0.000899081
0.0245891 -454.107 -0.444781 0.000741795
0.0245153 -449.376 -0.442783 0.000771532
0.0244417 -434.555 -0.440234 0.000819704
0.0243684 -438.554 -0.439291 0.000826384
0.0242953 -436.185 -0.439661 0.000810913
0.0242224 -462.548 -0.438669 0.000765986
0.0241498 -446.06 -0.437421 0.00072964
0.0240773 -421.522 -0.438293 0.000799975
0.0240051 -468.131 -0.440948 0.000771431
0.0239331 -411.961 -0.438459 0.000778997
0.0238613 -436.974 -0.43878 0.000716096
0.0237897 -466.038 -0.439869 0.000785124
0.0237183 -430.417 -0.44007 0.000692617
0.0236472 -413.549 -0.440914 0.000788585
0.0235762 -404.486 -0.439409 0.000848055
0.0235055 -456.337 -0.44082 0.0007696
0.023435 -454.136 -0.438354 0.000759175
0.0233647 -455.45 -0.438528 0.000787969
0.0232946 -449.122 -0.439594 0.000782418
0.0232247 -453.467 -0.441471 0.000782387
0.023155 -410.038 -0.4378 0.000769987
0.0230855 -455.826 -0.4378 0.000811108
0.0230163 -455.847 -0.437115 0.000735708
0.0229472 -462.889 -0.436958 0.000693157
0.0228784 -416.598 -0.432331 0.000699464
0.0228098 -455.315 -0.427865 0.000696222
0.0227413 -473.955 -0.425346 0.000755227
0.0226731 -437.889 -0.427817 0.000703779
0.0226051 -418.844 -0.431551 0.00068527
0.0225373 -430.227 -0.431551 0.000760606
0.0224697 -403.048 -0.431871 0.00077167
0.0224023 -425.905 -0.427955 0.000699813
0.022335 -375.448 -0.427955 0.000718442
0.022268 -410.222 -0.429582 0.000703087
0.0222012 -456.495 -0.428083 0.000724958
0.0221346 -409.678 -0.429337 0.000723715
0.0220682 -415.656 -0.432219 0.000691427
0.022002 -422.767 -0.427062 0.000693621
0.021936 -432.33 -0.423232 0.000721589
0.0218702 -427.706 -0.420742 0.000732411
0.0218046 -411.589 -0.42635 0.000709065
0.0217392 -440.079 -0.421853 0.000731426
0.021674 -389.328 -0.419863 0.000705284
0.0216089 -424.116 -0.419034 0.000733884
0.0215441 -414.897 -0.422332 0.000688748
0.0214795 -447.429 -0.420428 0.000738473
0.021415 -405.042 -0.424171 0.000746043
0.0213508 -406.597 -0.42377 0.000751216
0.0212868 -438.065 -0.425961 0.000732861
0.0212229 -397.06 -0.428221 0.000709295
0.0211592 -406.314 -0.429292 0.000751571
0.0210957 -432.94 -0.428717 0.000748316
0.0210325 -408.13 -0.426203 0.000769411
0.0209694 -435.039 -0.421554 0.000766984
0.0209065 -401.296 -0.422733 0.000778909
0.0208437 -395.611 -0.424697 0.000773295
0.0207812 -433.587 -0.424984 0.000780368
0.0207189 -372.921 -0.427394 0.000773799
0.0206567 -433.993 -0.428784 0.000740554
0.0205947 -399.547 -0.429558 0.000776085
0.0205329 -395.457 -0.427089 0.000762129
0.0204713 -431.495 -0.42801 0.000713879
0.0204099 -380.956 -0.431946 0.000778333
0.0203487 -416.935 -0.432385 0.000746177
0.0202877 -425.423 -0.429696 0.000778409
0.0202268 -458.351 -0.432499 0.000731518
0.0201661 -388.901 -0.429721 0.000757479
0.0201056 -425.858 -0.433205 0.000738672
0.0200453 -432.343 -0.430504 0.000769703
0.0199852 -462.959 -0.432525 0.000778685
0.0199252 -382.802 -0.430205 0.000754129
0.0198654 -428.677 -0.430205 0.000799361
0.0198058 -448.764 -0.42959 0.000763727
0.0197464 -438.929 -0.431942 0.000754104
0.0196872 -392.598 -0.435176 0.000730906
0.0196281 -417.034 -0.433361 0.000802832
0.0195692 -375.057 -0.436915 0.000736254
0.0195105 -448.563 -0.438442 0.000742853
0.019452 -427.946 -0.43913 0.000743282
0.0193936 -454.638 -0.439692 0.000746776
0.0193355 -457.144 -0.439411 0.000759711
0.0192775 -448.923 -0.439411 0.000770725
0.0192196 -441.96 -0.435582 0.000762157
0.019162 -403.013 -0.437414 0.000739561
0.0191045 -454.09 -0.438118 0.000769356
0.0190472 -413.174 -0.439819 0.000768937
0.01899 -456.409 -0.439539 0.000735791
0.018933 -381.527 -0.43825 0.000711065
0.0188762 -449.214 -0.439544 0.000739032
0.0188196 -419.184 -0.440497 0.000752761
0.0187632 -433.55 -0.439188 0.000713244
0.0187069 -426.276 -0.438728 0.000699552
0.0186508 -442.501 -0.433515 0.00072524
0.0185948 -439.341 -0.435755 0.000718745
0.018539 -461.482 -0.43321 0.00070473
0.0184834 -386.606 -0.434146 0.000690174
0.0184279 -420.048 -0.430457 0.000722514
0.0183727 -447.597 -0.433583 0.000685759
0.0183175 -407.231 -0.431655 0.000699075
0.0182626 -416.698 -0.431655 0.000711874
0.0182078 -416.681 -0.43501 0.000660224
0.0181532 -418.931 -0.431537 0.000725118
0.0180987 -432.078 -0.433218 0.000732328
0.0180444 -421.774 -0.435103 0.000724176
0.0179903 -405.28 -0.436914 0.000724978
0.0179363 -404.803 -0.436914 0.00070466
0.0178825 -478.725 -0.438038 0.000705137
0.0178289 -411.651 -0.435588 0.000683894
0.0177754 -460.865 -0.432437 0.000721229
0.0177221 -449.017 -0.436103 0.000698959
0.0176689 -468.022 -0.437399 0.000737405
0.0176159 -376.202 -0.439311 0.000733927
0.017563 -439.2 -0.439058 0.000708027
0.0175103 -438.525 -0.437856 0.000737818
0.0174578 -449.713 -0.437446 0.000797988
0.0174054 -432.46 -0.437082 0.000699213
0.0173532 -488.729 -0.436941 0.000691789
0.0173012 -429.183 -0.432584 0.000672891
0.0172493 -461.326 -0.42822 0.00077068
0.0171975 -393.537 -0.426733 0.000722441
0.0171459 -450.245 -0.429021 0.000724642
0.0170945 -437.014 -0.431196 0.000710513
0.0170432 -362.137 -0.429143 0.000717931
0.0169921 -411.459 -0.429143 0.000728688
0.0169411 -413.951 -0.428371 0.000748057
0.0168903 -427.512 -0.429779 0.000687263
0.0168396 -386.128 -0.43094 0.000701234
0.0167891 -400.126 -0.430463 0.00069769
0.0167387 -411.808 -0.43152 0.000682648
0.0166885 -433.197 -0.42996 0.000691676
0.0166384 -415.256 -0.425424 0.000716292
0.0165885 -417.422 -0.422487 0.000723985
0.0165387 -395.437 -0.421132 0.000700224
0.0164891 -424.672 -0.422944 0.000684962
0.0164397 -408.654 -0.422944 0.000715844
0.0163903 -425.118 -0.417963 0.000753286
0.0163412 -420.704 -0.416416 0.000711003
0.0162922 -420.086 -0.41461 0.000724127
0.0162433 -408.373 -0.418498 0.000722482
0.0161945 -416.693 -0.418498 0.000722436
0.016146 -411.526 -0.422687 0.000744291
0.0160975 -438.149 -0.418429 0.000699112
0.0160492 -417.752 -0.412592 0.000790363
0.0160011 -428.854 -0.416085 0.000777324
0.0159531 -420.925 -0.418496 0.00075312
0.0159052 -431.465 -0.417562 0.000747768
0.0158575 -414.046 -0.41542 0.000871173
0.0158099 -397.97 -0.419813 0.000720648
0.0157625 -444.041 -0.416609 0.000720587
0.0157152 -470.571 -0.414757 0.000809641
0.0156681 -436.655 -0.412677 0.000745866
0.0156211 -412.385 -0.414865 0.00073556
0.0155742 -395.53 -0.41793 0.00070172
0.0155275 -449.348 -0.420377 0.000707611
0.0154809 -404.175 -0.420308 0.000723521
0.0154345 -429.227 -0.416439 0.000755631
0.0153882 -472.225 -0.416439 0.000733257
0.015342 -412.299 -0.4182 0.000685868
0.015296 -397.257 -0.420932 0.000714875
0.0152501 -420.653 -0.421442 0.00073351
0.0152043 -417.97 -0.424326 0.000731103
0.0151587 -389 -0.422867 0.000754436
0.0151132 -431.975 -0.427587 0.000677099
0.0150679 -419.502 -0.425456 0.000766572
0.0150227 -434.029 -0.425214 0.000743365
0.0149776 -446.645 -0.427033 0.000723694
0.0149327 -421.119 -0.428446 0.000786492
0.0148879 -379.406 -0.428878 0.000757919
0.0148432 -440.355 -0.428967 0.000748723
0.0147987 -462.634 -0.428967 0.000686542
0.0147543 -447.493 -0.42725 0.000782758
0.01471 -461.55 -0.426897 0.000764968
0.0146659 -449.675 -0.426897 0.000842706
0.0146219 -436.244 -0.424993 0.000771963
0.014578 -421.751 -0.428946 0.000756538
0.0145343 -445.578 -0.429313 0.000711698
0.0144907 -391.642 -0.426314 0.000735226
0.0144472 -419.973 -0.427511 0.000725087
0.0144039 -429.463 -0.429095 0.000758122
0.0143607 -442.063 -0.425781 0.000706509
0.0143176 -447.437 -0.425623 0.000739024
0.0142746 -394.639 -0.427611 0.000700159
0.0142318 -420.515 -0.427978 0.000709097
0.0141891 -405.922 -0.428435 0.000755181
0.0141466 -445.214 -0.425625 0.000726029
0.0141041 -497.333 -0.424215 0.000682202
0.0140618 -410.159 -0.426177 0.000711229
0.0140196 -408.982 -0.427556 0.000698054
0.0139776 -461.385 -0.426355 0.000691715
0.0139356 -431.791 -0.423532 0.000669069
0.0138938 -419.531 -0.423976 0.000677079
0.0138521 -413.534 -0.422213 0.000697458
0.0138106 -408.337 -0.422648 0.000720828
0.0137692 -398.855 -0.421572 0.000737164
0.0137278 -427.736 -0.418855 0.00077507
0.0136867 -379.674 -0.418717 0.000698784
0.0136456 -424.525 -0.422308 0.000717467
0.0136047 -414.238 -0.424171 0.000755594
0.0135639 -407.399 -0.423752 0.000722094
0.0135232 -425.835 -0.426419 0.000729389
0.0134826 -413.809 -0.428873 0.000704569
0.0134421 -416.491 -0.424651 0.000718248
0.0134018 -450.184 -0.425463 0.000709812
0.0133616 -433.928 -0.423781 0.000684722
0.0133215 -419.599 -0.426726 0.000697947
0.0132816 -434.618 -0.429657 0.000701537
0.0132417 -402.104 -0.427539 0.000727194
0.013202 -440.28 -0.42773 0.000743559
0.0131624 -420.141 -0.42773 0.000692623
0.0131229 -404.842 -0.427562 0.000687189
0.0130835 -438.247 -0.429824 0.000715013
0.0130443 -425.795 -0.431443 0.000708132
0.0130051 -421.4 -0.428497 0.000745819
0.0129661 -449.344 -0.42843 0.000742674
0.0129272 -438.034 -0.429463 0.000696568
0.0128885 -420.308 -0.429789 0.000717663
0.0128498 -393.935 -0.432383 0.000708755
0.0128112 -452.674 -0.432495 0.000726908
0.0127728 -408.327 -0.432455 0.000723252
0.0127345 -404.068 -0.431253 0.000699301
0.0126963 -409.666 -0.428957 0.000755779
0.0126582 -430.837 -0.426702 0.000744433
0.0126202 -432.391 -0.430193 0.000724477
0.0125824 -414.332 -0.430992 0.000729721
0.0125446 -433.46 -0.429629 0.000712536
0.012507 -440.309 -0.425911 0.000681353
0.0124695 -424.527 -0.427213 0.000736673
0.012432 -379.806 -0.429541 0.000695636
0.0123948 -421.739 -0.425935 0.000712811
0.0123576 -419.087 -0.424211 0.000755596
0.0123205 -413.082 -0.424243 0.000711371
0.0122835 -436.615 -0.425375 0.000719632
0.0122467 -461.082 -0.424737 0.000710041
0.0122099 -399.959 -0.423095 0.000744906
0.0121733 -434.63 -0.424351 0.00074746
0.0121368 -412 -0.423223 0.000704166
0.0121004 -439.441 -0.422724 0.000748968
0.0120641 -441.935 -0.420041 0.000728427
0.0120279 -435.723 -0.420041 0.000733058
0.0119918 -441.018 -0.421248 0.000723593
0.0119558 -437.89 -0.419817 0.000732156
0.01192 -447.447 -0.41951 0.000705034
0.0118842 -444.702 -0.418961 0.000730316
0.0118486 -432.818 -0.41883 0.000754347
0.011813 -446.303 -0.420045 0.00078137
0.0117776 -435.147 -0.419046 0.00074398
0.0117422 -418.277 -0.41786 0.000727015
0.011707 -400.689 -0.415523 0.000761156
0.0116719 -434.049 -0.410761 0.00074338
0.0116369 -408.735 -0.410761 0.000782835
0.011602 -432.219 -0.412204 0.000748104
0.0115672 -401.174 -0.416164 0.00072017
0.0115325 -425.273 -0.416699 0.000716843
0.0114979 -429.68 -0.415619 0.000748935
0.0114634 -432.009 -0.415481 0.00077924
0.011429 -458.652 -0.417499 0.000721793
0.0113947 -414.726 -0.417857 0.000747571
0.0113605 -405.279 -0.423191 0.000943946
0.0113264 -484.483 -0.420522 0.000742924
0.0112924 -392.049 -0.423571 0.000766559
0.0112586 -455.42 -0.421824 0.000755093
0.0112248 -403.455 -0.420315 0.000773102
0.0111911 -424.258 -0.421517 0.000762846
0.0111575 -419.543 -0.419895 0.000747961
0.0111241 -428.923 -0.421984 0.000775552
0.0110907 -412.164 -0.422736 0.000773206
0.0110574 -428.287 -0.422822 0.000802703
0.0110242 -417.481 -0.420961 0.000807424
0.0109912 -409.271 -0.420266 0.000834826
0.0109582 -414.466 -0.416175 0.000793549
0.0109253 -399.129 -0.416638 0.000793778
0.0108926 -405.419 -0.417299 0.000787958
0.0108599 -387.25 -0.41472 0.000812549
0.0108273 -437.501 -0.416088 0.000812427
0.0107948 -466.48 -0.415626 0.000802074
0.0107624 -413.082 -0.415626 0.000799187
0.0107301 -364.716 -0.415626 0.000778636
0.010698 -431.116 -0.41508 0.000814861
0.0106659 -389.835 -0.41753 0.000759512
0.0106339 -403.863 -0.416893 0.000784694
0.010602 -449.34 -0.414706 0.000778418
0.0105702 -422.679 -0.415677 0.000749194
0.0105384 -427.614 -0.419192 0.000781916
0.0105068 -460.559 -0.420245 0.000760614
0.0104753 -423.862 -0.42361 0.000792327
0.0104439 -406.347 -0.425927 0.000753585
0.0104125 -457.175 -0.427701 0.000736714
0.0103813 -431.632 -0.427701 0.000769686
0.0103502 -449.001 -0.427701 0.00079038
0.0103191 -433.125 -0.427701 0.000740749
0.0102882 -433.003 -0.424914 0.000787395
0.0102573 -469.167 -0.423042 0.00077555
0.0102265 -419.106 -0.426185 0.000770299
0.0101958 -424.051 -0.426951 0.000788346
0.0101653 -476.74 -0.425234 0.000791237
0.0101348 -414.057 -0.427791 0.000780899
0.0101044 -408.886 -0.426671 0.000765435
0.010074 -416.412 -0.425548 0.000783387
0.0100438 -421.294 -0.42752 0.000749314
0.0100137 -414.55 -0.430886 0.000749231
