0 -0.426281 0
1 -0.43092 0.00463893
2 -0.422816 0.00853522
3 -0.428485 0.0082802
4 -0.435244 0.00931785
5 -0.438322 0.00820706
6 -0.424387 0.0155658
7 -0.423029 0.0135485
8 -0.423754 0.0119706
9 -0.428884 0.0118725
10 -0.431023 0.01095
11 -0.434555 0.0106017
12 -0.436277 0.00990298
13 -0.436719 0.00917904
14 -0.439884 0.00911252
15 -0.440825 0.00857577
16 -0.442372 0.00820274
17 -0.440509 0.007955
18 -0.439825 0.00755566
19 -0.441123 0.00728457
20 -0.441464 0.00693736
21 -0.441507 0.00661465
22 -0.441185 0.00632873
23 -0.442024 0.00611706
24 -0.441732 0.00587454
25 -0.440982 0.00569368
26 -0.442146 0.00560097
27 -0.443194 0.00549817
28 -0.44379 0.00533857
29 -0.44326 0.00518473
30 -0.443756 0.00503913
31 -0.442396 0.00506509
32 -0.442909 0.00493595
33 -0.442907 0.00478858
34 -0.44289 0.00464978
35 -0.443054 0.00452177
36 -0.443491 0.0044195
37 -0.443726 0.00430803
38 -0.444213 0.00422428
39 -0.443588 0.00416442
40 -0.442567 0.00418799
41 -0.443381 0.00416722
42 -0.443959 0.00411012
43 -0.444804 0.00410342
44 -0.44419 0.00405788
45 -0.444824 0.00401894
46 -0.444545 0.00394233
47 -0.445192 0.0039132
48 -0.444742 0.00385887
49 -0.444683 0.00378137
50 -0.444265 0.00372993
51 -0.444757 0.00369049
52 -0.444911 0.00362344
53 -0.443983 0.00367491
54 -0.443224 0.00368637
55 -0.443678 0.00364826
56 -0.443018 0.003644
57 -0.442849 0.00358457
58 -0.442928 0.00352417
59 -0.44274 0.00347003
60 -0.442816 0.0034135
61 -0.442382 0.00338583
62 -0.442749 0.00335179
63 -0.442891 0.00330206
64 -0.443132 0.00325976
65 -0.443741 0.00326717
66 -0.443819 0.00321898
67 -0.443933 0.00317336
68 -0.443674 0.00313771
69 -0.443917 0.00310208
70 -0.444136 0.00306589
71 -0.443103 0.00319472
72 -0.442884 0.00315826
73 -0.442882 0.00311529
74 -0.442484 0.00309919
75 -0.442451 0.00305832
76 -0.442571 0.00302072
77 -0.441399 0.00320369
78 -0.442125 0.00324519
79 -0.441805 0.00322034
80 -0.441944 0.00318338
81 -0.442536 0.00319946
82 -0.442827 0.00317402
83 -0.442832 0.00313602
84 -0.443104 0.00311075
85 -0.443433 0.00309191
86 -0.443766 0.00307434
87 -0.443027 0.00312786
88 -0.443378 0.00311238
89 -0.443238 0.00308081
90 -0.443944 0.0031275
91 -0.444181 0.00310239
92 -0.444187 0.00306885
93 -0.44425 0.00303669
94 -0.443281 0.00315709
95 -0.443027 0.00313429
96 -0.442838 0.00310758
97 -0.443232 0.00310076
98 -0.44304 0.00307527
99 -0.44328 0.00305382
100 -0.443069 0.00303077
101 -0.442868 0.00300769
102 -0.443013 0.00298188
103 -0.443126 0.00295526
104 -0.442997 0.00292984
105 -0.443083 0.00290336
106 -0.443375 0.00289091
107 -0.443476 0.00286577
108 -0.443434 0.00283967
109 -0.443584 0.00281771
110 -0.443508 0.00279322
111 -0.443712 0.00277565
112 -0.44369 0.00275106
113 -0.442866 0.00284853
114 -0.442993 0.00282651
115 -0.443211 0.0028105
116 -0.443108 0.00278828
117 -0.442724 0.00279104
118 -0.442615 0.00276964
119 -0.442721 0.00274849
120 -0.442777 0.00272626
121 -0.442683 0.00270546
122 -0.442571 0.00268571
123 -0.442646 0.00266502
124 -0.442357 0.00265937
125 -0.442541 0.00264459
126 -0.442113 0.00265833
127 -0.441511 0.00270527
128 -0.441878 0.00270915
129 -0.442048 0.00269358
130 -0.442196 0.00267707
131 -0.442145 0.00265721
132 -0.442202 0.00263778
133 -0.442413 0.00262646
134 -0.44224 0.00261261
135 -0.442518 0.00260815
136 -0.442625 0.00259126
137 -0.44246 0.0025777
138 -0.442672 0.0025678
139 -0.442733 0.00255013
140 -0.443059 0.0025529
141 -0.442943 0.00253754
142 -0.442535 0.00255251
143 -0.44185 0.0026255
144 -0.442095 0.0026188
145 -0.441813 0.00261602
146 -0.441881 0.00259904
147 -0.441823 0.00258207
148 -0.441755 0.00256558
149 -0.441455 0.00256604
150 -0.441719 0.00256269
151 -0.441572 0.00255001
152 -0.441209 0.00255915
153 -0.441376 0.00254795
154 -0.441418 0.0025318
155 -0.441205 0.00252453
156 -0.441343 0.00251216
157 -0.441445 0.00249832
158 -0.441346 0.00248455
159 -0.441596 0.00248163
160 -0.441462 0.00246983
161 -0.441375 0.00245605
162 -0.441501 0.00244415
163 -0.441422 0.00243048
164 -0.441402 0.00241578
165 -0.441151 0.00241427
166 -0.441 0.00240454
167 -0.441033 0.00239041
168 -0.440861 0.00238242
169 -0.440967 0.00237073
170 -0.441075 0.00235932
171 -0.44082 0.00235936
172 -0.440823 0.00234568
173 -0.440949 0.00233558
174 -0.441213 0.00233712
175 -0.441146 0.00232476
176 -0.441102 0.00231202
177 -0.441134 0.00229923
178 -0.441376 0.00229902
179 -0.441396 0.00228631
180 -0.441304 0.00227552
181 -0.441408 0.0022654
182 -0.441352 0.00225369
183 -0.441273 0.0022428
184 -0.441195 0.002232
185 -0.440907 0.00223867
186 -0.441065 0.0022323
187 -0.441218 0.00222567
188 -0.441354 0.00221804
189 -0.441095 0.00222155
190 -0.441294 0.00221884
191 -0.441399 0.00220977
192 -0.441563 0.00220434
193 -0.441513 0.00219351
194 -0.441588 0.00218352
195 -0.441439 0.00217746
196 -0.441662 0.0021778
197 -0.441817 0.00217231
198 -0.44189 0.0021626
199 -0.441913 0.00215189
200 -0.441759 0.00214671
201 -0.441855 0.00213825
202 -0.441834 0.0021278
203 -0.441967 0.00212152
204 -0.441704 0.00212743
205 -0.44178 0.00211844
206 -0.441837 0.00210896
207 -0.441973 0.00210322
208 -0.44194 0.0020934
209 -0.441847 0.00208549
210 -0.441863 0.00207565
211 -0.44203 0.00207259
212 -0.442055 0.00206299
213 -0.44212 0.00205436
214 -0.442114 0.00204479
215 -0.442215 0.00203779
216 -0.441901 0.00205243
217 -0.441995 0.00204513
218 -0.441897 0.00203812
219 -0.442012 0.00203212
220 -0.442164 0.0020286
221 -0.44211 0.00202018
222 -0.441806 0.00203393
223 -0.441833 0.00202502
224 -0.441552 0.00203561
225 -0.441644 0.0020287
226 -0.441696 0.0020204
227 -0.441643 0.0020122
228 -0.441371 0.00202174
229 -0.441243 0.00201704
230 -0.441141 0.00201087
231 -0.441215 0.00200357
232 -0.441363 0.00200045
233 -0.44129 0.00199325
234 -0.441328 0.00198512
235 -0.441414 0.00197858
236 -0.441488 0.00197158
237 -0.44149 0.00196328
238 -0.441547 0.00195587
239 -0.441614 0.00194884
240 -0.441623 0.00194076
241 -0.441522 0.00193539
242 -0.44142 0.00193011
243 -0.441418 0.00192219
244 -0.441461 0.0019148
245 -0.441467 0.00190701
246 -0.441613 0.00190488
247 -0.441509 0.00190003
248 -0.441311 0.00190267
249 -0.441319 0.00189506
250 -0.441434 0.00189102
251 -0.44158 0.00188917
252 -0.441705 0.00188579
253 -0.441697 0.00187837
254 -0.44162 0.00187258
255 -0.441468 0.00187146
256 -0.441474 0.00186417
257 -0.441625 0.00186313
258 -0.441438 0.00186538
259 -0.441526 0.0018603
260 -0.441517 0.00185318
261 -0.441106 0.00189132
262 -0.441203 0.0018866
263 -0.441213 0.00187947
264 -0.441248 0.00187269
265 -0.441172 0.00186717
266 -0.441027 0.00186587
267 -0.441106 0.00186058
268 -0.441027 0.00185531
269 -0.441 0.00184863
270 -0.441037 0.00184217
271 -0.441054 0.00183547
272 -0.441101 0.00182933
273 -0.440926 0.001831
274 -0.441 0.00182584
275 -0.441108 0.00182238
276 -0.441098 0.00181582
277 -0.441055 0.00180977
278 -0.44112 0.00180442
279 -0.441169 0.00179863
280 -0.441228 0.00179318
281 -0.441352 0.00179116
282 -0.441196 0.00179168
283 -0.441228 0.00178566
284 -0.441248 0.00177949
285 -0.441316 0.00177457
286 -0.441404 0.00177054
287 -0.441468 0.00176554
288 -0.441442 0.0017596
289 -0.441485 0.00175403
290 -0.441487 0.00174799
291 -0.441516 0.00174223
292 -0.441676 0.0017437
293 -0.441679 0.00173776
294 -0.441729 0.00173258
295 -0.441834 0.00172989
296 -0.441812 0.0017242
297 -0.441754 0.00171938
298 -0.441751 0.00171362
299 -0.441634 0.0017119
300 -0.441655 0.00170633
301 -0.441636 0.00170077
302 -0.441591 0.00169577
303 -0.441471 0.00169439
304 -0.441437 0.00168918
305 -0.441448 0.00168369
306 -0.441504 0.00167911
307 -0.441539 0.00167401
308 -0.441484 0.00166948
309 -0.441492 0.0016641
310 -0.441424 0.00166014
311 -0.441459 0.00165518
312 -0.441419 0.00165036
313 -0.441528 0.00164869
314 -0.441563 0.00164383
315 -0.441688 0.00164335
316 -0.441741 0.00163902
317 -0.441758 0.00163394
318 -0.441753 0.00162882
319 -0.441769 0.0016238
320 -0.441689 0.00162071
321 -0.441596 0.00161838
322 -0.441516 0.00161532
323 -0.441426 0.00161285
324 -0.441363 0.00160911
325 -0.441314 0.00160493
326 -0.441196 0.00160432
327 -0.441035 0.00160754
328 -0.441116 0.00160469
329 -0.441132 0.0015999
330 -0.441227 0.00159789
331 -0.441306 0.00159501
332 -0.441305 0.00159021
333 -0.441276 0.0015857
334 -0.441226 0.00158177
335 -0.441159 0.00157848
336 -0.441157 0.00157379
337 -0.441116 0.00156964
338 -0.441125 0.00156503
339 -0.441291 0.00156925
340 -0.44136 0.00156614
341 -0.441252 0.00156524
342 -0.441262 0.0015607
343 -0.441265 0.00155616
344 -0.441273 0.00155166
345 -0.441305 0.00154749
346 -0.441342 0.00154347
347 -0.441296 0.0015397
348 -0.441318 0.00153544
349 -0.441313 0.00153105
350 -0.441342 0.00152696
351 -0.44131 0.00152295
352 -0.441362 0.00151952
353 -0.441236 0.00152047
354 -0.441282 0.00151687
355 -0.441324 0.0015132
356 -0.441294 0.00150927
357 -0.44128 0.00150511
358 -0.44131 0.0015012
359 -0.441357 0.00149775
360 -0.441344 0.00149365
361 -0.441379 0.00148994
362 -0.441555 0.00149621
363 -0.441514 0.00149268
364 -0.441542 0.00148885
365 -0.441602 0.00148602
366 -0.441535 0.00148349
367 -0.441619 0.00148188
368 -0.441586 0.00147823
369 -0.441531 0.00147525
370 -0.441475 0.00147235
371 -0.441517 0.00146898
372 -0.441496 0.00146519
373 -0.441548 0.0014622
374 -0.441521 0.00145856
375 -0.441535 0.00145475
376 -0.441613 0.00145294
377 -0.441551 0.0014504
378 -0.441625 0.00144847
379 -0.441617 0.00144468
380 -0.441608 0.00144091
381 -0.441604 0.00143714
382 -0.441583 0.00143352
383 -0.441667 0.00143225
384 -0.441603 0.00142997
385 -0.44159 0.00142632
386 -0.441671 0.00142491
387 -0.441706 0.00142167
388 -0.441749 0.00141865
389 -0.441718 0.00141534
390 -0.441694 0.00141192
391 -0.441678 0.0014084
392 -0.44172 0.00140544
393 -0.441733 0.00140192
394 -0.441783 0.00139927
395 -0.441803 0.00139587
396 -0.441831 0.00139263
397 -0.441836 0.00138914
398 -0.441876 0.00138622
399 -0.441929 0.00138377
400 -0.441922 0.00138034
401 -0.441952 0.00137723
402 -0.442007 0.00137489
403 -0.442048 0.00137211
404 -0.441981 0.00137039
405 -0.441965 0.0013671
406 -0.442 0.0013642
407 -0.442076 0.00136295
408 -0.441987 0.0013625
409 -0.442068 0.00136159
410 -0.442075 0.00135828
411 -0.442068 0.001355
412 -0.442091 0.00135192
413 -0.442084 0.00134867
414 -0.441937 0.0013534
415 -0.441933 0.00135014
416 -0.442018 0.00134954
417 -0.441996 0.00134649
418 -0.442092 0.0013467
419 -0.44205 0.00134414
420 -0.442074 0.00134115
421 -0.441988 0.00134071
422 -0.44196 0.00133784
423 -0.441932 0.00133497
424 -0.441879 0.00133285
425 -0.441812 0.00133142
426 -0.441746 0.00132995
427 -0.441799 0.0013279
428 -0.441857 0.00132605
429 -0.441839 0.00132308
430 -0.441765 0.00132211
431 -0.441758 0.00131907
432 -0.441767 0.00131605
433 -0.44178 0.00131308
434 -0.441712 0.00131182
435 -0.44173 0.00130894
436 -0.441811 0.00130842
437 -0.4418 0.00130547
438 -0.441891 0.0013057
439 -0.441856 0.0013032
440 -0.441944 0.00130316
441 -0.441941 0.00130021
442 -0.441963 0.00129745
443 -0.441984 0.0012947
444 -0.442002 0.00129191
445 -0.441924 0.00129134
446 -0.441847 0.00129078
447 -0.44187 0.0012881
448 -0.441878 0.00128526
449 -0.441956 0.00128479
450 -0.442031 0.00128414
451 -0.442068 0.00128183
452 -0.442098 0.00127935
453 -0.442039 0.00127792
454 -0.442058 0.00127526
455 -0.441988 0.00127439
456 -0.441993 0.00127161
457 -0.442018 0.00126908
458 -0.442045 0.0012666
459 -0.442023 0.00126404
460 -0.442066 0.00126204
461 -0.442112 0.00126015
462 -0.44209 0.00125761
463 -0.442083 0.00125492
464 -0.442 0.00125491
465 -0.441983 0.00125233
466 -0.441967 0.00124976
467 -0.44192 0.00124796
468 -0.441926 0.00124531
469 -0.441764 0.00125314
470 -0.441825 0.00125197
471 -0.441885 0.00125073
472 -0.441885 0.00124808
473 -0.441923 0.00124604
474 -0.441914 0.00124345
475 -0.441918 0.00124084
476 -0.441921 0.00123824
477 -0.441976 0.00123686
478 -0.441976 0.00123427
479 -0.441977 0.0012317
480 -0.442054 0.00123153
481 -0.442062 0.001229
482 -0.442083 0.00122662
483 -0.442141 0.00122548
484 -0.442118 0.00122318
485 -0.442077 0.00122132
486 -0.442123 0.00121967
487 -0.442171 0.00121809
488 -0.442183 0.00121566
489 -0.442186 0.00121318
490 -0.442218 0.00121114
491 -0.442259 0.00120935
492 -0.442309 0.00120795
493 -0.44239 0.00120818
494 -0.442408 0.00120588
495 -0.44249 0.00120621
496 -0.442561 0.0012059
497 -0.442605 0.00120427
498 -0.442588 0.00120197
499 -0.44264 0.00120068
500 -0.442682 0.00119903
501 -0.44279 0.00120148
502 -0.442727 0.0012007
503 -0.442721 0.00119834
504 -0.442717 0.00119597
505 -0.44278 0.00119527
506 -0.442805 0.00119317
507 -0.442801 0.00119082
508 -0.442795 0.0011885
509 -0.442742 0.00118736
510 -0.442772 0.00118542
511 -0.442732 0.00118379
512 -0.442734 0.00118148
513 -0.44277 0.00117976
514 -0.442789 0.00117761
515 -0.44276 0.00117568
516 -0.442791 0.00117382
517 -0.442864 0.00117378
518 -0.44283 0.00117201
519 -0.442842 0.00116982
520 -0.442874 0.00116801
521 -0.442923 0.00116679
522 -0.442953 0.00116495
523 -0.442959 0.00116274
524 -0.442955 0.00116053
525 -0.443003 0.0011593
526 -0.442973 0.00115748
527 -0.442966 0.00115531
528 -0.442951 0.00115322
529 -0.442923 0.00115137
530 -0.442958 0.00114973
531 -0.442885 0.00114989
532 -0.442962 0.00115035
533 -0.442957 0.00114821
534 -0.442986 0.00114643
535 -0.443011 0.00114454
536 -0.442965 0.00114331
537 -0.442972 0.0011412
538 -0.442942 0.00113947
539 -0.442946 0.00113737
540 -0.442936 0.00113531
541 -0.442933 0.00113321
542 -0.442909 0.00113139
543 -0.44287 0.00112999
544 -0.442891 0.00112811
545 -0.442885 0.00112605
546 -0.442873 0.00112406
547 -0.442937 0.00112382
548 -0.442995 0.00112327
549 -0.442958 0.00112184
550 -0.442872 0.00112306
551 -0.44292 0.00112202
552 -0.442943 0.00112023
553 -0.442959 0.00111833
554 -0.442937 0.00111652
555 -0.442922 0.00111462
556 -0.443006 0.00111584
557 -0.443065 0.00111538
558 -0.443084 0.00111355
559 -0.443078 0.00111158
560 -0.443049 0.00110999
561 -0.443113 0.0011099
562 -0.443123 0.00110797
563 -0.443101 0.00110624
564 -0.443131 0.00110469
565 -0.44308 0.00110392
566 -0.443065 0.00110208
567 -0.443086 0.00110034
568 -0.443067 0.00109855
569 -0.443137 0.00109884
570 -0.443145 0.00109694
571 -0.443192 0.00109603
572 -0.443136 0.00109552
573 -0.443156 0.0010938
574 -0.443137 0.00109206
575 -0.443122 0.00109026
576 -0.443065 0.00108988
577 -0.443097 0.00108846
578 -0.443007 0.00109028
579 -0.443042 0.00108898
580 -0.443091 0.00108821
581 -0.443055 0.00108696
582 -0.442997 0.00108664
583 -0.443045 0.00108585
584 -0.443055 0.00108404
585 -0.443067 0.00108225
586 -0.44312 0.00108168
587 -0.443134 0.00107993
588 -0.443131 0.0010781
589 -0.443201 0.00107857
590 -0.443185 0.00107686
591 -0.443216 0.00107548
592 -0.443261 0.00107462
593 -0.443218 0.00107368
594 -0.443268 0.00107307
595 -0.443279 0.00107133
596 -0.443305 0.00106984
597 -0.443332 0.00106839
598 -0.443365 0.0010671
599 -0.443387 0.00106555
600 -0.443365 0.00106401
601 -0.443342 0.00106248
602 -0.443359 0.00106084
603 -0.443397 0.00105978
604 -0.443412 0.00105813
605 -0.443469 0.0010579
606 -0.44347 0.00105616
607 -0.443552 0.00105762
608 -0.443518 0.00105644
609 -0.443391 0.0010623
610 -0.443213 0.00107552
611 -0.443196 0.00107389
612 -0.443182 0.00107223
613 -0.443165 0.00107061
614 -0.44303 0.00107736
615 -0.443026 0.00107562
616 -0.443056 0.00107428
617 -0.4429 0.0010838
618 -0.442846 0.00108339
619 -0.442901 0.00108306
620 -0.442919 0.00108146
621 -0.44295 0.00108014
622 -0.442958 0.00107844
623 -0.442957 0.00107671
624 -0.442962 0.001075
625 -0.442975 0.00107336
626 -0.443001 0.00107197
627 -0.442978 0.00107053
628 -0.443 0.00106905
629 -0.442904 0.00107165
630 -0.442918 0.00107004
631 -0.442923 0.00106836
632 -0.442876 0.00106772
633 -0.442872 0.00106604
634 -0.442908 0.00106495
635 -0.442894 0.00106336
636 -0.442898 0.0010617
637 -0.442905 0.00106006
638 -0.4429 0.00105841
639 -0.442867 0.00105729
640 -0.442824 0.00105648
641 -0.442863 0.00105554
642 -0.442877 0.00105398
643 -0.442886 0.00105239
644 -0.442902 0.00105088
645 -0.442932 0.00104966
646 -0.442967 0.00104863
647 -0.442929 0.0010477
648 -0.44291 0.00104625
649 -0.442883 0.001045
650 -0.442866 0.00104353
651 -0.442834 0.00104241
652 -0.442864 0.00104124
653 -0.44287 0.00103967
654 -0.442906 0.0010387
655 -0.442862 0.00103805
656 -0.442859 0.00103647
657 -0.442871 0.00103496
658 -0.44284 0.00103385
659 -0.442852 0.00103235
660 -0.442893 0.00103161
661 -0.442879 0.00103015
662 -0.442852 0.00102896
663 -0.442899 0.00102851
664 -0.442903 0.00102698
665 -0.4428 0.00103064
666 -0.442802 0.0010291
667 -0.442804 0.00102756
668 -0.442806 0.00102602
669 -0.442839 0.00102503
670 -0.442819 0.00102371
671 -0.442863 0.00102314
672 -0.442865 0.00102162
673 -0.442908 0.00102102
674 -0.442869 0.00102024
675 -0.442898 0.00101913
676 -0.442937 0.00101836
677 -0.443008 0.00101938
678 -0.443038 0.00101831
679 -0.443069 0.00101729
680 -0.443063 0.00101581
681 -0.442995 0.0010166
682 -0.443 0.00101513
683 -0.442991 0.00101368
684 -0.443024 0.00101273
685 -0.443008 0.00101138
686 -0.442939 0.00101224
687 -0.44293 0.00101081
688 -0.442965 0.00100997
689 -0.442998 0.00100904
690 -0.442954 0.00100854
691 -0.442964 0.00100714
692 -0.442968 0.00100569
693 -0.442994 0.00100457
694 -0.443002 0.00100316
695 -0.442957 0.00100276
696 -0.442961 0.00100133
697 -0.442935 0.00100022
698 -0.44293 0.000998803
699 -0.442924 0.000997395
700 -0.442873 0.000997257
701 -0.44289 0.000995986
702 -0.442933 0.000995486
703 -0.442896 0.000994778
704 -0.442852 0.000994312
705 -0.442859 0.000992927
706 -0.442881 0.00099177
707 -0.442836 0.000991392
708 -0.442871 0.000990614
709 -0.442842 0.00098967
710 -0.442858 0.000988411
711 -0.442897 0.000987784
712 -0.442873 0.000986681
713 -0.442919 0.000986365
714 -0.442872 0.000986113
715 -0.442858 0.000984827
716 -0.442755 0.000988881
717 -0.442769 0.000987609
718 -0.442795 0.000986578
719 -0.442785 0.000985261
720 -0.442817 0.000984406
721 -0.442787 0.0009835
722 -0.442756 0.000982633
723 -0.442802 0.000982363
724 -0.442805 0.000981011
725 -0.442815 0.000979714
726 -0.442797 0.000978539
727 -0.442822 0.000977528
728 -0.442825 0.000976191
729 -0.442831 0.000974873
730 -0.442841 0.000973585
731 -0.442867 0.000972609
732 -0.442899 0.000971808
733 -0.442883 0.000970617
734 -0.442917 0.00096988
735 -0.442873 0.000969564
736 -0.442878 0.000968261
737 -0.442869 0.000966991
738 -0.442873 0.00096569
739 -0.442892 0.000964588
740 -0.442918 0.000963613
741 -0.442899 0.000962488
742 -0.442928 0.000961626
743 -0.442933 0.000960344
744 -0.442953 0.000959264
745 -0.442952 0.000957978
746 -0.442955 0.000956701
747 -0.442949 0.000955445
748 -0.442927 0.000954412
749 -0.442921 0.000953156
750 -0.442905 0.000952027
751 -0.442894 0.000950822
752 -0.442912 0.000949732
753 -0.442825 0.000952475
754 -0.442827 0.000951215
755 -0.442862 0.000950608
756 -0.442815 0.000950528
757 -0.442786 0.0009497
758 -0.442829 0.000949423
759 -0.442806 0.000948448
760 -0.442783 0.000947484
761 -0.442775 0.000946279
762 -0.44278 0.000945054
763 -0.442721 0.000945682
764 -0.44271 0.00094451
765 -0.442734 0.000943593
766 -0.442754 0.000942584
767 -0.442637 0.0009486
768 -0.442668 0.000947852
769 -0.442667 0.000946621
770 -0.442637 0.000945876
771 -0.442624 0.000944732
772 -0.442606 0.000943677
773 -0.442622 0.000942582
774 -0.442571 0.00094276
775 -0.442563 0.000941571
776 -0.442585 0.000940602
777 -0.442588 0.000939397
778 -0.442534 0.000939727
779 -0.442545 0.000938584
780 -0.442537 0.000937412
781 -0.442536 0.000936214
782 -0.4425 0.000935686
783 -0.442516 0.000934626
784 -0.442501 0.000933552
785 -0.442499 0.000932366
786 -0.442164 0.000989655
787 -0.442121 0.000989341
788 -0.442154 0.000988652
789 -0.442149 0.000987412
790 -0.442149 0.000986163
791 -0.442134 0.000985033
792 -0.44212 0.000983896
793 -0.442079 0.000983505
794 -0.441996 0.000985794
795 -0.442036 0.000985391
796 -0.442031 0.00098417
797 -0.442054 0.000983201
798 -0.442005 0.000983169
799 -0.442041 0.000982583
800 -0.442039 0.000981357
801 -0.442053 0.000980229
802 -0.442067 0.000979114
803 -0.442097 0.000978356
804 -0.44212 0.000977403
805 -0.442121 0.00097619
806 -0.442146 0.000975313
807 -0.442188 0.000975002
808 -0.442186 0.000973799
809 -0.442196 0.000972653
810 -0.442179 0.000971597
811 -0.442201 0.000970644
812 -0.442206 0.000969462
813 -0.442219 0.000968362
814 -0.442075 0.000977835
815 -0.442093 0.000976799
816 -0.442084 0.000975643
817 -0.442079 0.000974462
818 -0.442036 0.000974248
819 -0.44204 0.000973069
820 -0.442031 0.000971925
821 -0.442058 0.000971106
822 -0.442044 0.000970025
823 -0.442074 0.000969309
824 -0.44208 0.000968153
825 -0.442093 0.000967072
826 -0.442103 0.00096595
827 -0.442101 0.000964784
828 -0.442097 0.000963629
829 -0.442146 0.0009637
830 -0.442138 0.000962571
831 -0.442113 0.000961736
832 -0.442118 0.000960594
833 -0.44209 0.000959873
834 -0.442123 0.00095929
835 -0.442142 0.00095834
836 -0.442182 0.000958025
837 -0.442208 0.000957243
838 -0.442218 0.000956148
839 -0.442229 0.000955074
840 -0.442239 0.000953988
841 -0.442219 0.000953055
842 -0.442196 0.000952202
843 -0.44219 0.000951095
844 -0.442218 0.0009504
845 -0.442218 0.000949276
846 -0.442182 0.00094884
847 -0.442158 0.000948022
848 -0.442177 0.000947086
849 -0.442207 0.000946435
850 -0.442245 0.000946114
851 -0.442241 0.000945012
852 -0.442248 0.000943926
853 -0.442276 0.000943241
854 -0.442307 0.000942647
855 -0.442347 0.000942395
856 -0.442353 0.000941314
857 -0.44236 0.00094024
858 -0.442353 0.000939171
859 -0.442357 0.00093809
860 -0.442355 0.000937004
861 -0.442372 0.000936072
862 -0.44239 0.000935175
863 -0.442401 0.000934152
864 -0.442426 0.000933417
865 -0.44242 0.000932363
866 -0.442332 0.000935393
867 -0.442361 0.000934763
868 -0.442372 0.000933757
869 -0.442395 0.000932954
870 -0.442405 0.000931938
871 -0.442408 0.000930874
872 -0.442438 0.000930278
873 -0.442428 0.000929267
874 -0.442429 0.000928205
875 -0.442406 0.000927417
876 -0.442434 0.000926788
877 -0.442395 0.000926587
878 -0.442396 0.000925533
879 -0.442364 0.000925028
880 -0.442374 0.000924023
881 -0.442308 0.000925289
882 -0.442332 0.000924536
883 -0.442335 0.000923497
884 -0.442332 0.000922461
885 -0.442307 0.000921759
886 -0.442353 0.000921875
887 -0.442317 0.000921522
888 -0.442313 0.000920495
889 -0.442331 0.000919645
890 -0.44231 0.000918862
891 -0.442245 0.000920109
892 -0.442258 0.000919162
893 -0.442229 0.000918587
894 -0.442097 0.000926946
895 -0.442097 0.000925911
896 -0.442089 0.00092492
897 -0.442074 0.000923999
898 -0.442051 0.000923269
899 -0.442087 0.000922949
900 -0.442075 0.000922004
901 -0.442062 0.000921071
902 -0.442073 0.000920114
903 -0.442068 0.00091911
904 -0.442089 0.000918337
905 -0.442103 0.000917433
906 -0.442103 0.000916421
907 -0.442108 0.000915427
908 -0.44213 0.000914687
909 -0.442124 0.000913706
910 -0.442139 0.000912834
911 -0.442168 0.000912301
912 -0.442147 0.000911558
913 -0.442133 0.000910659
914 -0.442148 0.000909786
915 -0.442184 0.000909493
916 -0.442194 0.000908556
917 -0.442162 0.000908149
918 -0.44216 0.000907162
919 -0.442161 0.000906176
920 -0.442133 0.000905606
921 -0.442124 0.000904672
922 -0.442106 0.00090386
923 -0.442073 0.000903487
924 -0.442039 0.000903179
925 -0.442036 0.000902207
926 -0.44206 0.000901563
927 -0.441997 0.000902808
928 -0.442026 0.000902298
929 -0.44205 0.000901647
930 -0.442025 0.000901034
931 -0.442019 0.000900084
932 -0.442005 0.000899228
933 -0.441976 0.000898723
934 -0.441986 0.000897816
935 -0.442007 0.000897094
936 -0.442003 0.000896145
937 -0.44202 0.000895347
938 -0.442013 0.000894418
939 -0.442005 0.000893498
940 -0.441993 0.000892628
941 -0.442039 0.000892846
942 -0.442028 0.000891967
943 -0.441996 0.000891606
944 -0.441996 0.000890662
945 -0.441987 0.000889767
946 -0.442004 0.00088899
947 -0.441992 0.000888141
948 -0.441983 0.000887249
949 -0.441962 0.000886557
950 -0.441961 0.000885625
951 -0.441964 0.000884699
952 -0.441915 0.000885144
953 -0.441918 0.00088422
954 -0.44193 0.000883388
955 -0.441972 0.000883449
956 -0.442006 0.000883172
957 -0.442022 0.000882395
958 -0.442043 0.00088172
959 -0.442048 0.000880815
960 -0.442008 0.000880799
961 -0.442019 0.000879959
962 -0.442047 0.000879481
963 -0.442076 0.000879039
964 -0.442101 0.000878491
965 -0.442116 0.000877698
966 -0.442145 0.000877292
967 -0.442151 0.000876407
968 -0.442147 0.000875513
969 -0.442149 0.000874613
970 -0.442152 0.000873717
971 -0.442154 0.00087282
972 -0.442151 0.000871928
973 -0.442156 0.000871043
974 -0.442168 0.00087023
975 -0.442173 0.000869357
976 -0.442191 0.000868638
977 -0.442183 0.000867784
978 -0.442196 0.000866999
979 -0.442158 0.000866953
980 -0.442169 0.00086614
981 -0.442166 0.000865263
982 -0.442193 0.000864796
983 -0.442208 0.000864057
984 -0.442214 0.0008632
985 -0.442201 0.000862434
986 -0.442211 0.000861619
987 -0.442195 0.000860886
988 -0.442181 0.000860131
989 -0.442193 0.000859345
990 -0.44221 0.000858647
991 -0.442224 0.000857896
992 -0.442234 0.000857091
993 -0.442214 0.00085647
994 -0.4422 0.00085572
995 -0.442162 0.000855715
996 -0.442156 0.000854876
997 -0.442164 0.000854053
998 -0.442155 0.000853243
999 -0.442188 0.000853033
