2 1 1
2 0.735896 1.44714
1.994 0.735896 1.44714
1.98802 0.735896 1.44714
1.98205 0.735896 1.44714
1.97611 0.735896 1.44714
1.97018 0.735896 1.44714
1.96427 0.735896 1.44714
1.95838 0.735896 1.44714
1.9525 0.735896 1.44714
1.94664 0.0467666 1.01371
1.9408 0.0467666 1.01371
1.93498 0.617135 1.10135
1.92918 0.192096 1.55214
1.92339 1.08957 1.17162
1.91762 1.1488 1.12406
1.91187 1.1488 1.12406
1.90613 0.288375 0.864508
1.90041 0.25275 0.636725
1.89471 0.089818 0.708215
1.88903 0.62856 0.569721
1.88336 0.62856 0.569721
1.87771 0.958916 0.711981
1.87208 0.57386 0.65249
1.86646 0.57386 0.65249
1.86086 0.57386 0.65249
1.85528 0.744626 0.495206
1.84971 0.635686 0.885552
1.84416 0.384618 1.16662
1.83863 0.192565 1.18271
1.83311 0.605146 0.796351
1.82762 0.519049 0.453723
1.82213 0.519049 0.453723
1.81667 0.519049 0.453723
1.81122 0.184181 0.827005
1.80578 1.07131 0.724563
1.80036 0.701173 0.893699
1.79496 0.158907 0.54099
1.78958 0.453695 0.343609
1.78421 0.453695 0.343609
1.77886 0.308751 0.715988
1.77352 0.0188463 1.02747
1.7682 0.0188463 1.02747
1.7629 0.672752 0.907757
1.75761 1.09903 0.932529
1.75233 1.09903 0.932529
1.74708 1.09903 0.932529
1.74184 0.430448 1.13416
1.73661 0.0268057 0.808159
1.7314 0.0268057 0.808159
1.72621 0.325499 0.943458
1.72103 0.407658 1.09674
1.71586 0.217865 1.18774
1.71072 0.398019 1.01159
1.70559 0.696298 1.12778
1.70047 0.35963 1.09966
1.69537 0.424732 1.48082
1.69028 0.424732 1.48082
1.68521 0.0813037 1.24739
1.68015 0.0813037 1.24739
1.67511 0.259724 1.14405
1.67009 0.259724 1.14405
1.66508 0.259724 1.14405
1.66008 0.970942 0.873959
1.6551 0.970942 0.873959
1.65014 1.02242 0.937106
1.64519 0.474701 0.761875
1.64025 0.566422 1.04503
1.63533 0.126523 1.36206
1.63042 0.0640871 1.08786
1.62553 0.174371 0.915028
1.62066 0.106587 0.957203
1.61579 0.12387 1.17826
1.61095 0.0412 1.03118
1.60611 0.286483 0.866997
1.6013 0.689788 1.01505
1.59649 0.737313 0.664378
1.5917 0.139976 1.05216
1.58693 0.240227 0.980547
1.58217 0.240227 0.980547
1.57742 0.432813 1.22168
1.57269 0.209084 0.965401
1.56797 0.323816 0.905919
1.56327 0.758039 0.907489
1.55858 0.758039 0.907489
1.5539 0.758039 0.907489
1.54924 0.528479 1.20494
1.54459 0.528479 1.20494
1.53996 0.269206 1.39548
1.53534 0.417713 1.12522
1.53073 0.0418283 1.12376
1.52614 0.218979 1.13441
1.52156 0.218979 1.13441
1.517 0.867595 0.775767
1.51245 0.867595 0.775767
1.50791 0.827556 0.521544
1.50338 0.665537 0.615422
1.49887 0.665537 0.615422
1.49438 0.606456 0.917334
1.48989 0.582908 0.875775
1.48542 0.582908 0.875775
1.48097 0.154069 1.02632
1.47653 0.138086 0.841562
1.4721 0.788149 0.54738
1.46768 0.788149 0.54738
1.46328 0.247812 0.685857
1.45889 0.410243 1.03185
1.45451 0.989879 1.22904
1.45015 0.989879 1.22904
1.4458 0.37633 1.36645
1.44146 0.133772 1.26734
1.43713 0.495863 0.996041
1.43282 0.0689258 1.31567
1.42852 0.0689258 1.31567
1.42424 0.275831 1.00517
1.41997 0.120376 1.07804
1.41571 0.65934 1.17759
1.41146 0.756768 0.888644
1.40722 0.756768 0.888644
1.403 0.735109 0.557924
1.39879 1.05757 0.85364
1.3946 1.06558 0.718009
1.39041 1.3934 0.780025
1.38624 0.802336 0.899834
1.38208 0.835848 1.20392
1.37794 0.802692 1.3175
1.3738 0.423167 1.03919
1.36968 0.423167 1.03919
1.36557 0.146962 0.945684
1.36148 0.135822 0.915697
1.35739 0.509874 1.02177
1.35332 0.471887 1.13449
1.34926 0.471887 1.13449
1.34521 0.0309382 0.906601
1.34118 0.563078 1.19815
1.33715 0.0649049 0.924925
1.33314 0.491808 1.08807
1.32914 0.848503 0.809513
1.32516 1.01522 0.865828
1.32118 0.557521 1.0134
1.31722 1.09794 0.828009
1.31326 1.08369 1.04977
1.30932 1.07242 1.26397
1.3054 1.07242 1.26397
1.30148 1.07242 1.26397
1.29758 0.491002 0.955539
1.29368 0.933256 1.03064
1.2898 0.704937 1.0676
1.28593 0.704937 1.0676
1.28207 0.704937 1.0676
1.27823 1.11775 0.998485
1.27439 1.1019 0.923157
1.27057 1.1019 0.923157
1.26676 1.1019 0.923157
1.26296 0.63703 0.854824
1.25917 0.680952 0.634237
1.25539 1.27238 0.447652
1.25163 1.27238 0.447652
1.24787 1.27238 0.447652
1.24413 1.27238 0.447652
1.2404 1.39345 0.741747
1.23667 1.39345 0.741747
1.23296 1.39345 0.741747
1.22927 1.05574 0.699512
1.22558 0.726519 0.902568
1.2219 0.127462 1.01357
1.21824 0.389484 0.923503
1.21458 0.899143 0.760465
1.21094 0.899143 0.760465
1.2073 0.701846 0.797155
1.20368 0.110681 0.838702
1.20007 0.368145 0.999291
1.19647 0.0588852 1.28776
1.19288 0.232435 1.39788
1.1893 0.032599 1.39893
1.18573 0.474075 1.14641
1.18218 0.503453 1.19027
1.17863 0.503453 1.19027
1.1751 0.01665 1.00527
1.17157 0.118909 0.9424
1.16806 0.5252 0.966192
1.16455 0.5252 0.966192
1.16106 1.0291 1.08723
1.15757 1.0291 1.08723
1.1541 0.606183 0.817136
1.15064 0.569747 0.668257
1.14719 0.685382 0.584831
1.14375 0.689351 0.419554
1.14031 0.485673 0.602619
1.13689 0.485673 0.602619
1.13348 0.987794 0.536209
1.13008 0.987794 0.536209
1.12669 1.30951 0.67916
1.12331 0.835055 0.870408
1.11994 0.835055 0.870408
1.11658 0.835055 0.870408
1.11323 1.18602 0.932333
1.10989 1.027 1.01188
1.10656 1.027 1.01188
1.10324 1.027 1.01188
1.09993 0.824836 0.906732
1.09663 0.421911 1.14264
1.09334 0.38277 1.30541
1.09006 0.38277 1.30541
1.08679 0.38277 1.30541
1.08353 0.00523574 1.2782
1.08028 0.112599 1.07411
1.07704 0.0622944 0.933911
1.07381 0.0360899 1.02543
1.07059 0.41176 0.951542
1.06738 0.095419 1.00497
1.06418 0.419994 1.22362
1.06098 0.0806663 1.09935
1.0578 0.319667 1.16253
1.05463 0.0778083 1.20136
1.05146 0.454985 1.10092
1.04831 0.524913 1.33856
1.04516 0.524913 1.33856
1.04203 0.524913 1.33856
1.0389 0.0117278 1.09707
1.03579 0.217585 0.846604
1.03268 0.486072 1.02614
1.02958 0.486072 1.02614
1.02649 0.72495 0.823187
1.02341 0.361653 0.973554
1.02034 0.366507 0.736849
1.01728 0.600433 0.828395
1.01423 0.584137 1.00688
1.01119 0.843019 1.04893
1.00815 0.578035 1.18478
1.00513 0.578035 1.18478
1.00211 0.578035 1.18478
0.999106 0.578035 1.18478
0.996109 0.309846 1.41466
0.99312 0.342975 1.22231
0.990141 0.342975 1.22231
0.987171 0.264835 1.3006
0.984209 0.142653 1.13719
0.981256 0.365781 1.27308
0.978313 0.245917 1.08058
0.975378 0.68508 1.06127
0.972452 0.225121 1.17072
0.969534 0.201012 1.02853
0.966626 0.0325526 1.22876
0.963726 0.335625 1.28014
0.960835 0.335625 1.28014
0.957952 0.335625 1.28014
0.955078 0.794584 1.06766
0.952213 0.794584 1.06766
0.949356 1.11341 1.08436
0.946508 0.87134 1.1071
0.943669 0.6183 1.22721
0.940838 0.745777 1.00752
0.938015 0.463148 0.841559
0.935201 0.609779 0.628484
0.932396 0.548188 0.860159
0.929598 0.666863 0.830997
0.92681 0.666863 0.830997
0.924029 0.308075 0.67755
0.921257 0.485587 0.462794
0.918493 0.485587 0.462794
0.915738 0.821977 0.611643
0.912991 0.763294 0.706259
0.910252 1.11357 0.778996
0.907521 1.39691 0.751692
0.904798 1.39691 0.751692
0.902084 1.39691 0.751692
0.899378 1.36847 0.631618
0.89668 1.27304 0.650657
0.89399 0.940065 0.818905
0.891308 0.940065 0.818905
0.888634 0.940065 0.818905
0.885968 1.16847 0.778601
0.88331 1.2754 0.586329
0.88066 1.2754 0.586329
0.878018 1.28061 0.51084
0.875384 1.33287 0.63652
0.872758 1.50575 0.474202
0.870139 1.50575 0.474202
0.867529 1.50575 0.474202
0.864926 1.35815 0.447015
0.862332 1.35815 0.447015
0.859745 1.35815 0.447015
0.857165 1.35815 0.447015
0.854594 1.42734 0.395909
0.85203 1.42734 0.395909
0.849474 1.42734 0.395909
0.846926 1.21944 0.313106
0.844385 1.24153 0.440432
0.841852 1.24153 0.440432
0.839326 1.02468 0.522413
0.836808 0.685799 0.650279
0.834298 0.98089 0.536387
0.831795 0.98089 0.536387
0.829299 0.98089 0.536387
0.826812 0.98089 0.536387
0.824331 0.98089 0.536387
0.821858 0.98089 0.536387
0.819393 0.861798 0.593613
0.816934 1.00575 0.742586
0.814484 1.04076 0.771219
0.81204 1.04076 0.771219
0.809604 1.04076 0.771219
0.807175 1.18422 0.640963
0.804754 1.18422 0.640963
0.802339 1.16183 0.717494
0.799932 1.16183 0.717494
0.797533 1.17904 0.606625
0.79514 0.85497 0.543073
0.792755 0.860567 0.670969
0.790376 0.466705 0.64282
0.788005 0.448907 0.63744
0.785641 0.495987 0.714684
0.783284 0.523996 0.529485
0.780934 0.523996 0.529485
0.778592 0.894068 0.715625
0.776256 0.675306 0.723531
0.773927 0.532502 0.794123
0.771605 0.247331 0.840277
0.76929 0.486718 0.681951
0.766983 0.447076 0.633572
0.764682 0.279776 0.584075
0.762388 0.364851 0.647837
0.7601 0.556111 0.747518
0.75782 0.74638 0.61475
0.755547 0.894372 0.529405
0.75328 1.00386 0.505391
0.75102 1.36757 0.337076
0.748767 1.4824 0.356108
0.746521 1.4824 0.356108
0.744281 1.4824 0.356108
0.742048 1.4824 0.356108
0.739822 1.18912 0.497311
0.737603 0.946159 0.644814
0.73539 0.946159 0.644814
0.733184 1.07157 0.669017
0.730984 1.07157 0.669017
0.728791 1.07157 0.669017
0.726605 0.933562 0.755978
0.724425 0.818288 0.839335
0.722252 0.818288 0.839335
0.720085 0.878608 0.731724
0.717925 0.918525 0.74065
0.715771 0.748692 0.768383
0.713624 1.07222 0.761676
0.711483 1.01034 0.645066
0.709348 0.795571 0.777813
0.70722 0.447821 0.948842
0.705099 0.30221 1.12502
0.702983 0.208977 1.17033
0.700874 0.0334273 1.17803
0.698772 0.0999225 1.19138
0.696676 0.0142209 1.25244
0.694586 0.0142209 1.25244
0.692502 0.0142209 1.25244
0.690424 0.0142209 1.25244
0.688353 0.204287 1.12196
0.686288 0.455745 1.25194
0.684229 0.620843 1.27679
0.682176 0.615896 1.28731
0.68013 0.289122 1.28944
0.678089 0.17854 1.19808
0.676055 0.106916 1.1765
0.674027 0.0704241 1.27764
0.672005 0.0704241 1.27764
0.669989 0.0704241 1.27764
0.667979 0.367576 1.15814
0.665975 0.417864 1.04109
0.663977 0.240872 1.07175
0.661985 0.18513 0.924969
0.659999 0.0695863 0.783026
0.658019 0.0741836 0.904511
0.656045 0.0601148 0.986932
0.654077 0.248648 0.875416
0.652115 0.168646 0.873336
0.650158 0.217117 0.892778
0.648208 0.217117 0.892778
0.646263 0.402484 0.924212
0.644325 0.402484 0.924212
0.642392 0.492777 0.928113
0.640464 0.259822 0.77702
0.638543 0.461484 0.920651
0.636627 0.398198 0.918258
0.634717 0.111266 0.817169
0.632813 0.311297 0.974327
0.630915 0.311297 0.974327
0.629022 0.319735 0.878181
0.627135 0.520483 0.915951
0.625254 0.552158 1.06313
0.623378 0.249731 1.01032
0.621508 0.0118592 1.00981
0.619643 0.205575 0.949834
0.617784 0.445131 1.09091
0.615931 0.556019 1.22512
0.614083 0.556019 1.22512
0.612241 0.340403 1.30518
0.610404 0.340403 1.30518
0.608573 0.510313 1.19553
0.606747 0.510313 1.19553
0.604927 0.510313 1.19553
0.603112 0.510313 1.19553
0.601303 0.349289 1.12492
0.599499 0.320221 1.00422
0.597701 0.426276 0.931116
0.595907 0.567215 0.98182
0.59412 0.442882 0.894857
0.592337 0.442882 0.894857
0.59056 0.598257 0.924156
0.588789 0.402094 0.889377
0.587022 0.63406 0.873342
0.585261 0.35954 0.805165
0.583505 0.496192 0.894737
0.581755 0.496192 0.894737
0.58001 0.343259 0.964852
0.57827 0.336437 0.837265
0.576535 0.118586 0.871063
0.574805 0.155895 0.785873
0.573081 0.209125 0.721081
0.571362 0.453624 0.754566
0.569647 0.207848 0.839588
0.567939 0.106403 0.857843
0.566235 0.247144 0.875057
0.564536 0.0748284 0.851267
0.562842 0.0936015 0.733067
0.561154 0.337934 0.65803
0.55947 0.294624 0.735754
0.557792 0.294624 0.735754
0.556119 0.417996 0.802668
0.55445 0.525768 0.906395
0.552787 0.362848 1.00754
0.551129 0.273624 1.08106
0.549475 0.277416 1.15066
0.547827 0.269446 1.10843
0.546183 0.361086 1.08492
0.544545 0.170453 1.0422
0.542911 0.369158 1.10168
0.541282 0.289088 1.01096
0.539658 0.266003 1.01538
0.53804 0.0715221 0.886651
0.536425 0.0234319 0.972157
0.534816 0.10529 0.92185
0.533212 0.00335754 1.0032
0.531612 0.0687552 0.952951
0.530017 0.254215 1.06975
0.528427 0.239923 1.06208
0.526842 0.260537 1.04875
0.525261 0.174405 1.17017
0.523686 0.07904 1.2416
0.522115 0.0130187 1.27091
0.520548 0.190748 1.18605
0.518987 0.157287 1.22459
0.51743 0.141037 1.275
0.515877 0.382488 1.25246
0.51433 0.494912 1.13092
0.512787 0.494912 1.13092
0.511248 0.492427 1.25173
0.509715 0.492427 1.25173
0.508185 0.492427 1.25173
0.506661 0.537695 1.25513
0.505141 0.318742 1.17713
0.503625 0.344253 1.21179
0.502115 0.344253 1.21179
0.500608 0.344253 1.21179
0.499106 0.344253 1.21179
0.497609 0.426927 1.16795
0.496116 0.467609 1.24455
0.494628 0.538963 1.14808
0.493144 0.53667 1.22679
0.491665 0.5948 1.10587
0.49019 0.551572 0.994821
0.488719 0.551572 0.994821
0.487253 0.779266 0.883205
0.485791 0.900985 0.881746
0.484334 1.05028 0.889422
0.482881 1.05028 0.889422
0.481432 0.889416 0.864577
0.479988 0.889416 0.864577
0.478548 0.835076 0.951002
0.477112 0.97168 0.869278
0.475681 0.831096 0.912984
0.474254 0.841392 1.01635
0.472831 0.725957 0.938121
0.471413 0.815661 0.828802
0.469998 0.801038 0.930396
0.468588 0.801038 0.930396
0.467183 0.614884 0.93345
0.465781 0.470668 0.860156
0.464384 0.336297 0.925087
0.462991 0.407858 0.969378
0.461602 0.448714 0.909378
0.460217 0.391582 0.96357
0.458836 0.475884 0.923311
0.45746 0.441775 0.817245
0.456087 0.498545 0.709503
0.454719 0.434579 0.821114
0.453355 0.64916 0.722052
0.451995 0.860853 0.704809
0.450639 0.797289 0.742373
0.449287 0.659214 0.705728
0.447939 0.659214 0.705728
0.446595 0.659214 0.705728
0.445255 0.83123 0.764835
0.44392 0.83123 0.764835
0.442588 0.896255 0.722455
0.44126 0.714735 0.651801
0.439936 0.714735 0.651801
0.438616 0.681866 0.646416
0.437301 0.885937 0.602687
0.435989 0.898572 0.668522
0.434681 0.898572 0.668522
0.433377 0.898572 0.668522
0.432077 0.864474 0.732894
0.43078 0.813955 0.689989
0.429488 0.813955 0.689989
0.4282 0.949864 0.680188
0.426915 1.03658 0.57436
0.425634 0.972609 0.613366
0.424357 0.957376 0.615426
0.423084 1.09754 0.65678
0.421815 1.1954 0.656577
0.42055 1.1954 0.656577
0.419288 1.1954 0.656577
0.41803 1.0106 0.640851
0.416776 1.14712 0.596948
0.415526 1.13578 0.604177
0.414279 1.2451 0.515694
0.413036 1.06748 0.516976
0.411797 1.06748 0.516976
0.410562 1.20189 0.452564
0.40933 1.1065 0.495901
0.408102 1.05171 0.513648
0.406878 0.9744 0.447553
0.405657 0.808677 0.513939
0.40444 0.764602 0.604388
0.403227 0.764602 0.604388
0.402017 0.770706 0.537165
0.400811 0.728755 0.601084
0.399609 0.900927 0.698642
0.39841 0.900927 0.698642
0.397215 0.981493 0.658028
0.396023 0.981493 0.658028
0.394835 1.00402 0.657094
0.39365 1.13898 0.626651
0.392469 1.00527 0.685979
0.391292 0.892841 0.653351
0.390118 0.872566 0.717524
0.388948 0.741905 0.801446
0.387781 0.731553 0.73539
0.386618 0.745838 0.753471
0.385458 0.557125 0.693399
0.384301 0.577517 0.760617
0.383148 0.75497 0.690317
0.381999 0.647086 0.715816
0.380853 0.587685 0.788652
0.37971 0.7444 0.705542
0.378571 0.829286 0.705465
0.377436 0.829286 0.705465
0.376303 0.805124 0.742751
0.375174 0.805124 0.742751
0.374049 0.795072 0.734034
0.372927 0.739433 0.647206
0.371808 0.739433 0.647206
0.370693 0.854002 0.585575
0.36958 0.889843 0.565194
0.368472 0.889843 0.565194
0.367366 0.71657 0.576922
0.366264 0.710522 0.628278
0.365165 0.8339 0.670298
0.36407 0.736071 0.666709
0.362978 0.736071 0.666709
0.361889 0.574594 0.686747
0.360803 0.618052 0.61024
0.359721 0.626622 0.589083
0.358642 0.65526 0.620725
0.357566 0.727039 0.603403
0.356493 0.84843 0.687803
0.355423 0.855118 0.65519
0.354357 0.783829 0.671204
0.353294 0.898265 0.744323
0.352234 0.740884 0.776871
0.351177 0.652282 0.833737
0.350124 0.551535 0.913424
0.349074 0.699571 0.845991
0.348026 0.670819 0.891815
0.346982 0.511773 0.864237
0.345941 0.369387 0.79033
0.344904 0.369387 0.79033
0.343869 0.493729 0.723473
0.342837 0.558395 0.699099
0.341809 0.389316 0.640238
0.340783 0.389316 0.640238
0.339761 0.389316 0.640238
0.338742 0.439478 0.69789
0.337725 0.585983 0.756724
0.336712 0.511679 0.737064
0.335702 0.473157 0.732819
0.334695 0.314999 0.783006
0.333691 0.211392 0.825948
0.33269 0.221567 0.777618
0.331692 0.337152 0.781977
0.330697 0.337152 0.781977
0.329705 0.40659 0.816692
0.328715 0.452123 0.882251
0.327729 0.603272 0.891608
0.326746 0.690362 0.959687
0.325766 0.628631 0.930755
0.324789 0.515805 1.00117
0.323814 0.67406 0.928603
0.322843 0.757113 0.9154
0.321874 0.722913 0.903524
0.320909 0.722913 0.903524
0.319946 0.722913 0.903524
0.318986 0.653875 0.922568
0.318029 0.756294 0.937516
0.317075 0.870568 0.876025
0.316124 0.845409 0.939186
0.315175 0.729191 0.902865
0.31423 0.747283 0.826753
0.313287 0.734355 0.77009
0.312347 0.687371 0.792984
0.31141 0.585257 0.834591
0.310476 0.585257 0.834591
0.309545 0.472115 0.853853
0.308616 0.605834 0.787819
0.30769 0.681512 0.72068
0.306767 0.680646 0.681126
0.305847 0.819451 0.745757
0.304929 0.880291 0.788304
0.304014 0.880291 0.788304
0.303102 0.76935 0.773242
0.302193 0.76765 0.780889
0.301287 0.782356 0.719938
0.300383 0.782356 0.719938
0.299482 0.906964 0.712517
0.298583 0.785481 0.763573
0.297687 0.854748 0.793696
0.296794 0.854748 0.793696
0.295904 0.730216 0.73916
0.295016 0.730216 0.73916
0.294131 0.671048 0.75953
0.293249 0.573209 0.831092
0.292369 0.578459 0.765596
0.291492 0.651243 0.701748
0.290617 0.552313 0.727342
0.289746 0.496794 0.675178
0.288876 0.429966 0.746489
0.28801 0.512298 0.703406
0.287146 0.586536 0.646194
0.286284 0.592308 0.619523
0.285425 0.60522 0.627789
0.284569 0.659806 0.678463
0.283715 0.617392 0.716577
0.282864 0.606773 0.784061
0.282016 0.536297 0.847211
0.28117 0.536297 0.847211
0.280326 0.667966 0.787749
0.279485 0.553344 0.781869
0.278647 0.553344 0.781869
0.277811 0.418182 0.764726
0.276977 0.403364 0.741008
0.276146 0.534044 0.695951
0.275318 0.520721 0.729376
0.274492 0.566517 0.737797
0.273668 0.554183 0.721369
0.272847 0.643168 0.703989
0.272029 0.56471 0.747675
0.271213 0.490122 0.738825
0.270399 0.368183 0.805752
0.269588 0.311833 0.851969
0.268779 0.247534 0.875302
0.267973 0.332451 0.920808
0.267169 0.439352 0.869641
0.266367 0.488932 0.926338
0.265568 0.611721 0.932412
0.264772 0.60698 0.948176
0.263977 0.556507 0.886827
0.263185 0.578352 0.944481
0.262396 0.561578 0.939555
0.261609 0.546055 0.912624
0.260824 0.546055 0.912624
0.260041 0.572324 0.975315
0.259261 0.579819 0.943973
0.258483 0.688782 1.00828
0.257708 0.709385 0.969892
0.256935 0.769725 0.931418
0.256164 0.848855 0.886626
0.255396 0.848855 0.886626
0.254629 0.884758 0.925442
0.253866 0.918106 0.906426
0.253104 0.918106 0.906426
0.252345 0.918106 0.906426
0.251588 0.918106 0.906426
0.250833 0.919527 0.910281
0.25008 0.896443 0.865466
0.24933 0.896443 0.865466
0.248582 0.843823 0.91277
0.247836 0.843823 0.91277
0.247093 0.770807 0.942676
0.246352 0.670043 0.972922
0.245613 0.557533 0.980212
0.244876 0.559617 0.978934
0.244141 0.589453 0.94695
0.243409 0.617425 0.995397
0.242678 0.693864 0.946445
0.24195 0.806015 0.900366
0.241225 0.84854 0.928044
0.240501 0.950363 0.870056
0.239779 0.950363 0.870056
0.23906 0.988855 0.826219
0.238343 0.988855 0.826219
0.237628 0.950423 0.879861
0.236915 0.950423 0.879861
0.236204 0.950423 0.879861
0.235496 0.901743 0.88448
0.234789 0.932953 0.838765
0.234085 0.932953 0.838765
0.233382 0.854541 0.862664
0.232682 0.854541 0.862664
0.231984 0.853188 0.828309
0.231288 0.755804 0.883374
0.230594 0.75609 0.882053
0.229903 0.793518 0.82863
0.229213 0.793518 0.82863
0.228525 0.883421 0.813477
0.22784 0.978042 0.85091
0.227156 0.903269 0.894158
0.226475 1.00931 0.851465
0.225795 1.03471 0.861268
0.225118 0.98088 0.819339
0.224443 0.994683 0.769781
0.223769 0.891642 0.771515
0.223098 0.856334 0.819506
0.222429 0.856334 0.819506
0.221761 0.923286 0.821201
0.221096 0.923286 0.821201
0.220433 0.948211 0.808043
0.219771 0.935838 0.857836
0.219112 0.865271 0.831671
0.218455 0.865271 0.831671
0.217799 0.803617 0.881974
0.217146 0.704919 0.858105
0.216495 0.617453 0.903632
0.215845 0.697502 0.927539
0.215198 0.727122 0.89167
0.214552 0.676347 0.895905
0.213908 0.689481 0.874697
0.213267 0.624382 0.86634
0.212627 0.698763 0.896284
0.211989 0.786754 0.884213
0.211353 0.702921 0.888209
0.210719 0.631266 0.880354
0.210087 0.668105 0.905868
0.209457 0.619699 0.9018
0.208828 0.708132 0.943904
0.208202 0.658877 0.921642
0.207577 0.630823 0.870736
0.206954 0.685767 0.85135
0.206333 0.773166 0.807412
0.205714 0.816496 0.778446
0.205097 0.799004 0.797009
0.204482 0.857881 0.823137
0.203869 0.861673 0.773262
0.203257 0.917757 0.736684
0.202647 0.842625 0.733731
0.202039 0.911614 0.69333
0.201433 0.996736 0.654777
0.200829 0.949611 0.700326
0.200226 0.901711 0.696067
0.199626 0.911129 0.734841
0.199027 0.85593 0.728678
0.19843 0.778923 0.762393
0.197834 0.778923 0.762393
0.197241 0.839371 0.805139
0.196649 0.839371 0.805139
0.196059 0.753731 0.829042
0.195471 0.659452 0.810573
0.194885 0.647682 0.810661
0.1943 0.673639 0.859154
0.193717 0.685583 0.847854
0.193136 0.70086 0.805506
0.192557 0.767292 0.785142
0.191979 0.780275 0.766003
0.191403 0.731668 0.766888
0.190829 0.713382 0.726121
0.190256 0.768066 0.743759
0.189685 0.77483 0.7108
0.189116 0.767104 0.753708
0.188549 0.769528 0.734935
0.187983 0.77767 0.766282
0.187419 0.844375 0.780802
0.186857 0.778282 0.783253
0.186297 0.803126 0.738156
0.185738 0.760209 0.76819
0.185181 0.834102 0.783461
0.184625 0.825088 0.740423
0.184071 0.872472 0.734832
0.183519 0.925627 0.729329
0.182968 0.895727 0.768778
0.182419 0.806198 0.790517
0.181872 0.745426 0.791887
0.181327 0.82394 0.756605
0.180783 0.774955 0.775656
0.18024 0.815328 0.748339
0.1797 0.736083 0.785054
0.17916 0.675111 0.821523
0.178623 0.707279 0.83581
0.178087 0.791838 0.84549
0.177553 0.791838 0.84549
0.17702 0.777354 0.872722
0.176489 0.695164 0.843888
0.17596 0.695103 0.809201
0.175432 0.67903 0.835753
0.174905 0.751658 0.798026
0.174381 0.745079 0.829531
0.173858 0.719464 0.840225
0.173336 0.778212 0.809811
0.172816 0.79976 0.850179
0.172298 0.79129 0.867563
0.171781 0.798425 0.8662
0.171265 0.764967 0.880006
0.170752 0.764967 0.880006
0.170239 0.68691 0.875915
0.169729 0.664808 0.850012
0.169219 0.686838 0.838614
0.168712 0.686838 0.838614
0.168206 0.710214 0.822072
0.167701 0.756193 0.811799
0.167198 0.830375 0.828765
0.166696 0.864016 0.81756
0.166196 0.864712 0.801886
0.165698 0.864712 0.801886
0.165201 0.864712 0.801886
0.164705 0.92199 0.781348
0.164211 0.92199 0.781348
0.163718 0.90969 0.81235
0.163227 0.900006 0.800419
0.162737 0.819595 0.778409
0.162249 0.799633 0.784038
0.161762 0.799633 0.784038
0.161277 0.878348 0.776759
0.160793 0.824244 0.79695
0.160311 0.770811 0.792984
0.15983 0.744453 0.806565
0.15935 0.791025 0.771702
0.158872 0.761662 0.76421
0.158396 0.827321 0.74376
0.157921 0.887505 0.76366
0.157447 0.887505 0.76366
0.156974 0.821637 0.773909
0.156504 0.787406 0.77703
0.156034 0.751081 0.754905
0.155566 0.780925 0.75335
0.155099 0.705511 0.753561
0.154634 0.658624 0.741998
0.15417 0.603462 0.725299
0.153708 0.620101 0.721368
0.153246 0.612862 0.684015
0.152787 0.661911 0.705145
0.152328 0.608207 0.685993
0.151871 0.613119 0.655791
0.151416 0.670103 0.632781
0.150961 0.595316 0.602984
0.150509 0.530102 0.640371
0.150057 0.530102 0.640371
0.149607 0.539172 0.615876
0.149158 0.610544 0.591541
0.148711 0.571689 0.575104
0.148264 0.640476 0.56998
0.14782 0.630334 0.591665
0.147376 0.629235 0.599522
0.146934 0.602957 0.595367
0.146493 0.565916 0.624169
0.146054 0.604092 0.658053
0.145616 0.67326 0.694434
0.145179 0.633637 0.681714
0.144743 0.633637 0.681714
0.144309 0.60427 0.67139
0.143876 0.60427 0.67139
0.143444 0.674383 0.647731
0.143014 0.674383 0.647731
0.142585 0.715594 0.627626
0.142157 0.714967 0.637718
0.141731 0.662981 0.654937
0.141306 0.603915 0.64148
0.140882 0.570096 0.61999
0.140459 0.545231 0.622814
0.140038 0.550782 0.597725
0.139618 0.617093 0.613749
0.139199 0.660835 0.643208
0.138781 0.621361 0.665187
0.138365 0.666499 0.639863
0.13795 0.711684 0.637235
0.137536 0.769479 0.652601
0.137123 0.794138 0.653732
0.136712 0.749597 0.674906
0.136302 0.754101 0.702777
0.135893 0.806319 0.72561
0.135485 0.781806 0.733184
0.135079 0.811351 0.742028
0.134674 0.849521 0.711115
0.134269 0.805127 0.724649
0.133867 0.74544 0.692674
0.133465 0.778519 0.672237
0.133065 0.772838 0.678601
0.132665 0.746965 0.700442
0.132267 0.76216 0.697143
0.131871 0.823248 0.701503
0.131475 0.784861 0.726261
0.131081 0.784861 0.726261
0.130687 0.787473 0.717674
0.130295 0.845159 0.712363
0.129904 0.902437 0.680548
0.129515 0.902437 0.680548
0.129126 0.950504 0.654537
0.128739 0.905121 0.653945
0.128353 0.857676 0.683257
0.127968 0.821029 0.712221
0.127584 0.821029 0.712221
0.127201 0.85282 0.715192
0.126819 0.871898 0.745939
0.126439 0.931243 0.772544
0.12606 0.909791 0.760628
0.125681 0.85965 0.781115
0.125304 0.859184 0.76552
0.124928 0.831065 0.7568
0.124554 0.831065 0.7568
0.12418 0.85077 0.741217
0.123807 0.897511 0.746459
0.123436 0.932279 0.729526
0.123066 0.932279 0.729526
0.122696 0.991073 0.700736
0.122328 0.991677 0.702872
0.121961 0.933402 0.691149
0.121596 0.940013 0.66629
0.121231 0.906238 0.688815
0.120867 0.869776 0.696935
0.120504 0.883888 0.679439
0.120143 0.839592 0.665692
0.119782 0.813137 0.641691
0.119423 0.796915 0.617047
0.119065 0.773674 0.644943
0.118708 0.813493 0.617124
0.118352 0.857455 0.634417
0.117996 0.8541 0.639056
0.117643 0.900721 0.645986
0.11729 0.866791 0.642843
0.116938 0.91038 0.63908
0.116587 0.951418 0.63753
0.116237 0.951418 0.63753
0.115888 1.00326 0.617853
0.115541 0.947559 0.623493
0.115194 0.926982 0.632238
0.114849 0.926982 0.632238
0.114504 0.980215 0.634323
0.114161 0.980641 0.645797
0.113818 0.928502 0.668112
0.113477 0.928502 0.668112
0.113136 0.875297 0.685913
0.112797 0.87811 0.689865
0.112458 0.864336 0.708224
0.112121 0.814901 0.699912
0.111785 0.824992 0.676909
0.111449 0.825121 0.654192
0.111115 0.806542 0.669647
0.110782 0.806542 0.669647
0.110449 0.770666 0.680659
0.110118 0.793253 0.666306
0.109788 0.791645 0.662788
0.109458 0.82538 0.662624
0.10913 0.786587 0.668756
0.108802 0.808437 0.678753
0.108476 0.81064 0.678534
0.108151 0.822504 0.65499
0.107826 0.779582 0.636961
0.107503 0.824223 0.62809
0.10718 0.861679 0.640542
0.106859 0.900966 0.661416
0.106538 0.879726 0.647162
0.106218 0.905623 0.671005
0.1059 0.85842 0.646898
0.105582 0.860955 0.628875
0.105265 0.809155 0.651106
0.104949 0.834258 0.644201
0.104635 0.8489 0.667459
0.104321 0.88935 0.669342
0.104008 0.866517 0.661856
0.103696 0.818483 0.655671
0.103385 0.818483 0.655671
0.103075 0.817079 0.667222
0.102765 0.853721 0.659902
0.102457 0.861572 0.648479
0.10215 0.909216 0.655573
0.101843 0.873024 0.646494
0.101538 0.919093 0.667702
0.101233 0.940504 0.654363
0.100929 0.893818 0.660072
0.100627 0.893818 0.660072
0.100325 0.883232 0.660989
0.100024 0.856026 0.640085
0.0997236 0.837633 0.633395
0.0994244 0.837633 0.633395
0.0991262 0.841961 0.638589
0.0988288 0.88259 0.65645
0.0985323 0.925629 0.671377
0.0982367 0.925629 0.671377
0.097942 0.931643 0.652946
0.0976482 0.958497 0.64518
0.0973552 0.963189 0.654376
0.0970632 0.967545 0.649556
0.096772 0.933536 0.662101
0.0964817 0.94881 0.675499
0.0961922 0.909326 0.688788
0.0959036 0.940534 0.668578
0.0956159 0.95274 0.679822
0.0953291 0.972012 0.671165
0.0950431 0.95948 0.682871
0.094758 0.917615 0.662997
0.0944737 0.905085 0.657098
0.0941903 0.898142 0.670118
0.0939077 0.925552 0.673607
0.093626 0.886589 0.694616
0.0933451 0.875387 0.690258
0.0930651 0.902308 0.678797
0.0927859 0.930231 0.678072
0.0925075 0.972141 0.677211
0.09223 0.972141 0.677211
0.0919533 0.957 0.682337
0.0916774 0.979306 0.692452
0.0914024 0.943264 0.712547
0.0911282 0.986624 0.724522
0.0908548 0.986624 0.724522
0.0905822 1.00113 0.730492
0.0903105 1.03788 0.732606
0.0900396 1.00981 0.715636
0.0897694 1.02229 0.718641
0.0895001 1.02915 0.72793
0.0892316 1.03178 0.708196
0.0889639 1.03178 0.708196
0.088697 1.04592 0.702215
0.088431 1.02216 0.695449
0.0881657 1.02216 0.695449
0.0879012 1.01889 0.676277
0.0876375 1.04877 0.661254
0.0873746 1.04877 0.661254
0.0871124 1.01252 0.661739
0.0868511 1.03495 0.641345
0.0865905 1.0331 0.639625
0.0863308 1.0303 0.62988
0.0860718 0.991262 0.616784
0.0858136 0.976502 0.597861
0.0855561 0.967794 0.598565
0.0852994 0.961835 0.58066
0.0850436 0.91946 0.588838
0.0847884 0.924751 0.573799
0.0845341 0.931658 0.590817
0.0842805 0.962707 0.590208
0.0840276 0.990967 0.595533
0.0837755 1.02149 0.580756
0.0835242 1.02333 0.58692
0.0832736 1.02641 0.60273
0.0830238 1.01962 0.592683
0.0827747 1.00644 0.594226
0.0825264 0.976098 0.602115
0.0822788 0.976098 0.602115
0.082032 0.951403 0.609107
0.0817859 0.961011 0.589004
0.0815405 0.926204 0.593949
0.0812959 0.922118 0.598448
0.081052 0.887078 0.57978
0.0808089 0.887078 0.57978
0.0805665 0.89759 0.589499
0.0803248 0.884129 0.604559
0.0800838 0.901517 0.620809
0.0798435 0.893181 0.604744
0.079604 0.931478 0.587071
0.0793652 0.935624 0.597253
0.0791271 0.950925 0.592975
0.0788897 0.913591 0.606124
0.078653 0.949988 0.597734
0.0784171 0.921316 0.598429
0.0781818 0.933787 0.596315
0.0779473 0.962199 0.608454
0.0777134 0.962199 0.608454
0.0774803 0.981734 0.609362
0.0772479 0.952679 0.600906
0.0770161 0.935828 0.614152
0.0767851 0.935828 0.614152
0.0765547 0.957974 0.600777
0.076325 0.957974 0.600777
0.0760961 0.920934 0.593719
0.0758678 0.939468 0.583989
0.0756402 0.939468 0.583989
0.0754133 0.972762 0.599308
0.075187 0.959506 0.609316
0.0749615 0.968109 0.605959
0.0747366 0.968109 0.605959
0.0745124 0.938796 0.61583
0.0742888 0.958653 0.625221
0.074066 0.980688 0.610704
0.0738438 0.945857 0.609475
0.0736222 0.915077 0.626971
0.0734014 0.897743 0.622227
0.0731812 0.886608 0.626151
0.0729616 0.874219 0.619718
0.0727427 0.867667 0.636714
0.0725245 0.870853 0.622938
0.0723069 0.881259 0.624914
0.07209 0.893411 0.624212
0.0718737 0.897276 0.637614
0.0716581 0.901345 0.641651
0.0714431 0.869812 0.639989
0.0712288 0.889709 0.638224
0.0710151 0.883364 0.644419
0.0708021 0.874496 0.627235
0.0705897 0.896704 0.62256
0.0703779 0.897103 0.619564
0.0701668 0.914867 0.633705
0.0699563 0.908038 0.636325
0.0697464 0.908038 0.636325
0.0695372 0.908038 0.636325
0.0693286 0.923761 0.62148
0.0691206 0.914261 0.636655
0.0689132 0.912291 0.639624
0.0687065 0.942339 0.632962
0.0685003 0.947386 0.634272
0.0682948 0.934455 0.641493
0.06809 0.931935 0.62883
0.0678857 0.925399 0.638414
0.067682 0.925399 0.638414
0.067479 0.938582 0.643274
0.0672766 0.921902 0.647728
0.0670747 0.937432 0.65723
0.0668735 0.949064 0.646309
0.0666729 0.967439 0.641503
0.0664729 0.948237 0.639475
0.0662734 0.962754 0.631571
0.0660746 0.942878 0.626721
0.0658764 0.923588 0.620213
0.0656788 0.923588 0.620213
0.0654817 0.923588 0.620213
0.0652853 0.947395 0.61233
0.0650894 0.958674 0.603047
0.0648942 0.959712 0.594028
0.0646995 0.959712 0.594028
0.0645054 0.946794 0.584027
0.0643119 0.950408 0.568874
0.0641189 0.952032 0.569565
0.0639266 0.92596 0.575534
0.0637348 0.933221 0.587445
0.0635436 0.933221 0.587445
0.063353 0.90988 0.597785
0.0631629 0.879646 0.596206
0.0629734 0.87227 0.583738
0.0627845 0.871173 0.581129
0.0625961 0.878376 0.58436
0.0624083 0.877541 0.585525
0.0622211 0.855432 0.595267
0.0620345 0.855432 0.595267
0.0618484 0.83215 0.606557
0.0616628 0.841791 0.598597
0.0614778 0.852069 0.59534
0.0612934 0.840651 0.591391
0.0611095 0.853836 0.590273
0.0609262 0.852695 0.598494
0.0607434 0.85328 0.585013
0.0605612 0.870665 0.592061
0.0603795 0.870665 0.592061
0.0601983 0.881192 0.590072
0.0600178 0.883932 0.580236
0.0598377 0.908063 0.581503
0.0596582 0.911478 0.579475
0.0594792 0.902922 0.588663
0.0593008 0.895764 0.577853
0.0591229 0.895153 0.589241
0.0589455 0.919595 0.593907
0.0587687 0.903152 0.605193
0.0585924 0.928349 0.613182
0.0584166 0.929373 0.603084
0.0582413 0.904192 0.607145
0.0580666 0.877029 0.608317
0.0578924 0.85186 0.603878
0.0577187 0.859344 0.6058
0.0575456 0.836882 0.616328
0.0573729 0.848154 0.627417
0.0572008 0.871854 0.627501
0.0570292 0.871854 0.627501
0.0568581 0.886025 0.614661
0.0566876 0.886025 0.614661
0.0565175 0.887479 0.628757
0.0563479 0.865115 0.634064
0.0561789 0.864179 0.634591
0.0560104 0.879974 0.633598
0.0558423 0.879974 0.633598
0.0556748 0.859339 0.622234
0.0555078 0.87673 0.623851
0.0553413 0.8672 0.627564
0.0551752 0.881708 0.640498
0.0550097 0.881708 0.640498
0.0548447 0.871726 0.636322
0.0546801 0.867146 0.634844
0.0545161 0.867204 0.624449
0.0543526 0.847765 0.624177
0.0541895 0.866438 0.63215
0.0540269 0.866438 0.63215
0.0538648 0.845977 0.637514
0.0537033 0.839409 0.634167
0.0535421 0.839409 0.634167
0.0533815 0.839409 0.634167
0.0532214 0.839409 0.634167
0.0530617 0.833999 0.635588
0.0529025 0.814523 0.641871
0.0527438 0.788242 0.653528
0.0525856 0.789565 0.652717
0.0524278 0.812211 0.642521
0.0522705 0.827974 0.649898
0.0521137 0.827974 0.649898
0.0519574 0.827974 0.649898
0.0518015 0.803176 0.640847
0.0516461 0.782681 0.633592
0.0514912 0.762748 0.645794
0.0513367 0.773023 0.639906
0.0511827 0.74934 0.647237
0.0510291 0.759625 0.636363
0.0508761 0.752792 0.648897
0.0507234 0.757115 0.638657
0.0505713 0.782029 0.65028
0.0504195 0.784318 0.649525
0.0502683 0.766522 0.637656
0.0501175 0.78008 0.64852
0.0499671 0.799085 0.645711
0.0498172 0.820092 0.657582
0.0496678 0.808212 0.656787
0.0495188 0.820912 0.655444
0.0493702 0.818857 0.662472
0.0492221 0.817105 0.660251
0.0490744 0.814617 0.656101
0.0489272 0.817305 0.650603
0.0487804 0.80855 0.641702
0.0486341 0.830439 0.637423
0.0484882 0.814852 0.645297
0.0483427 0.83399 0.642975
0.0481977 0.833749 0.634166
0.0480531 0.836544 0.625761
0.0479089 0.833572 0.63217
0.0477652 0.814753 0.643742
0.0476219 0.795974 0.644577
0.0474791 0.786396 0.643302
0.0473366 0.78015 0.644459
0.0471946 0.792904 0.640501
0.047053 0.810654 0.647857
0.0469119 0.802586 0.643352
0.0467711 0.802202 0.641566
0.0466308 0.815959 0.646349
0.0464909 0.801481 0.654938
0.0463515 0.810291 0.645007
0.0462124 0.804712 0.637839
0.0460738 0.790756 0.633647
0.0459355 0.806986 0.624768
0.0457977 0.822671 0.616479
0.0456603 0.818178 0.619668
0.0455234 0.813509 0.616207
0.0453868 0.807494 0.620393
0.0452506 0.805933 0.615788
0.0451149 0.800391 0.626286
0.0449795 0.790334 0.626501
0.0448446 0.799236 0.626564
0.0447101 0.781215 0.620751
0.0445759 0.773598 0.629506
0.0444422 0.761773 0.619189
0.0443089 0.746186 0.621222
0.0441759 0.760918 0.612707
0.0440434 0.744385 0.613524
0.0439113 0.744385 0.613524
0.0437796 0.761834 0.611212
0.0436482 0.773926 0.614196
0.0435173 0.783339 0.61627
0.0433867 0.78162 0.611452
0.0432566 0.790764 0.619903
0.0431268 0.777406 0.618593
0.0429974 0.766022 0.624703
0.0428684 0.748637 0.623098
0.0427398 0.736109 0.629209
0.0426116 0.736109 0.629209
0.0424838 0.751532 0.631582
0.0423563 0.733481 0.641532
0.0422292 0.719416 0.634118
0.0421026 0.708572 0.630673
0.0419762 0.718475 0.627133
0.0418503 0.700748 0.625377
0.0417248 0.701776 0.617577
0.0415996 0.707668 0.618842
0.0414748 0.727914 0.627936
0.0413504 0.711942 0.630618
0.0412263 0.728025 0.639875
0.0411026 0.71291 0.634706
0.0409793 0.701919 0.633709
0.0408564 0.702699 0.641532
0.0407338 0.70556 0.647967
0.0406116 0.705838 0.646276
0.0404898 0.705705 0.647824
0.0403683 0.721359 0.656124
0.0402472 0.72765 0.656424
0.0401265 0.713978 0.654387
0.0400061 0.695178 0.659692
0.0398861 0.707089 0.653369
0.0397664 0.71245 0.647909
0.0396471 0.71245 0.647909
0.0395282 0.728142 0.640938
0.0394096 0.741473 0.648206
0.0392914 0.742594 0.655514
0.0391735 0.724046 0.650697
0.039056 0.722365 0.65857
0.0389388 0.721738 0.662225
0.038822 0.71643 0.652846
0.0387055 0.70163 0.643556
0.0385894 0.70163 0.643556
0.0384736 0.716632 0.647539
0.0383582 0.716632 0.647539
0.0382431 0.728525 0.656355
0.0381284 0.720516 0.6653
0.038014 0.716964 0.665085
0.0379 0.71526 0.672968
0.0377863 0.714781 0.670182
0.0376729 0.700987 0.661948
0.0375599 0.711579 0.6677
0.0374472 0.721308 0.675104
0.0373349 0.705141 0.684002
0.0372229 0.713762 0.679594
0.0371112 0.704205 0.671059
0.0369999 0.70222 0.677736
0.0368889 0.715808 0.678659
0.0367782 0.720382 0.681163
0.0366679 0.738234 0.684792
0.0365579 0.742145 0.684183
0.0364482 0.746422 0.689327
0.0363389 0.752368 0.685192
0.0362298 0.763088 0.678887
0.0361211 0.756456 0.682145
0.0360128 0.741048 0.678791
0.0359047 0.724618 0.676622
0.035797 0.719432 0.673906
0.0356896 0.721526 0.671776
0.0355826 0.727636 0.671863
0.0354758 0.727636 0.671863
0.0353694 0.716435 0.664732
0.0352633 0.718255 0.657999
0.0351575 0.729539 0.658354
0.035052 0.729539 0.658354
0.0349469 0.733077 0.660355
0.034842 0.748885 0.660047
0.0347375 0.763914 0.660896
0.0346333 0.756361 0.662091
0.0345294 0.758365 0.666291
0.0344258 0.758635 0.659713
0.0343225 0.763962 0.654241
0.0342196 0.759821 0.66041
0.0341169 0.74808 0.652729
0.0340145 0.748048 0.652377
0.0339125 0.748048 0.652377
0.0338108 0.733224 0.650043
0.0337093 0.746583 0.65191
0.0336082 0.744158 0.65729
0.0335074 0.739589 0.651742
0.0334069 0.734587 0.646748
0.0333066 0.74328 0.644425
0.0332067 0.747042 0.641743
0.0331071 0.755343 0.646511
0.0330078 0.76796 0.643956
0.0329088 0.774053 0.644178
0.03281 0.767524 0.647457
0.0327116 0.759416 0.646928
0.0326135 0.74652 0.642335
0.0325156 0.745566 0.646583
0.0324181 0.734597 0.653525
0.0323208 0.736608 0.647768
0.0322239 0.742051 0.645503
0.0321272 0.729444 0.638495
0.0320308 0.742117 0.641384
0.0319347 0.745935 0.64656
0.0318389 0.751339 0.653465
0.0317434 0.749605 0.649023
0.0316482 0.756781 0.652828
0.0315532 0.750567 0.656201
0.0314586 0.742045 0.654967
0.0313642 0.742487 0.658259
0.0312701 0.750259 0.664757
0.0311763 0.759598 0.658374
0.0310827 0.76344 0.651783
0.0309895 0.750714 0.646469
0.0308965 0.763661 0.651767
0.0308038 0.751959 0.650064
0.0307114 0.743288 0.644779
0.0306193 0.746353 0.640282
0.0305274 0.751372 0.635903
0.0304359 0.737831 0.632776
0.0303445 0.749207 0.637984
0.0302535 0.754666 0.638435
0.0301628 0.76691 0.645574
0.0300723 0.781317 0.643442
0.029982 0.769902 0.650417
0.0298921 0.778213 0.64958
0.0298024 0.773972 0.65405
0.029713 0.773292 0.654283
0.0296239 0.769825 0.66096
0.029535 0.775109 0.66
0.0294464 0.769934 0.665502
0.0293581 0.780507 0.668235
0.02927 0.777002 0.662605
0.0291822 0.783929 0.661435
0.0290946 0.777021 0.658426
0.0290074 0.78695 0.65133
0.0289203 0.788862 0.652821
0.0288336 0.785294 0.650697
0.0287471 0.77207 0.652107
0.0286608 0.77207 0.652107
0.0285748 0.765248 0.656778
0.0284891 0.754747 0.660704
0.0284037 0.74737 0.658369
0.0283184 0.736726 0.661266
0.0282335 0.729542 0.663887
0.0281488 0.728337 0.670584
0.0280643 0.737588 0.671928
0.0279801 0.743649 0.674863
0.0278962 0.736268 0.672723
0.0278125 0.742025 0.677085
0.0277291 0.754032 0.675678
0.0276459 0.741052 0.670803
0.027563 0.75147 0.664536
0.0274803 0.748659 0.660356
0.0273978 0.761895 0.665492
0.0273156 0.769273 0.660264
0.0272337 0.777934 0.663755
0.027152 0.764803 0.659361
0.0270705 0.774038 0.662361
0.0269893 0.775515 0.660219
0.0269083 0.776931 0.656933
0.0268276 0.774487 0.653608
0.0267471 0.762776 0.653565
0.0266669 0.76294 0.652808
0.0265869 0.765461 0.646628
0.0265071 0.765461 0.646628
0.0264276 0.774579 0.643699
0.0263483 0.763547 0.643019
0.0262693 0.770384 0.64596
0.0261905 0.779847 0.64344
0.0261119 0.782445 0.637341
0.0260336 0.778556 0.632038
0.0259555 0.788983 0.632723
0.0258776 0.782193 0.626749
0.0258 0.791133 0.620312
0.0257226 0.780238 0.617927
0.0256454 0.774817 0.616433
0.0255685 0.782137 0.619949
0.0254918 0.779145 0.619073
0.0254153 0.776415 0.622798
0.025339 0.776415 0.622798
0.025263 0.787875 0.62611
0.0251872 0.787221 0.62344
0.0251117 0.79531 0.629537
0.0250363 0.801705 0.630338
0.0249612 0.792976 0.631543
0.0248863 0.784089 0.625333
0.0248117 0.795509 0.623993
0.0247373 0.803184 0.626509
0.024663 0.793625 0.625144
0.0245891 0.790512 0.619484
0.0245153 0.778679 0.624791
0.0244417 0.77288 0.629554
0.0243684 0.76402 0.627956
0.0242953 0.775054 0.632916
0.0242224 0.767073 0.636092
0.0241498 0.760398 0.634602
0.0240773 0.768678 0.630108
0.0240051 0.768712 0.625713
0.0239331 0.765666 0.62661
0.0238613 0.764176 0.623899
0.0237897 0.7675 0.626375
0.0237183 0.766224 0.62897
0.0236472 0.77706 0.631345
0.0235762 0.772195 0.632117
0.0235055 0.773701 0.631903
0.023435 0.762973 0.630112
0.0233647 0.764503 0.63419
0.0232946 0.769658 0.630838
0.0232247 0.771927 0.63155
0.023155 0.761451 0.626679
0.0230855 0.761451 0.626679
0.0230163 0.759887 0.625965
0.0229472 0.752908 0.623197
0.0228784 0.743419 0.620566
0.0228098 0.734275 0.615747
0.0227413 0.726927 0.617973
0.0226731 0.72975 0.615722
0.0226051 0.738764 0.617353
0.0225373 0.738764 0.617353
0.0224697 0.741918 0.618995
0.0224023 0.731269 0.618067
0.022335 0.731269 0.618067
0.022268 0.736313 0.614387
0.0222012 0.731986 0.609041
0.0221346 0.736566 0.607709
0.0220682 0.743397 0.610961
0.022002 0.734655 0.608493
0.021936 0.724064 0.612301
0.0218702 0.721405 0.607818
0.0218046 0.729122 0.60987
0.0217392 0.721524 0.607827
0.021674 0.719212 0.611037
0.0216089 0.717951 0.606302
0.0215441 0.721988 0.607107
0.0214795 0.719048 0.606902
0.021415 0.727012 0.601924
0.0213508 0.727334 0.601609
0.0212868 0.732279 0.599453
0.0212229 0.736584 0.601861
0.0211592 0.742204 0.600229
0.0210957 0.741361 0.598549
0.0210325 0.735483 0.599541
0.0209694 0.727257 0.595872
0.0209065 0.730775 0.592297
0.0208437 0.735582 0.592241
0.0207812 0.735041 0.590632
0.0207189 0.737794 0.593804
0.0206567 0.747368 0.593154
0.0205947 0.742837 0.593061
0.0205329 0.73827 0.592024
0.0204713 0.74209 0.594366
0.0204099 0.748922 0.594826
0.0203487 0.754413 0.592589
0.0202877 0.745411 0.594845
0.0202268 0.745424 0.599806
0.0201661 0.742474 0.596745
0.0201056 0.749886 0.601023
0.0200453 0.749252 0.596017
0.0199852 0.756829 0.592585
0.0199252 0.748919 0.594167
0.0198654 0.748919 0.594167
0.0198058 0.74187 0.598786
0.0197464 0.751233 0.594943
0.0196872 0.760008 0.596387
0.0196281 0.763311 0.5916
0.0195692 0.765496 0.595497
0.0195105 0.772564 0.596755
0.019452 0.77217 0.59786
0.0193936 0.777457 0.598488
0.0193355 0.769302 0.597529
0.0192775 0.769302 0.597529
0.0192196 0.765388 0.592897
0.019162 0.770243 0.591222
0.0191045 0.769583 0.595813
0.0190472 0.776291 0.599458
0.01899 0.770685 0.602034
0.018933 0.765072 0.600344
0.0188762 0.771988 0.600085
0.0188196 0.772676 0.603916
0.0187632 0.768659 0.604347
0.0187069 0.761837 0.603697
0.0186508 0.752524 0.601013
0.0185948 0.756219 0.603267
0.018539 0.749104 0.603472
0.0184834 0.750417 0.603789
0.0184279 0.741854 0.602408
0.0183727 0.74675 0.606518
0.0183175 0.742601 0.611073
0.0182626 0.742601 0.611073
0.0182078 0.746863 0.615129
0.0181532 0.738695 0.614063
0.0180987 0.742626 0.610478
0.0180444 0.748926 0.60971
0.0179903 0.755162 0.612106
0.0179363 0.755162 0.612106
0.0178825 0.758191 0.613163
0.0178289 0.749862 0.611255
0.0177754 0.744279 0.60758
0.0177221 0.752672 0.609958
0.0176689 0.760298 0.614255
0.0176159 0.764476 0.61563
0.017563 0.761532 0.615014
0.0175103 0.761408 0.618829
0.0174578 0.758102 0.619714
0.0174054 0.751914 0.6161
0.0173532 0.749982 0.613082
0.0173012 0.743576 0.609401
0.0172493 0.735558 0.613431
0.0171975 0.728717 0.613421
0.0171459 0.735152 0.610218
0.0170945 0.739902 0.613112
0.0170432 0.734493 0.613117
0.0169921 0.734493 0.613117
0.0169411 0.735299 0.613308
0.0168903 0.739372 0.613469
0.0168396 0.740457 0.614928
0.0167891 0.737789 0.618646
0.0167387 0.740108 0.621547
0.0166885 0.735666 0.618533
0.0166384 0.727356 0.616785
0.0165885 0.721615 0.614252
0.0165387 0.720615 0.617372
0.0164891 0.72365 0.613321
0.0164397 0.72365 0.613321
0.0163903 0.716215 0.616776
0.0163412 0.708708 0.620424
0.0162922 0.707123 0.616764
0.0162433 0.714406 0.620646
0.0161945 0.714406 0.620646
0.016146 0.721443 0.62421
0.0160975 0.714183 0.622229
0.0160492 0.706486 0.623816
0.0160011 0.711362 0.623207
0.0159531 0.714229 0.622725
0.0159052 0.712325 0.623443
0.0158575 0.711816 0.626086
0.0158099 0.716123 0.627235
0.0157625 0.710544 0.625098
0.0157152 0.710226 0.6259
0.0156681 0.704959 0.624344
0.0156211 0.710212 0.624428
0.0155742 0.712164 0.621037
0.0155275 0.719379 0.619366
0.0154809 0.717812 0.618256
0.0154345 0.714027 0.616413
0.0153882 0.714027 0.616413
0.015342 0.713907 0.618074
0.015296 0.717282 0.61927
0.0152501 0.717325 0.622828
0.0152043 0.72231 0.624641
0.0151587 0.72373 0.624855
0.0151132 0.731164 0.622316
0.0150679 0.72432 0.619696
0.0150227 0.726503 0.623166
0.0149776 0.731166 0.622756
0.0149327 0.735361 0.623473
0.0148879 0.734867 0.62653
0.0148432 0.735444 0.625967
0.0147987 0.735444 0.625967
0.0147543 0.733236 0.628913
0.01471 0.728269 0.630206
0.0146659 0.728269 0.630206
0.0146219 0.728799 0.631924
0.014578 0.735658 0.630098
0.0145343 0.735357 0.627266
0.0144907 0.729393 0.625725
0.0144472 0.729852 0.622987
0.0144039 0.732729 0.62076
0.0143607 0.727645 0.620986
0.0143176 0.728829 0.618617
0.0142746 0.730965 0.617041
0.0142318 0.733836 0.614939
0.0141891 0.732453 0.618158
0.0141466 0.727304 0.616793
0.0141041 0.725961 0.618856
0.0140618 0.726594 0.618874
0.0140196 0.731841 0.616164
0.0139776 0.730225 0.614607
0.0139356 0.723776 0.616195
0.0138938 0.725703 0.613071
0.0138521 0.720778 0.610134
0.0138106 0.722002 0.608234
0.0137692 0.718419 0.60923
0.0137278 0.71493 0.609267
0.0136867 0.716428 0.60892
0.0136456 0.722858 0.606928
0.0136047 0.726474 0.608609
0.0135639 0.727449 0.606269
0.0135232 0.729953 0.606105
0.0134826 0.733658 0.6087
0.0134421 0.72711 0.606788
0.0134018 0.731409 0.605389
0.0133616 0.726558 0.608188
0.0133215 0.730811 0.610348
0.0132816 0.735977 0.613511
0.0132417 0.733804 0.613326
0.013202 0.731452 0.614107
0.0131624 0.731452 0.614107
0.0131229 0.731577 0.611408
0.0130835 0.736688 0.610846
0.0130443 0.739965 0.612503
0.0130051 0.733541 0.61405
0.0129661 0.733672 0.610949
0.0129272 0.735704 0.607841
0.0128885 0.737461 0.607804
0.0128498 0.74341 0.606686
0.0128112 0.742627 0.606935
0.0127728 0.743609 0.605757
0.0127345 0.739816 0.608644
0.0126963 0.738012 0.608658
0.0126582 0.734571 0.605531
0.0126202 0.739378 0.605467
0.0125824 0.739518 0.607869
0.0125446 0.735328 0.607958
0.012507 0.729246 0.608992
0.0124695 0.734143 0.607233
0.012432 0.734096 0.608386
0.0123948 0.728649 0.606703
0.0123576 0.727719 0.609221
0.0123205 0.726562 0.607309
0.0122835 0.729908 0.605221
0.0122467 0.729265 0.603406
0.0122099 0.725888 0.603938
0.0121733 0.728287 0.601056
0.0121368 0.730441 0.601063
0.0121004 0.725339 0.600702
0.0120641 0.720815 0.603333
0.0120279 0.720815 0.603333
0.0119918 0.723626 0.605894
0.0119558 0.718007 0.604613
0.01192 0.718215 0.602829
0.0118842 0.719746 0.600919
0.0118486 0.718208 0.602365
0.011813 0.719286 0.604201
0.0117776 0.71776 0.604336
0.0117422 0.716844 0.601719
0.011707 0.711563 0.601118
0.0116719 0.70685 0.600807
0.0116369 0.70685 0.600807
0.011602 0.707946 0.602035
0.0115672 0.713364 0.601603
0.0115325 0.717165 0.602548
0.0114979 0.713615 0.600509
0.0114634 0.713144 0.60092
0.011429 0.716948 0.598566
0.0113947 0.720472 0.596411
0.0113605 0.725854 0.598584
0.0113264 0.724219 0.596284
0.0112924 0.728646 0.596366
0.0112586 0.725007 0.598264
0.0112248 0.723299 0.596366
0.0111911 0.727592 0.595659
0.0111575 0.72259 0.596476
0.0111241 0.727308 0.596892
0.0110907 0.729105 0.595045
0.0110574 0.729588 0.595427
0.0110242 0.727454 0.593258
0.0109912 0.724206 0.593883
0.0109582 0.719095 0.591706
0.0109253 0.721118 0.589228
0.0108926 0.722004 0.591024
0.0108599 0.718437 0.58992
0.0108273 0.721756 0.589071
0.0107948 0.716651 0.59131
0.0107624 0.716651 0.59131
0.0107301 0.716651 0.59131
0.010698 0.718691 0.590963
0.0106659 0.723521 0.591862
0.0106339 0.720875 0.592523
0.010602 0.716812 0.592307
0.0105702 0.719224 0.590487
0.0105384 0.724095 0.591011
0.0105068 0.727826 0.589465
0.0104753 0.73228 0.59071
0.0104439 0.737328 0.591872
0.0104125 0.739626 0.592061
0.0103813 0.739626 0.592061
0.0103502 0.739626 0.592061
0.0103191 0.739626 0.592061
0.0102882 0.735325 0.591211
0.0102573 0.735609 0.590546
0.0102265 0.740044 0.590458
0.0101958 0.743245 0.589427
0.0101653 0.740285 0.591548
0.0101348 0.744735 0.59162
0.0101044 0.74373 0.590887
0.010074 0.739743 0.591204
0.0100438 0.742828 0.593709
0.0100137 0.746676 0.595148
