1 40.5011
2 35.8421
3 33.3598
4 31.7611
5 30.6343
6 29.1364
7 27.9492
8 26.7559
9 25.6114
10 24.285
11 22.9371
12 21.5793
13 20.4812
14 19.8232
15 19.1065
16 19.1563
17 19.0979
18 19.1953
19 19.245
20 19.0581
21 18.5638
22 17.9248
23 17.2426
24 17.395
25 17.3515
26 17.157
27 16.8821
28 16.6995
29 16.5747
30 16.7679
31 16.5494
32 16.4755
33 16.7096
34 16.5995
35 16.1506
36 16.2333
37 16.1027
38 16.3933
39 16.0593
40 16.091
41 15.5613
42 15.0761
43 14.5723
44 14.5625
45 14.1864
46 14.0208
47 14.4015
48 13.8667
49 13.8045
50 13.5465
51 13.7058
52 13.6558
53 13.0636
54 13.2533
55 13.3405
56 12.3263
57 12.3645
58 12.8072
59 12.3317
60 12.6038
61 12.2558
62 12.2528
63 12.2133
64 13.1788
65 12.7129
66 12.0268
67 12.5781
68 12.7935
69 12.316
70 12.4292
71 12.2598
72 12.5119
73 12.4753
74 12.253
75 12.718
76 12.5594
77 12.4433
78 12.4658
79 12.5786
80 11.8506
81 12.1108
82 11.6414
83 12.038
84 11.8843
85 12.0038
86 12.1643
87 11.6689
88 11.5483
89 11.989
90 11.4604
91 11.374
92 12.0244
93 12.0801
94 11.3598
95 11.5273
96 11.3458
97 11.5258
98 11.7254
99 11.3046
100 10.7476
101 11.1374
102 11.6525
103 11.5566
104 11.4721
105 11.2661
106 11.0414
107 10.7282
108 10.2392
109 10.1412
110 10.261
111 10.6402
112 10.8156
113 10.4508
114 10.3763
115 10.4001
116 10.3153
117 10.0373
118 9.95548
119 10.5402
120 10.025
121 10.0509
122 10.1689
123 10.3548
124 10.289
125 10.0015
126 9.68043
127 9.33292
128 10.3321
129 10.1652
130 9.82548
131 9.85398
132 10.1252
133 10.1472
134 9.87747
135 9.8771
136 9.53546
137 9.47301
138 9.90318
139 10.0391
140 10.1651
141 9.69908
142 10.0747
143 9.40235
144 9.63439
145 9.51016
146 10.0837
147 10.1315
148 9.42162
149 9.47807
150 9.71187
151 9.83302
152 9.691
153 9.28116
154 9.22109
155 9.14621
156 9.25291
157 8.89466
158 8.87546
159 8.94433
160 8.86504
161 8.85507
162 8.92245
163 8.78894
164 8.84325
165 9.11914
166 9.19597
167 8.88076
168 8.41751
169 8.63926
170 8.72387
171 8.60085
172 8.72498
173 8.25122
174 8.70629
175 9.38464
176 9.226
177 9.20131
178 8.80467
179 9.05935
180 8.82847
181 9.08829
182 8.36001
183 8.80453
184 8.72693
185 8.37853
186 9.57012
187 8.94456
188 9.37392
189 9.34168
190 9.19713
191 9.47753
192 9.44994
193 9.18389
194 9.20293
195 8.61514
196 9.21817
197 8.53373
198 8.58074
199 8.79174
200 8.22143
201 8.63055
202 8.52921
203 8.14692
204 8.79146
205 9.18954
206 8.83904
207 9.26567
208 8.94203
209 8.46777
210 8.82267
211 8.50374
212 8.56575
213 8.15933
214 8.74193
215 8.44882
216 8.70162
217 8.65476
218 8.50186
219 8.59115
220 8.65539
221 8.36712
222 8.94822
223 8.04575
224 8.44664
225 9.24475
226 8.93884
227 8.71927
228 9.08263
229 8.70709
230 8.21996
231 8.67672
232 8.20688
233 8.27552
234 8.60366
235 8.12521
236 8.22676
237 8.67734
238 8.28576
239 8.42023
240 7.79158
241 8.69176
242 8.53249
243 8.5421
244 8.5489
245 9.05897
246 8.59109
247 8.89028
248 8.38216
249 8.71814
250 8.36586
251 8.78297
252 8.47578
253 8.48207
254 9.15363
255 8.84574
256 8.52345
257 8.68156
258 8.27415
259 8.55949
260 8.4935
261 8.92505
262 7.97542
263 9.09394
264 9.1172
265 9.16078
266 8.57861
267 8.75743
268 8.72249
269 8.25888
270 8.58851
271 8.35981
272 8.69205
273 8.32913
274 8.48898
275 8.34221
276 8.71844
277 9.17248
278 8.55243
279 8.11057
280 8.52438
281 8.95627
282 8.54753
283 8.61864
284 8.58718
285 8.88449
286 7.96694
287 8.38057
288 8.28988
289 8.70247
290 8.63332
291 8.56943
292 8.48018
293 9.14485
294 9.60942
295 9.287
296 9.23734
297 8.62398
298 8.71799
299 8.3524
300 8.32664
301 8.07153
302 8.28065
303 7.59297
304 8.42375
305 8.49478
306 8.23217
307 7.52668
308 8.19437
309 8.10103
310 7.87247
311 8.50324
312 7.9123
313 8.089
314 8.6001
315 8.62203
316 8.24214
317 8.86621
318 8.10688
319 8.28165
320 8.31857
321 7.89203
322 8.34144
323 8.31543
324 8.12221
325 8.49629
326 8.493
327 8.23765
328 7.77251
329 7.66033
330 8.1038
331 7.98428
332 8.14309
333 8.59919
334 9.02741
335 8.33951
336 8.08504
337 8.50846
338 8.35396
339 8.26977
340 8.50903
341 8.35216
342 8.00645
343 8.27178
344 8.27917
345 8.56787
346 8.7208
347 7.9161
348 8.42072
349 8.18699
350 8.34542
351 7.63544
352 9.03919
353 7.97538
354 8.00423
355 8.43557
356 8.11865
357 8.40877
358 7.96634
359 8.34138
360 8.4434
361 8.19731
362 8.47762
363 8.01328
364 8.42496
365 8.54188
366 8.19233
367 8.25024
368 8.52298
369 8.50442
370 8.26773
371 8.66135
372 8.56784
373 8.12875
374 8.0514
375 7.91624
376 8.4247
377 8.16105
378 8.7151
379 8.31008
380 8.34393
381 8.06345
382 8.1266
383 8.02778
384 8.40226
385 8.40296
386 8.45881
387 8.53043
388 8.94319
389 8.27479
390 8.06843
391 8.01023
392 8.21871
393 8.52974
394 8.29235
395 8.41282
396 8.72537
397 8.01246
398 8.90296
399 8.30984
400 7.78461
401 8.04909
402 8.60773
403 8.20564
404 8.57192
405 8.50823
406 8.7436
407 8.12301
408 8.25343
409 8.82032
410 8.15999
411 8.38635
412 8.1944
413 8.37544
414 8.3397
415 8.09672
416 7.80092
417 7.62648
418 8.51048
419 8.14397
420 7.9732
421 8.30323
422 8.48152
423 8.23845
424 7.98768
425 8.68685
426 8.18394
427 8.25373
428 8.45149
429 8.53109
430 8.36553
431 8.4624
432 8.0182
433 8.54375
434 8.83151
435 8.5289
436 8.01004
437 8.26818
438 8.28849
439 8.38295
440 7.93447
441 8.29093
442 8.67336
443 8.44255
444 7.88707
445 7.96201
446 8.72844
447 8.29634
448 8.24751
449 8.23917
450 8.41123
451 8.94244
452 8.58997
453 8.82584
454 8.19619
455 7.97694
456 8.43769
457 8.50401
458 8.60129
459 8.98873
460 8.72125
461 8.51952
462 8.09084
463 8.41108
464 8.87617
465 8.46222
466 8.30952
467 8.42354
468 8.76153
469 8.59123
470 8.64162
471 8.60306
472 8.34604
473 7.70278
474 7.93295
475 7.89752
476 8.30577
477 8.25207
478 7.87058
479 8.40246
480 8.23063
481 8.12039
482 8.35865
483 8.63194
484 8.39918
485 8.34195
486 8.61297
487 8.50523
488 8.05611
489 8.06103
490 8.70628
491 8.2059
492 8.41737
493 8.56656
494 8.1888
495 8.37136
496 8.33136
497 8.76539
498 8.28823
499 8.14094
500 8.26913
