1 878.652
2 767.857
3 721.178
4 690.79
5 614.491
6 605.994
7 567.994
8 544.505
9 519.218
10 483.226
11 483.226
12 471.028
13 444.87
14 437.383
15 444.345
16 419.591
17 412.336
18 398.928
19 396.673
20 394.672
21 394.672
22 383.001
23 378.493
24 367.52
25 365.313
26 352.655
27 338.369
28 337.622
29 333.44
30 339.01
31 339.01
32 325.844
33 318.227
34 317.574
35 307.081
36 303.79
37 301.272
38 298.831
39 294.821
40 294.474
41 294.474
42 294.474
43 290.464
44 292.822
45 288.051
46 287.364
47 287.364
48 285.618
49 283.398
50 282.452
51 282.452
52 282.452
53 281.747
54 281.154
55 280.939
56 280.984
57 280.267
58 280.267
59 279.453
60 278.881
61 278.881
62 278.881
63 277.893
64 277.893
65 277.483
66 276.495
67 276.495
68 276.495
69 275.779
70 275.779
71 275.779
72 275.779
73 275.779
74 275.779
75 275.779
76 275.779
77 275.779
78 275.65
79 275.65
80 275.65
81 275.65
82 275.65
83 275.65
84 275.65
85 275.65
86 275.65
87 275.65
88 275.65
89 275.65
90 275.65
91 275.65
92 274.88
93 274.88
94 274.88
95 274.88
96 274.88
97 274.88
98 274.88
99 274.88
100 274.88
101 274.88
102 274.88
103 274.88
104 274.88
105 274.88
106 274.88
107 274.88
108 274.88
109 274.88
110 274.88
111 274.88
112 274.88
113 274.88
114 274.88
115 274.88
116 274.88
117 274.88
118 274.88
119 274.88
120 274.88
121 274.88
122 274.88
123 274.88
124 274.88
125 274.88
126 274.88
127 274.88
128 274.88
129 274.88
130 274.88
131 274.88
132 274.88
133 274.88
134 274.88
135 274.88
136 274.88
137 274.88
138 274.88
139 274.88
140 274.88
141 274.88
142 274.88
143 274.88
144 274.88
145 274.88
146 274.88
147 274.88
148 274.88
149 274.88
150 274.88
151 274.88
152 274.88
153 274.88
154 274.88
155 274.88
156 274.88
157 274.88
158 274.88
159 274.88
160 274.252
161 274.252
162 268.416
163 268.416
164 268.416
165 268.416
166 268.416
167 268.416
168 268.416
169 268.416
170 268.416
171 268.416
172 268.416
173 268.416
174 268.416
175 268.416
176 268.416
177 268.416
178 268.416
179 268.416
180 268.416
181 268.416
182 268.416
183 268.416
184 268.416
185 268.416
186 268.416
187 268.416
188 268.416
189 268.416
190 268.416
191 268.416
192 268.416
193 268.416
194 268.416
195 268.416
196 268.416
197 268.416
198 268.416
199 268.416
200 268.416
201 268.416
202 268.416
203 268.416
204 268.416
205 268.416
206 268.416
207 268.416
208 268.416
209 268.416
210 268.416
211 268.416
212 268.416
213 268.416
214 268.416
215 268.416
216 268.416
217 268.416
218 268.416
219 268.416
220 268.416
221 268.416
222 268.416
223 268.416
224 268.416
225 268.416
226 268.416
227 268.416
228 268.416
229 268.416
230 268.416
231 268.416
232 268.416
233 268.416
234 268.416
235 268.416
236 268.416
237 268.416
238 268.416
239 268.416
240 268.416
241 268.416
242 268.416
243 268.416
244 268.416
245 268.416
246 268.416
247 268.416
248 268.416
249 268.416
250 268.416
251 268.416
252 268.416
253 268.416
254 268.416
255 268.416
256 268.416
257 268.416
258 268.416
259 268.416
260 268.416
261 268.416
262 268.416
263 268.416
264 268.416
265 268.416
266 268.416
267 268.416
268 268.416
269 268.416
270 268.416
271 268.416
272 268.416
273 268.416
274 268.416
275 268.416
276 268.416
277 268.416
278 268.416
279 268.416
280 268.416
281 268.416
282 268.416
283 268.416
284 268.416
285 268.416
286 268.416
287 268.416
288 268.416
289 268.416
290 268.416
291 268.416
292 268.416
293 268.416
294 268.416
295 268.416
296 268.416
297 268.416
298 268.416
299 268.416
300 268.416
301 268.416
302 268.416
303 268.416
304 268.416
305 268.416
306 268.416
307 268.416
308 268.416
309 268.416
310 268.416
311 268.416
312 268.416
313 268.416
314 268.416
315 268.416
316 268.416
317 268.416
318 268.416
319 268.416
320 268.416
321 268.416
322 268.416
323 268.416
324 268.416
325 268.416
326 268.416
327 268.416
328 268.416
329 268.416
330 268.416
331 268.416
332 268.416
333 268.416
334 268.416
335 268.416
336 268.416
337 268.416
338 268.416
339 268.416
340 268.416
341 268.416
342 268.416
343 268.416
344 268.416
345 268.416
346 268.416
347 268.416
348 268.416
349 268.416
350 268.416
351 268.416
352 268.416
353 268.416
354 268.416
355 268.416
356 268.416
357 268.416
358 268.416
359 268.416
360 268.416
361 268.416
362 268.416
363 268.416
364 268.416
365 268.416
366 268.416
367 268.416
368 268.416
369 268.416
370 268.416
371 268.416
372 268.416
373 268.416
374 268.416
375 268.416
376 268.416
377 268.416
378 268.416
379 268.416
380 268.416
381 268.416
382 268.416
383 268.416
384 268.416
385 268.416
386 268.416
387 268.416
388 268.416
389 268.416
390 268.416
391 268.416
392 268.416
393 268.416
394 268.416
395 268.416
396 268.416
397 268.416
398 268.416
399 268.416
400 268.416
401 268.416
402 268.416
403 268.416
404 268.416
405 268.416
406 268.416
407 268.416
408 268.416
409 268.416
410 268.416
411 268.416
412 268.416
413 268.416
414 268.416
415 268.416
416 268.416
417 268.416
418 268.416
419 268.416
420 268.416
421 268.416
422 268.416
423 268.416
424 268.416
425 268.416
426 268.416
427 268.416
428 268.416
429 268.416
430 268.416
431 268.416
432 268.416
433 268.416
434 268.416
435 268.416
436 268.416
437 268.416
438 268.416
439 268.416
440 268.416
441 268.416
442 268.416
443 268.416
444 268.416
445 268.416
446 268.416
447 268.416
448 268.416
449 268.416
450 268.416
451 268.416
452 268.416
453 268.416
454 268.416
455 268.416
456 268.416
457 268.416
458 268.416
459 268.416
460 268.416
461 268.416
462 268.416
463 268.416
464 268.416
465 268.416
466 268.416
467 268.416
468 268.416
469 268.416
470 268.416
471 268.416
472 268.416
473 268.416
474 268.416
475 268.416
476 268.416
477 268.416
478 268.416
479 268.416
480 268.416
481 268.416
482 268.416
483 268.416
484 268.416
485 268.416
486 268.416
487 268.416
488 268.416
489 268.416
490 268.416
491 268.416
492 268.416
493 268.416
494 268.416
495 268.416
496 268.416
497 268.416
498 268.416
499 268.416
500 268.416
