1 25.2716
2 24.9153
3 23.4535
4 22.534
5 21.7319
6 20.0351
7 19.0364
8 18.4134
9 17.9704
10 16.8473
11 16.8111
12 16.5439
13 16.1904
14 15.9987
15 16.1122
16 15.4246
17 14.9769
18 14.3582
19 14.106
20 13.98
21 14.0802
22 13.2339
23 13.7887
24 13.1245
25 13.3044
26 13.8959
27 13.1914
28 13.2906
29 13.2906
30 12.6797
31 12.6797
32 12.3222
33 11.8704
34 12.2911
35 12.3151
36 12.319
37 11.9975
38 11.9684
39 11.6531
40 11.6531
41 11.3942
42 11.2805
43 11.2488
44 10.9957
45 11.2045
46 11.035
47 10.9611
48 10.6735
49 10.26
50 10.26
51 10.26
52 10.26
53 9.52477
54 9.52477
55 9.52477
56 9.52477
57 9.52477
58 9.52477
59 9.42807
60 9.42807
61 9.42807
62 9.43116
63 9.43116
64 9.43116
65 9.43116
66 9.43116
67 9.43116
68 9.43116
69 9.43116
70 9.43116
71 9.43116
72 9.43116
73 9.43116
74 9.43116
75 9.43116
76 9.43116
77 9.43116
78 9.43116
79 9.43116
80 9.43116
81 9.43116
82 9.43116
83 9.43116
84 9.43116
85 9.43116
86 9.43116
87 9.43116
88 9.43116
89 9.43116
90 9.43116
91 9.43116
92 9.43116
93 9.43116
94 9.43116
95 9.43116
96 9.43116
97 9.43116
98 9.43116
99 9.43116
100 9.43116
101 9.43116
102 9.43116
103 9.43116
104 9.43116
105 9.43116
106 9.43116
107 9.43116
108 9.43116
109 9.43116
110 9.43116
111 9.43116
112 9.43116
113 9.43116
114 9.43116
115 9.43116
116 9.43116
117 9.43116
118 9.43116
119 9.43116
120 9.43116
121 9.43116
122 9.43116
123 9.43116
124 9.43116
125 9.43116
126 9.43116
127 9.43116
128 9.43116
129 9.43116
130 9.43116
131 9.43116
132 9.43116
133 9.43116
134 9.43116
135 9.43116
136 9.43116
137 9.43116
138 9.43116
139 9.2217
140 9.2217
141 9.43116
142 9.43116
143 9.43116
144 9.43116
145 9.43116
146 9.43116
147 9.43116
148 9.43116
149 9.43116
150 9.43116
151 9.43116
152 9.43116
153 9.43116
154 9.43116
155 9.43116
156 9.43116
157 9.43116
158 9.43116
159 9.43116
160 9.43116
161 9.43116
162 9.43116
163 9.43116
164 9.43116
165 9.43116
166 9.43116
167 9.43116
168 9.43116
169 9.43116
170 9.43116
171 9.43116
172 9.43116
173 9.43116
174 9.43116
175 9.43116
176 9.43116
177 9.43116
178 9.43116
179 9.43116
180 9.43116
181 9.43116
182 9.43116
183 9.43116
184 9.43116
185 9.43116
186 9.43116
187 9.43116
188 9.43116
189 9.43116
190 9.43116
191 9.43116
192 9.43116
193 9.2217
194 9.43116
195 9.43116
196 9.43116
197 9.43116
198 9.43116
199 9.43116
200 9.5378
201 9.43116
202 9.43116
203 9.43116
204 9.43116
205 9.43116
206 9.43116
207 9.43116
208 9.43116
209 9.43116
210 9.43116
211 9.43116
212 9.43116
213 9.43116
214 9.43116
215 9.43116
216 9.43116
217 9.43116
218 9.43116
219 9.43116
220 9.43116
221 9.43116
222 9.43116
223 9.2217
224 9.43116
225 9.43116
226 9.43116
227 9.43116
228 9.43116
229 9.43116
230 9.43116
231 9.43116
232 9.43116
233 9.43116
234 9.43116
235 9.2217
236 9.43116
237 9.43116
238 9.43116
239 9.43116
240 9.43116
241 9.43116
242 9.43116
243 9.43116
244 9.43116
245 9.43116
246 9.43116
247 9.43116
248 9.43116
249 9.43116
250 9.43116
251 9.43116
252 9.43116
253 9.43116
254 9.43116
255 9.43116
256 9.43116
257 9.43116
258 9.43116
259 9.43116
260 9.43116
261 9.43116
262 9.43116
263 9.43116
264 9.43116
265 9.43116
266 9.43116
267 9.43116
268 9.43116
269 9.43116
270 9.43116
271 9.43116
272 9.43116
273 9.2217
274 9.2217
275 9.43116
276 9.43116
277 9.43116
278 9.43116
279 9.43116
280 9.43116
281 9.43116
282 9.43116
283 9.43116
284 9.43116
285 9.43116
286 9.43116
287 9.43116
288 9.43116
289 9.43116
290 9.43116
291 9.43116
292 9.43116
293 9.43116
294 9.43116
295 9.43116
296 9.43116
297 9.43116
298 9.43116
299 9.43116
300 9.43116
301 9.43116
302 9.43116
303 9.43116
304 9.43116
305 9.43116
306 9.43116
307 9.43116
308 9.43116
309 9.43116
310 9.43116
311 9.43116
312 9.43116
313 9.43116
314 9.43116
315 9.43116
316 9.43116
317 9.43116
318 9.2217
319 9.2217
320 9.43116
321 9.43116
322 9.2217
323 9.2217
324 9.2217
325 9.2217
326 9.02204
327 9.02204
328 9.2217
329 9.21839
330 9.2217
331 9.02204
332 9.02204
333 9.02204
334 9.05405
335 9.05405
336 9.05405
337 9.05405
338 9.05405
339 9.05405
340 9.05405
341 9.05405
342 9.05405
343 9.05405
344 9.05405
345 9.05405
346 9.05405
347 9.05405
348 9.05405
349 9.05405
350 9.05405
351 9.05405
352 9.05405
353 9.05405
354 9.05405
355 9.05405
356 9.05405
357 9.05405
358 9.05405
359 9.05405
360 9.05405
361 9.05405
362 9.05405
363 9.05405
364 9.05405
365 9.05405
366 9.05405
367 9.05405
368 9.05405
369 9.05405
370 9.05405
371 9.05405
372 9.05405
373 9.05405
374 9.05405
375 9.05405
376 9.05405
377 9.05405
378 9.05405
379 9.05405
380 9.05405
381 9.05405
382 9.05405
383 9.05405
384 9.05405
385 9.05405
386 9.05405
387 9.05405
388 9.05405
389 9.05405
390 9.05405
391 9.05405
392 9.05405
393 9.05405
394 9.05405
395 9.05405
396 9.05405
397 9.05405
398 9.05405
399 9.05405
400 9.05405
401 9.05405
402 9.05405
403 9.05405
404 9.05405
405 9.05405
406 9.05405
407 9.05405
408 9.05405
409 9.05405
410 9.05405
411 9.05405
412 9.05405
413 9.05405
414 9.05405
415 9.05405
416 9.05405
417 9.05405
418 9.05405
419 9.05405
420 9.05405
421 9.05405
422 9.05405
423 9.05405
424 9.05405
425 9.05405
426 9.05405
427 9.05405
428 9.05405
429 9.05405
430 9.05405
431 9.05405
432 9.05405
433 9.05405
434 9.05405
435 9.05405
436 9.05405
437 9.05405
438 9.05405
439 9.05405
440 9.05405
441 9.05405
442 9.05405
443 9.05405
444 9.05405
445 9.05405
446 9.05405
447 9.05405
448 9.05405
449 9.05405
450 9.05405
451 9.05405
452 9.05405
453 9.05405
454 9.05405
455 9.05405
456 9.05405
457 9.05405
458 9.05405
459 9.05405
460 9.05405
461 9.05405
462 9.05405
463 9.05405
464 9.05405
465 9.05405
466 9.05405
467 9.05405
468 9.05405
469 9.05405
470 9.05405
471 9.05405
472 9.05405
473 9.05405
474 9.05405
475 9.05405
476 9.05405
477 9.05405
478 9.05405
479 9.05405
480 9.05405
481 9.05405
482 9.05405
483 9.05405
484 9.05405
485 9.05405
486 9.05405
487 9.05405
488 9.05405
489 9.05405
490 9.05405
491 9.05405
492 9.05405
493 9.05405
494 9.05405
495 9.05405
496 9.05405
497 9.05405
498 9.05405
499 9.05405
500 9.05405
