1 1050.94
2 896.558
3 810.538
4 752.166
5 708.473
6 666.797
7 626.017
8 593.664
9 569.236
10 547.512
11 547.512
12 526.917
13 509.724
14 495.001
15 481.272
16 467.153
17 456.807
18 445.507
19 432.001
20 420.058
21 420.058
22 409.227
23 402.517
24 395.694
25 387.026
26 378.969
27 372.152
28 366.05
29 362.612
30 359.922
31 359.922
32 356.355
33 351.578
34 346.683
35 337.617
36 331.177
37 327.013
38 323.803
39 320.453
40 318.301
41 318.301
42 316.069
43 312.014
44 311.518
45 311.527
46 306.514
47 303.725
48 301.68
49 301.928
50 301.9
51 301.9
52 301.783
53 299.04
54 299.408
55 295.972
56 294.477
57 294.691
58 294.008
59 291.971
60 292.47
61 292.47
62 290.197
63 289.265
64 291.107
65 290.039
66 288.342
67 287.989
68 288.885
69 287.878
70 288.68
71 288.68
72 288.527
73 286.987
74 288.793
75 286.924
76 286.662
77 286.741
78 285.912
79 287.627
80 287.822
81 287.822
82 286.961
83 287.674
84 286.751
85 286.721
86 287.922
87 287.521
88 287.285
89 286.751
90 287.07
91 287.07
92 287.121
93 286.468
94 287.392
95 285.657
96 284.631
97 283.738
98 283.58
99 286.729
100 287.639
101 287.639
102 286.347
103 283.663
104 285.524
105 283.693
106 283.95
107 284.576
108 283.918
109 283.948
110 284.379
111 284.379
112 284.389
113 284.574
114 283.665
115 283.524
116 283.988
117 285.653
118 284.758
119 284.581
120 284.12
121 284.12
122 283.449
123 284.022
124 283.982
125 283.6
126 284.006
127 283.552
128 285.363
129 285.772
130 284.723
131 284.723
132 283.583
133 283.134
134 284.023
135 284.31
136 284.665
137 283.81
138 284.084
139 284.027
140 283.122
141 283.122
142 284.285
143 283.12
144 284.073
145 284.058
146 284.271
147 284.288
148 283.117
149 283.23
150 283.368
151 283.368
152 282.801
153 283.832
154 283.161
155 282.817
156 282.853
157 284.164
158 283.548
159 282.83
160 283.393
161 283.393
162 283.463
163 283.627
164 282.695
165 282.896
166 282.86
167 283.226
168 284.5
169 283.033
170 283.023
171 283.023
172 283.195
173 283.798
174 282.84
175 282.074
176 281.939
177 282.784
178 282.411
179 283.224
180 283.149
181 283.149
182 283.806
183 284.496
184 284.448
185 283.312
186 283.614
187 283.191
188 284.432
189 283.508
190 283.365
191 283.365
192 284.192
193 284.698
194 284.036
195 282.9
196 282.837
197 282.314
198 283.141
199 283.621
200 282.105
201 282.105
202 284.084
203 283.712
204 283.339
205 284.65
206 282.741
207 284.024
208 283.643
209 283.202
210 283.586
211 283.586
212 283.041
213 283.151
214 283.185
215 283.234
216 283.524
217 283.266
218 282.68
219 282.381
220 284.032
221 284.032
222 282.686
223 283.992
224 282.587
225 283.038
226 283.364
227 282.566
228 283.17
229 282.738
230 283.181
231 283.181
232 282.885
233 282.159
234 282.155
235 282.796
236 282.817
237 282.504
238 282.013
239 281.028
240 280.643
241 280.643
242 280.458
243 280.557
244 280.177
245 281.591
246 281.272
247 281.776
248 280.216
249 280.861
250 281.176
251 281.176
252 280.713
253 279.915
254 279.643
255 280.219
256 280.558
257 280.465
258 281.486
259 280.396
260 280.054
261 280.054
262 281.36
263 281.369
264 280.095
265 280.194
266 280.998
267 281.676
268 279.493
269 279.934
270 279.761
271 279.761
272 279.986
273 280.562
274 280.755
275 281.467
276 280.796
277 279.66
278 279.228
279 279.475
280 278.484
281 278.484
282 280.506
283 280.793
284 280.68
285 281.115
286 281.736
287 281.164
288 281.109
289 280.574
290 280.259
291 280.259
292 281.538
293 279.203
294 280.046
295 280.946
296 280.865
297 280.583
298 280.305
299 279.31
300 281.015
301 281.015
302 280.545
303 281.009
304 280.235
305 280.873
306 281.311
307 281.076
308 280.772
309 281.371
310 281.086
311 281.086
312 280.323
313 280.286
314 280.993
315 280.143
316 280.069
317 280.696
318 281.043
319 280.652
320 282.05
321 282.05
322 281.548
323 280.928
324 279.413
325 281.652
326 280.149
327 280.626
328 280.093
329 280.05
330 280.876
331 280.876
332 280.33
333 281.243
334 280.701
335 280.659
336 280.831
337 280.348
338 280.127
339 280.312
340 280.035
341 280.035
342 280.469
343 279.888
344 280.051
345 281.264
346 281.988
347 280.535
348 280.633
349 279.851
350 281.277
351 281.277
352 281.482
353 281.006
354 282.178
355 281.434
356 281.162
357 282.295
358 279.589
359 279.93
360 280.837
361 280.837
362 279.739
363 280.897
364 279.229
365 280.673
366 280.989
367 280.276
368 282.175
369 280.854
370 280.715
371 280.715
372 280.933
373 281.288
374 280.534
375 280.77
376 280.288
377 279.892
378 280.48
379 279.118
380 279.576
381 279.576
382 280.828
383 280.615
384 280.904
385 279.601
386 280.381
387 279.874
388 280.53
389 279.703
390 281.248
391 281.248
392 281.545
393 280.916
394 281.327
395 280.175
396 280.195
397 280.589
398 279.652
399 280.412
400 280.953
401 280.953
402 280.018
403 281.695
404 280.307
405 279.529
406 280.614
407 280.703
408 278.811
409 279.502
410 280.577
411 280.577
412 280.919
413 280.631
414 279.721
415 279.759
416 281.288
417 281.526
418 281.586
419 279.851
420 279.59
421 279.59
422 280.708
423 280.44
424 280.301
425 280.964
426 280.361
427 279.885
428 280.31
429 280.344
430 280.557
431 280.557
432 279.276
433 279.387
434 280.57
435 279.267
436 279.789
437 280.602
438 279.799
439 280.527
440 280.716
441 280.716
442 279.042
443 278.612
444 280.178
445 279.946
446 280.554
447 280.678
448 279.665
449 279.761
450 281.089
451 281.089
452 281.607
453 281.62
454 280.222
455 279.521
456 279.644
457 279.706
458 279.88
459 282.735
460 280.499
461 280.499
462 280.234
463 278.709
464 280.628
465 279.85
466 279.362
467 280.583
468 281.409
469 280.977
470 280.777
471 280.777
472 279.481
473 280.256
474 279.386
475 280.754
476 280.517
477 280.878
478 279.93
479 280.27
480 281.109
481 281.109
482 279.341
483 281.718
484 280.592
485 280.586
486 279.983
487 281.297
488 280.884
489 280.658
490 279.6
491 279.6
492 279.759
493 280.427
494 281.291
495 281.131
496 280.206
497 281.68
498 281.145
499 279.454
500 281.633
