1 878.652
2 767.857
3 721.178
4 690.79
5 614.491
6 605.994
7 567.994
8 544.505
9 519.218
10 483.226
11 471.028
12 444.87
13 437.383
14 444.345
15 419.591
16 412.336
17 398.928
18 396.673
19 394.672
20 383.001
21 378.493
22 367.52
23 365.313
24 352.655
25 338.369
26 337.622
27 333.44
28 339.01
29 325.844
30 318.227
31 317.574
32 307.081
33 303.79
34 301.272
35 298.831
36 294.821
37 294.474
38 294.474
39 290.464
40 292.822
41 288.051
42 287.364
43 287.364
44 285.618
45 283.398
46 282.452
47 282.452
48 281.747
49 281.154
50 280.939
51 280.984
52 280.267
53 280.267
54 279.453
55 278.881
56 278.881
57 277.893
58 277.893
59 277.483
60 276.495
61 276.495
62 276.495
63 275.779
64 275.779
65 275.779
66 275.779
67 275.779
68 275.779
69 275.779
70 275.779
71 275.65
72 275.65
73 275.65
74 275.65
75 275.65
76 275.65
77 275.65
78 275.65
79 275.65
80 275.65
81 275.65
82 275.65
83 274.88
84 274.88
85 274.88
86 274.88
87 274.88
88 274.88
89 274.88
90 274.88
91 274.88
92 274.88
93 274.88
94 274.88
95 274.88
96 274.88
97 274.88
98 274.88
99 274.88
100 274.88
101 274.88
102 274.88
103 274.88
104 274.88
105 274.88
106 274.88
107 274.88
108 274.88
109 274.88
110 274.88
111 274.88
112 274.88
113 274.88
114 274.88
115 274.88
116 274.88
117 274.88
118 274.88
119 274.88
120 274.88
121 274.88
122 274.88
123 274.88
124 274.88
125 274.88
126 274.88
127 274.88
128 274.88
129 274.88
130 274.88
131 274.88
132 274.88
133 274.88
134 274.88
135 274.88
136 274.88
137 274.88
138 274.88
139 274.88
140 274.88
141 274.88
142 274.88
143 274.88
144 274.88
145 274.252
146 274.252
147 274.252
148 272.785
149 272.785
150 272.785
151 272.785
152 272.785
153 272.785
154 272.785
155 272.785
156 272.785
157 272.785
158 272.785
159 272.785
160 272.785
161 272.785
162 272.785
163 272.785
164 272.785
165 272.785
166 272.785
167 272.785
168 272.785
169 272.785
170 272.785
171 272.785
172 272.785
173 272.785
174 272.785
175 272.785
176 272.785
177 272.785
178 272.785
179 272.785
180 272.785
181 272.785
182 272.785
183 272.785
184 272.785
185 272.785
186 272.785
187 272.785
188 272.785
189 272.785
190 272.785
191 272.785
192 272.785
193 272.785
194 272.785
195 272.785
196 272.785
197 272.785
198 272.785
199 272.785
200 272.785
201 272.785
202 272.785
203 272.785
204 272.785
205 272.785
206 272.785
207 272.785
208 272.785
209 272.785
210 272.785
211 272.785
212 272.785
213 272.785
214 272.785
215 272.785
216 272.785
217 272.785
218 272.785
219 272.785
220 272.785
221 272.785
222 272.785
223 272.785
224 272.785
225 272.785
226 272.785
227 272.785
228 272.785
229 272.785
230 272.785
231 272.785
232 272.785
233 272.785
234 272.785
235 272.785
236 272.785
237 272.785
238 272.785
239 272.785
240 272.785
241 272.785
242 272.785
243 272.785
244 272.785
245 272.785
246 272.785
247 272.785
248 272.785
249 272.785
250 272.785
251 272.785
252 272.785
253 272.785
254 272.785
255 272.785
256 272.785
257 272.785
258 272.785
259 272.785
260 272.785
261 272.785
262 272.785
263 272.785
264 272.785
265 272.785
266 272.785
267 272.785
268 272.785
269 272.785
270 272.785
271 272.785
272 272.785
273 272.785
274 272.785
275 272.785
276 272.785
277 272.785
278 272.785
279 272.785
280 272.785
281 272.785
282 272.704
283 272.704
284 272.704
285 272.704
286 272.704
287 272.704
288 272.704
289 272.704
290 272.704
291 272.704
292 272.704
293 272.704
294 272.704
295 272.704
296 272.704
297 272.704
298 272.704
299 272.704
300 272.704
301 272.704
302 272.704
303 272.704
304 272.704
305 272.704
306 272.704
307 272.704
308 272.704
309 272.704
310 272.704
311 272.704
312 272.704
313 272.704
314 272.704
315 272.704
316 272.704
317 272.704
318 272.704
319 272.704
320 272.704
321 272.704
322 272.704
323 272.704
324 272.704
325 272.704
326 273.636
327 273.636
328 273.636
329 272.916
330 272.916
331 272.916
332 272.916
333 272.916
334 272.916
335 272.916
336 272.916
337 272.916
338 272.916
339 272.916
340 272.916
341 272.916
342 272.916
343 272.916
344 272.916
345 272.916
346 272.916
347 272.916
348 272.916
349 272.916
350 272.916
351 272.916
352 272.916
353 272.916
354 272.916
355 272.916
356 272.916
357 272.916
358 272.916
359 272.916
360 272.916
361 272.916
362 272.916
363 272.629
364 272.629
365 272.629
366 272.629
367 272.629
368 272.629
369 272.629
370 272.629
371 272.11
372 272.11
373 270.079
374 270.079
375 270.079
376 270.079
377 270.079
378 270.079
379 270.079
380 270.079
381 270.079
382 270.079
383 270.079
384 270.079
385 270.079
386 270.079
387 270.079
388 270.079
389 270.079
390 270.079
391 270.079
392 270.079
393 270.079
394 270.079
395 270.079
396 270.079
397 270.079
398 270.079
399 270.079
400 270.079
401 270.079
402 270.079
403 270.079
404 270.079
405 270.079
406 270.079
407 270.079
408 270.079
409 270.079
410 270.079
411 270.079
412 270.079
413 270.079
414 270.079
415 270.079
416 270.079
417 270.079
418 270.079
419 270.079
420 270.079
421 270.079
422 270.079
423 270.079
424 270.079
425 270.079
426 270.079
427 270.079
428 270.079
429 270.079
430 270.079
431 270.079
432 270.079
433 270.079
434 270.079
435 270.079
436 270.079
437 270.079
438 270.079
439 270.079
440 270.079
441 270.079
442 270.079
443 270.079
444 270.079
445 270.079
446 270.079
447 270.079
448 270.079
449 270.079
450 270.079
451 270.079
452 270.079
453 270.079
454 270.079
455 270.079
456 270.079
457 270.079
458 270.079
459 270.079
460 270.079
461 270.079
462 270.079
463 270.079
464 270.079
465 270.079
466 270.079
467 270.079
468 270.079
469 270.079
470 270.079
471 270.079
472 270.079
473 270.079
474 270.079
475 270.079
476 270.079
477 270.079
478 270.079
479 270.079
480 270.079
481 270.079
482 270.079
483 270.079
484 270.079
485 270.079
486 270.079
487 270.079
488 270.079
489 270.079
490 270.079
491 270.079
492 270.079
493 270.079
494 270.079
495 270.079
496 270.079
497 270.079
498 270.079
499 270.079
500 270.079
