1 878.652
2 773.614
3 691.942
4 661.728
5 629.093
6 591.741
7 570.909
8 537.785
9 511.641
10 480.359
11 465.54
12 449.349
13 438.423
14 412.176
15 419.752
16 395.307
17 386.164
18 381.808
19 373.704
20 367.266
21 357.135
22 355.437
23 348.503
24 345.86
25 342.184
26 337.006
27 327.335
28 323.468
29 324.771
30 318.489
31 317.381
32 310.95
33 310.95
34 305.522
35 302.914
36 300.501
37 293.549
38 292.685
39 292.368
40 292.368
41 287.99
42 287.99
43 286.425
44 286.425
45 285.606
46 285.705
47 284.886
48 284.886
49 284.32
50 280.749
51 280.749
52 280.475
53 280.475
54 276.679
55 275.316
56 274.751
57 274.751
58 274.751
59 274.751
60 275.239
61 275.239
62 275.239
63 275.239
64 275.239
65 275.239
66 275.239
67 275.239
68 275.239
69 275.239
70 275.239
71 275.239
72 275.239
73 275.239
74 275.239
75 275.29
76 275.29
77 275.29
78 275.29
79 275.29
80 275.29
81 275.29
82 275.29
83 275.29
84 275.29
85 275.29
86 275.29
87 275.29
88 275.29
89 275.29
90 275.29
91 275.29
92 275.29
93 275.29
94 275.29
95 275.29
96 275.29
97 275.29
98 275.29
99 275.29
100 275.29
101 275.29
102 275.29
103 275.29
104 274.649
105 274.649
106 274.649
107 274.649
108 274.649
109 274.649
110 274.649
111 274.649
112 274.649
113 274.128
114 274.128
115 274.128
116 274.128
117 274.128
118 274.128
119 272.604
120 272.604
121 272.604
122 272.604
123 272.604
124 272.604
125 272.604
126 272.604
127 272.604
128 272.604
129 272.604
130 272.604
131 272.604
132 272.604
133 272.604
134 272.604
135 272.604
136 272.604
137 272.604
138 269.549
139 269.549
140 269.549
141 269.549
142 269.549
143 269.549
144 269.549
145 269.549
146 269.549
147 269.549
148 269.549
149 269.549
150 269.549
151 269.549
152 269.549
153 269.549
154 269.549
155 269.549
156 269.549
157 269.549
158 269.549
159 269.549
160 269.549
161 269.549
162 269.549
163 269.549
164 269.549
165 269.549
166 269.549
167 269.549
168 269.549
169 269.549
170 269.549
171 269.549
172 269.549
173 269.549
174 269.549
175 269.549
176 269.549
177 269.549
178 269.549
179 269.549
180 269.549
181 269.549
182 269.549
183 269.549
184 269.549
185 269.549
186 269.549
187 269.549
188 269.549
189 269.549
190 269.549
191 269.549
192 269.549
193 269.549
194 269.549
195 269.549
196 269.549
197 269.549
198 269.549
199 269.549
200 269.549
201 269.549
202 269.549
203 269.549
204 269.549
205 269.549
206 269.549
207 269.549
208 269.549
209 269.549
210 269.549
211 269.549
212 269.549
213 269.549
214 269.549
215 269.549
216 269.549
217 269.549
218 269.549
219 269.549
220 269.549
221 269.549
222 269.549
223 269.549
224 269.549
225 269.549
226 269.549
227 269.549
228 269.549
229 269.549
230 269.549
231 269.549
232 269.549
233 269.549
234 269.549
235 269.549
236 269.549
237 269.549
238 269.549
239 269.549
240 269.549
241 269.549
242 269.549
243 269.549
244 269.549
245 269.549
246 269.549
247 269.549
248 269.549
249 269.549
250 269.549
251 269.549
252 269.549
253 269.549
254 269.549
255 269.549
256 269.549
257 269.549
258 269.549
259 269.549
260 269.549
261 269.549
262 269.549
263 269.549
264 269.549
265 269.549
266 269.549
267 269.549
268 269.549
269 269.549
270 269.549
271 269.549
272 269.549
273 269.549
274 269.549
275 269.549
276 269.549
277 269.549
278 269.549
279 269.549
280 269.549
281 269.549
282 269.549
283 269.549
284 269.549
285 269.549
286 269.549
287 269.549
288 269.549
289 269.549
290 269.549
291 269.549
292 269.549
293 269.549
294 269.549
295 269.549
296 269.549
297 269.549
298 269.549
299 269.549
300 269.549
301 269.549
302 269.549
303 269.549
304 269.549
305 269.549
306 269.549
307 269.549
308 269.549
309 269.549
310 269.549
311 269.549
312 269.549
313 269.549
314 269.549
315 269.549
316 269.549
317 269.549
318 269.549
319 269.549
320 269.549
321 269.549
322 269.549
323 269.549
324 269.549
325 269.549
326 269.549
327 269.549
328 269.549
329 269.549
330 269.549
331 269.549
332 269.549
333 269.549
334 269.549
335 269.549
336 269.549
337 269.549
338 269.549
339 269.549
340 269.549
341 269.549
342 269.549
343 269.549
344 269.549
345 269.549
346 269.549
347 269.549
348 269.549
349 269.549
350 269.549
351 269.549
352 269.549
353 269.549
354 269.549
355 269.549
356 269.549
357 269.549
358 269.549
359 269.549
360 269.549
361 269.549
362 269.549
363 269.549
364 269.549
365 269.549
366 269.549
367 269.549
368 269.549
369 269.549
370 269.549
371 269.549
372 269.549
373 269.549
374 269.549
375 269.549
376 269.549
377 269.549
378 269.549
379 269.549
380 269.549
381 269.549
382 269.549
383 269.549
384 269.549
385 269.549
386 269.549
387 269.549
388 269.549
389 269.549
390 269.549
391 269.549
392 269.549
393 269.549
394 269.549
395 269.549
396 269.549
397 269.549
398 269.549
399 269.549
400 269.549
401 269.549
402 269.549
403 269.549
404 269.549
405 269.549
406 269.549
407 269.549
408 269.549
409 269.549
410 269.549
411 269.549
412 269.549
413 269.549
414 269.549
415 269.549
416 269.549
417 269.549
418 269.549
419 269.549
420 269.549
421 269.549
422 269.549
423 269.549
424 269.549
425 269.549
426 269.549
427 269.549
428 269.549
429 269.549
430 269.549
431 269.549
432 269.549
433 269.549
434 269.549
435 269.549
436 269.549
437 269.549
438 269.549
439 269.549
440 269.549
441 269.549
442 269.549
443 269.549
444 269.549
445 269.549
446 269.549
447 269.549
448 269.549
449 269.549
450 269.549
451 269.549
452 269.549
453 269.549
454 269.549
455 269.549
456 269.549
457 269.549
458 269.549
459 269.549
460 269.549
461 269.549
462 269.549
463 269.549
464 269.549
465 269.549
466 269.549
467 269.549
468 269.549
469 269.549
470 269.549
471 269.549
472 269.549
473 269.549
474 269.549
475 269.549
476 269.549
477 269.549
478 269.549
479 269.549
480 269.549
481 269.549
482 269.549
483 269.549
484 269.549
485 269.549
486 269.549
487 269.549
488 269.549
489 269.549
490 269.549
491 269.549
492 269.549
493 269.549
494 269.549
495 269.549
496 269.549
497 269.549
498 269.549
499 269.549
500 269.549
