1 25.2716
2 24.9153
3 23.4535
4 22.534
5 21.7319
6 20.0351
7 19.0364
8 18.4134
9 17.9704
10 16.8473
11 16.8473
12 16.8366
13 16.0608
14 15.7388
15 15.6905
16 15.365
17 15.4984
18 15.3998
19 15.0782
20 14.7083
21 14.7083
22 13.8266
23 13.8266
24 14.1911
25 14.2127
26 13.7891
27 13.3416
28 13.1071
29 13.0665
30 12.1996
31 12.1996
32 12.1996
33 11.9824
34 11.9824
35 11.8413
36 11.4183
37 11.8019
38 11.8019
39 11.7693
40 11.7693
41 11.7693
42 11.7896
43 11.4348
44 11.4146
45 11.2554
46 11.2615
47 11.1753
48 11.1753
49 11.1753
50 11.1265
51 11.1265
52 11.1753
53 11.1753
54 11.1102
55 11.1102
56 11.1102
57 10.9552
58 10.9552
59 10.9552
60 10.8276
61 10.8276
62 10.2421
63 10.2421
64 10.2421
65 10.2421
66 10.1659
67 10.1659
68 10.2421
69 10.2421
70 10.2421
71 10.2421
72 10.3482
73 10.3482
74 10.1051
75 10.1769
76 10.1051
77 10.1051
78 10.1051
79 10.1051
80 10.1769
81 10.1769
82 10.1769
83 10.1051
84 10.029
85 10.1051
86 10.1769
87 10.1008
88 10.1007
89 10.1008
90 10.1008
91 10.1008
92 9.9016
93 9.9016
94 9.9016
95 9.89048
96 9.89048
97 9.89048
98 9.27222
99 9.27222
100 9.34403
101 9.34403
102 9.34403
103 9.34403
104 9.34403
105 9.34403
106 9.34403
107 9.34403
108 9.34403
109 9.34403
110 9.34403
111 9.34403
112 9.34403
113 9.34403
114 9.34403
115 9.34403
116 9.34403
117 9.34403
118 9.34403
119 9.34403
120 9.34403
121 9.34403
122 9.34403
123 9.34403
124 9.34403
125 9.34403
126 9.34403
127 9.34403
128 9.34403
129 9.34403
130 9.34403
131 9.34403
132 9.05405
133 9.05405
134 9.05405
135 9.34403
136 9.34403
137 9.34403
138 9.34403
139 9.34403
140 9.34403
141 9.34403
142 9.34403
143 9.34403
144 9.34403
145 9.34403
146 9.34403
147 9.34403
148 9.34403
149 9.34403
150 9.34403
151 9.34403
152 9.34403
153 9.34403
154 9.34403
155 9.34403
156 9.34403
157 9.34403
158 9.34403
159 9.34403
160 9.34403
161 9.34403
162 9.34403
163 9.34403
164 9.34403
165 9.34403
166 9.34403
167 9.34403
168 9.34403
169 9.34403
170 9.34403
171 9.34403
172 9.34403
173 9.34403
174 9.34403
175 9.34403
176 9.34403
177 9.34403
178 9.34403
179 9.34403
180 9.34403
181 9.34403
182 9.05405
183 9.34403
184 9.34403
185 9.34403
186 9.34403
187 9.34403
188 9.35029
189 9.34403
190 9.34403
191 9.34403
192 9.34403
193 9.34403
194 9.34403
195 9.34403
196 9.34403
197 9.34403
198 9.34403
199 9.34403
200 9.34403
201 9.34403
202 9.34403
203 9.34403
204 9.34403
205 9.34403
206 9.34403
207 9.34403
208 9.34403
209 9.34403
210 9.34403
211 9.34403
212 9.34403
213 9.34403
214 9.34403
215 9.34403
216 9.34403
217 9.34403
218 9.34403
219 9.34403
220 9.34403
221 9.34403
222 9.34403
223 9.34403
224 9.34403
225 9.34403
226 9.34403
227 9.34403
228 9.34403
229 9.34403
230 9.34403
231 9.34403
232 9.34403
233 9.34403
234 9.34403
235 9.34403
236 9.34403
237 9.34403
238 9.34403
239 9.34403
240 9.34403
241 9.34403
242 9.34403
243 9.34403
244 9.34403
245 9.34403
246 9.34403
247 9.34403
248 9.34403
249 9.34403
250 9.34403
251 9.34403
252 9.34403
253 9.34403
254 9.34403
255 9.34403
256 9.34403
257 9.34403
258 9.34403
259 9.34403
260 9.34403
261 9.34403
262 9.34403
263 9.34403
264 9.34403
265 9.34403
266 9.34403
267 9.34403
268 9.34403
269 9.34403
270 9.34403
271 9.34403
272 9.34403
273 9.34403
274 9.34403
275 9.34403
276 9.34403
277 9.34403
278 9.34403
279 9.34403
280 9.34403
281 9.34403
282 9.05405
283 9.05405
284 9.05405
285 9.05405
286 9.35431
287 9.35431
288 9.21839
289 9.21839
290 9.21839
291 9.21839
292 9.21839
293 9.21839
294 9.21839
295 9.21839
296 9.05405
297 9.21839
298 9.21839
299 9.21839
300 9.21839
301 9.21839
302 9.21839
303 9.21839
304 9.21839
305 9.21839
306 9.21839
307 9.21839
308 9.21839
309 9.21839
310 9.21839
311 9.21839
312 9.21839
313 9.21839
314 9.21839
315 9.21839
316 9.21839
317 9.21839
318 9.21839
319 9.21839
320 9.21839
321 9.21839
322 9.21839
323 9.21839
324 9.21839
325 9.21839
326 9.21839
327 9.21839
328 9.21839
329 9.21839
330 9.21839
331 9.21839
332 9.05405
333 9.21839
334 9.21839
335 9.21839
336 9.21839
337 9.21839
338 9.21839
339 9.21839
340 9.21839
341 9.21839
342 9.21839
343 9.21839
344 9.21839
345 9.21839
346 9.05405
347 9.21839
348 9.05405
349 9.21839
350 9.21839
351 9.21839
352 9.05405
353 9.05405
354 9.05405
355 9.05405
356 9.05405
357 9.05405
358 9.05405
359 9.05405
360 9.05405
361 9.05405
362 9.05405
363 9.05405
364 9.05405
365 9.05405
366 9.05405
367 9.05405
368 9.05405
369 9.05405
370 9.05405
371 9.05405
372 9.05405
373 9.05405
374 9.05405
375 9.05405
376 9.05405
377 9.05405
378 9.05405
379 9.05405
380 9.05405
381 9.05405
382 9.05405
383 9.05405
384 9.05405
385 9.05405
386 9.05405
387 9.05405
388 9.05405
389 9.05405
390 9.05405
391 9.05405
392 9.05405
393 9.05405
394 9.05405
395 9.05405
396 9.05405
397 9.05405
398 9.05405
399 9.05405
400 9.05405
401 9.05405
402 9.05405
403 9.05405
404 9.05405
405 9.05405
406 9.05405
407 9.05405
408 9.05405
409 9.05405
410 9.05405
411 9.05405
412 9.05405
413 9.05405
414 9.05405
415 9.05405
416 9.05405
417 9.05405
418 9.05405
419 9.05405
420 9.05405
421 9.05405
422 9.05405
423 9.05405
424 9.05405
425 9.05405
426 9.05405
427 9.05405
428 9.05405
429 9.05405
430 9.05405
431 9.05405
432 9.05405
433 9.05405
434 9.05405
435 9.05405
436 9.05405
437 9.05405
438 9.05405
439 9.05405
440 9.05405
441 9.05405
442 9.05405
443 9.05405
444 9.05405
445 9.05405
446 9.05405
447 9.05405
448 9.05405
449 9.05405
450 9.05405
451 9.05405
452 9.05405
453 9.05405
454 9.05405
455 9.05405
456 9.05405
457 9.05405
458 9.05405
459 9.05405
460 9.05405
461 9.05405
462 9.05405
463 9.05405
464 9.05405
465 9.05405
466 9.05405
467 9.05405
468 9.05405
469 9.05405
470 9.05405
471 9.05405
472 9.05405
473 9.05405
474 9.05405
475 9.05405
476 9.05405
477 9.05405
478 9.05405
479 9.05405
480 9.05405
481 9.05405
482 9.05405
483 9.05405
484 9.05405
485 9.05405
486 9.05405
487 9.05405
488 9.05405
489 9.05405
490 9.05405
491 9.05405
492 9.05405
493 9.05405
494 9.05405
495 9.05405
496 9.05405
497 9.05405
498 9.05405
499 9.05405
500 9.05405
