1 1050.94
2 896.558
3 810.538
4 752.166
5 708.473
6 666.797
7 626.017
8 593.664
9 569.236
10 547.512
11 526.917
12 509.724
13 495.001
14 481.272
15 467.153
16 456.807
17 445.507
18 432.001
19 420.058
20 409.227
21 402.517
22 395.694
23 387.026
24 378.969
25 372.152
26 366.05
27 362.612
28 359.922
29 356.355
30 351.578
31 346.683
32 337.617
33 331.177
34 327.013
35 323.803
36 320.453
37 318.301
38 316.069
39 312.014
40 311.518
41 311.527
42 306.514
43 303.725
44 301.68
45 301.928
46 301.9
47 301.785
48 299.021
49 298.301
50 296.772
51 296.192
52 295.697
53 292.883
54 290.17
55 291.676
56 290.333
57 293.649
58 294.319
59 291.72
60 290.19
61 290.24
62 290.586
63 289.689
64 289.244
65 289.429
66 291.536
67 293.115
68 290.035
69 289.142
70 289.116
71 288.694
72 289.997
73 289.8
74 290.091
75 290.093
76 289.453
77 289.9
78 290.228
79 289.802
80 289.734
81 289.296
82 289.671
83 289.356
84 288.686
85 289.483
86 289.538
87 289.317
88 289.435
89 289.027
90 289.983
91 290.428
92 290.315
93 288.735
94 290.739
95 289.161
96 289.392
97 289.852
98 289.354
99 289.235
100 289.567
101 289.831
102 290.02
103 289.175
104 289.057
105 289.291
106 291.062
107 290.152
108 289.944
109 289.485
110 288.973
111 289.692
112 289.227
113 288.927
114 289.462
115 289
116 290.566
117 290.748
118 290.09
119 289.356
120 288.805
121 289.724
122 289.786
123 289.812
124 289.004
125 289.377
126 289.251
127 288.361
128 289.488
129 288.541
130 289.275
131 289.312
132 289.585
133 288.577
134 287.037
135 287.413
136 287.724
137 287.348
138 288.067
139 289.72
140 289.468
141 288.27
142 288.758
143 287.411
144 286.994
145 287.143
146 287.385
147 287.264
148 286.528
149 287.431
150 287.159
151 287.52
152 288.768
153 287.229
154 286.797
155 287.208
156 288.108
157 287.131
158 285.934
159 285.913
160 286.383
161 286.488
162 287.186
163 287.481
164 288.273
165 288.497
166 287.029
167 286.871
168 286.876
169 286.813
170 288.797
171 288.044
172 287.637
173 288.361
174 289.124
175 288.086
176 287.115
177 286.777
178 286.697
179 287.373
180 287.395
181 286.689
182 288.26
183 288.28
184 287.84
185 288.788
186 286.614
187 288.127
188 287.852
189 287.275
190 287.123
191 287.19
192 287.169
193 287.196
194 287.658
195 287.538
196 287.253
197 286.443
198 285.983
199 288.483
200 286.977
201 288.528
202 286.981
203 287.267
204 287.569
205 286.308
206 287.661
207 286.755
208 287.24
209 287.008
210 286.56
211 286.141
212 287.226
213 287.032
214 286.92
215 287.04
216 287.348
217 287.311
218 286.702
219 286.731
220 287.02
221 288.623
222 288.249
223 288.211
224 286.473
225 287.69
226 287.765
227 287.411
228 286.702
229 286.343
230 286.73
231 287.729
232 287.055
233 288.223
234 287.561
235 286.639
236 288.052
237 288.19
238 287.036
239 286.244
240 287.147
241 288.753
242 286.041
243 286.827
244 286.512
245 287.223
246 287.245
247 287.352
248 288.417
249 287.478
250 287.013
251 286.307
252 285.742
253 285.013
254 286.271
255 286.557
256 286.961
257 287.08
258 287.198
259 286.989
260 287.427
261 286.643
262 286.44
263 287.329
264 285.102
265 286.076
266 286.743
267 286.862
268 286.486
269 286.62
270 285.455
271 287.42
272 286.648
273 287.303
274 285.511
275 286.315
276 286.953
277 286.514
278 287.18
279 287.075
280 286.622
281 286.178
282 285.657
283 286.952
284 285.83
285 285.512
286 287.155
287 286.817
288 286.038
289 287.234
290 287.588
291 286.757
292 284.562
293 286.803
294 286.036
295 286.584
296 285.714
297 286.377
298 287.106
299 285.872
300 287.098
301 287.162
302 286.756
303 286.492
304 286.209
305 285.968
306 286.331
307 286.536
308 286.454
309 286.491
310 286.26
311 286.926
312 288.056
313 286.652
314 286.515
315 285.577
316 287.081
317 287.187
318 286.512
319 288.21
320 287.836
321 287
322 288.615
323 285.499
324 285.884
325 286.584
326 285.559
327 286.041
328 285.204
329 287.066
330 286.988
331 286.35
332 288.255
333 286.907
334 286.818
335 286.812
336 287.257
337 286.471
338 286.131
339 285.89
340 286.366
341 286.637
342 285.299
343 285.222
344 286.917
345 286.322
346 286.663
347 284.823
348 285.581
349 285.753
350 286.841
351 285.799
352 287.695
353 287.776
354 287.256
355 287.224
356 286.333
357 286.18
358 286.834
359 286.061
360 286.274
361 287.154
362 286.084
363 287.421
364 286.109
365 285.241
366 286.013
367 286.939
368 284.649
369 286.17
370 286.854
371 286.658
372 286.509
373 286.095
374 285.479
375 287.404
376 287.699
377 287.441
378 285.804
379 285.417
380 286.769
381 286.163
382 285.951
383 287.181
384 286.597
385 285.756
386 286.216
387 285.962
388 286.492
389 285.141
390 285.806
391 286.776
392 285.167
393 285.704
394 286.701
395 286.564
396 286.548
397 286.959
398 284.446
399 284.351
400 286.604
401 286.071
402 286.494
403 287.337
404 285.579
405 286.174
406 286.526
407 286.926
408 287.043
409 286.064
410 285.983
411 286.133
412 285.433
413 285.85
414 288.18
415 286.319
416 285.963
417 284.605
418 286.772
419 285.909
420 285.461
421 286.014
422 287.074
423 286.863
424 286.641
425 285.791
426 286.206
427 285.819
428 286.464
429 286.372
430 286.412
431 286.066
432 285.998
433 287.216
434 285.423
435 287.23
436 286.815
437 286.022
438 285.836
439 287.1
440 286.329
441 286.379
442 285.626
443 286.117
444 286.447
445 286.942
446 287.514
447 286.073
448 287.394
449 287.301
450 285.744
451 287.354
452 287.154
453 286.266
454 286.549
455 287.566
456 285.452
457 286.455
458 286.391
459 286.19
460 285.902
461 287.735
462 286.107
463 286.056
464 286.994
465 285.528
466 286.631
467 287.372
468 285.917
469 286.442
470 286.607
471 284.677
472 285.83
473 286.113
474 286.437
475 286.664
476 285.696
477 286.485
478 286.873
479 286.975
480 285.829
481 286.45
482 286.221
483 285.774
484 287.534
485 285.93
486 286.984
487 286.289
488 285.952
489 285.571
490 286.523
491 287.749
492 286.867
493 286.689
494 286.495
495 286.012
496 285.841
497 288.675
498 286
499 286.826
500 286.451
