1 878.652
2 773.614
3 691.942
4 661.728
5 629.093
6 591.741
7 570.909
8 537.785
9 511.641
10 480.359
11 480.359
12 465.54
13 449.349
14 438.423
15 419.948
16 397.349
17 398.454
18 379.218
19 379.312
20 366.994
21 366.994
22 356.87
23 355.985
24 356.285
25 344.969
26 340.678
27 339.273
28 333.772
29 328.536
30 318.358
31 318.358
32 316.538
33 314.032
34 310.025
35 308.079
36 305.804
37 304.758
38 303.624
39 302.332
40 297.174
41 297.174
42 295.653
43 292.767
44 290.104
45 289.24
46 288.21
47 285.808
48 284.683
49 284.728
50 284.728
51 284.728
52 285.74
53 285.849
54 283.189
55 283.189
56 282.379
57 282.379
58 282.476
59 282.476
60 282.559
61 282.559
62 282.559
63 282.559
64 280.621
65 280.621
66 280.621
67 280.621
68 280.621
69 280.621
70 280.621
71 280.621
72 280.621
73 280.621
74 280.621
75 280.621
76 280.621
77 280.621
78 280.621
79 280.621
80 280.621
81 280.621
82 280.621
83 280.621
84 280.621
85 279.725
86 279.725
87 279.725
88 279.725
89 279.725
90 279.725
91 279.725
92 279.725
93 279.725
94 279.725
95 279.725
96 279.725
97 279.725
98 279.725
99 279.725
100 279.725
101 279.725
102 279.725
103 278.611
104 278.611
105 278.611
106 278.611
107 278.611
108 278.611
109 278.611
110 278.611
111 278.611
112 269.613
113 269.613
114 268.416
115 268.416
116 268.416
117 268.416
118 268.416
119 268.416
120 268.416
121 268.416
122 268.416
123 268.416
124 268.416
125 268.416
126 268.416
127 268.416
128 268.416
129 268.416
130 268.416
131 268.416
132 268.416
133 268.416
134 268.416
135 268.416
136 268.416
137 268.416
138 268.416
139 268.416
140 268.416
141 268.416
142 268.416
143 268.416
144 268.416
145 268.416
146 268.416
147 268.416
148 268.416
149 268.416
150 268.416
151 268.416
152 268.416
153 268.416
154 268.416
155 268.416
156 268.416
157 268.416
158 268.416
159 268.416
160 268.416
161 268.416
162 268.416
163 268.416
164 268.416
165 268.416
166 268.416
167 268.416
168 268.416
169 268.416
170 268.416
171 268.416
172 268.416
173 268.416
174 268.416
175 268.416
176 268.416
177 268.416
178 268.416
179 268.416
180 268.416
181 268.416
182 268.416
183 268.416
184 268.416
185 268.416
186 268.416
187 268.416
188 268.416
189 268.416
190 268.416
191 268.416
192 268.416
193 268.416
194 268.416
195 268.416
196 268.416
197 268.416
198 268.416
199 268.416
200 268.416
201 268.416
202 268.416
203 268.416
204 268.416
205 268.416
206 268.416
207 268.416
208 268.416
209 268.416
210 268.416
211 268.416
212 268.416
213 268.416
214 268.416
215 268.416
216 268.416
217 268.416
218 268.416
219 268.416
220 268.416
221 268.416
222 268.416
223 268.416
224 268.416
225 268.416
226 268.416
227 268.416
228 268.416
229 268.416
230 268.416
231 268.416
232 268.416
233 268.416
234 268.416
235 268.416
236 268.416
237 268.416
238 268.416
239 268.416
240 268.416
241 268.416
242 268.416
243 268.416
244 268.416
245 268.416
246 268.416
247 268.416
248 268.416
249 268.416
250 268.416
251 268.416
252 268.416
253 268.416
254 268.416
255 268.416
256 268.416
257 268.416
258 268.416
259 268.416
260 268.416
261 268.416
262 268.416
263 268.416
264 268.416
265 268.416
266 268.416
267 268.416
268 268.416
269 268.416
270 268.416
271 268.416
272 268.416
273 268.416
274 268.416
275 268.416
276 268.416
277 268.416
278 268.416
279 268.416
280 268.416
281 268.416
282 268.416
283 268.416
284 268.416
285 268.416
286 268.416
287 268.416
288 268.416
289 268.416
290 268.416
291 268.416
292 268.416
293 268.416
294 268.416
295 268.416
296 268.416
297 268.416
298 268.416
299 268.416
300 268.416
301 268.416
302 268.416
303 268.416
304 268.416
305 268.416
306 268.416
307 268.416
308 268.416
309 268.416
310 268.416
311 268.416
312 268.416
313 268.416
314 268.416
315 268.416
316 268.416
317 268.416
318 268.416
319 268.416
320 268.416
321 268.416
322 268.416
323 268.416
324 268.416
325 268.416
326 268.416
327 268.416
328 268.416
329 268.416
330 268.416
331 268.416
332 268.416
333 268.416
334 268.416
335 268.416
336 268.416
337 268.416
338 268.416
339 268.416
340 268.416
341 268.416
342 268.416
343 268.416
344 268.416
345 268.416
346 268.416
347 268.416
348 268.416
349 268.416
350 268.416
351 268.416
352 268.416
353 268.416
354 268.416
355 268.416
356 268.416
357 268.416
358 268.416
359 268.416
360 268.416
361 268.416
362 268.416
363 268.416
364 268.416
365 268.416
366 268.416
367 268.416
368 268.416
369 268.416
370 268.416
371 268.416
372 268.416
373 268.416
374 268.416
375 268.416
376 268.416
377 268.416
378 268.416
379 268.416
380 268.416
381 268.416
382 268.416
383 268.416
384 268.416
385 268.416
386 268.416
387 268.416
388 268.416
389 268.416
390 268.416
391 268.416
392 268.416
393 268.416
394 268.416
395 268.416
396 268.416
397 268.416
398 268.416
399 268.416
400 268.416
401 268.416
402 268.416
403 268.416
404 268.416
405 268.416
406 268.416
407 268.416
408 268.416
409 268.416
410 268.416
411 268.416
412 268.416
413 268.416
414 268.416
415 268.416
416 268.416
417 268.416
418 268.416
419 268.416
420 268.416
421 268.416
422 268.416
423 268.416
424 268.416
425 268.416
426 268.416
427 268.416
428 268.416
429 268.416
430 268.416
431 268.416
432 268.416
433 268.416
434 268.416
435 268.416
436 268.416
437 268.416
438 268.416
439 268.416
440 268.416
441 268.416
442 268.416
443 268.416
444 268.416
445 268.416
446 268.416
447 268.416
448 268.416
449 268.416
450 268.416
451 268.416
452 268.416
453 268.416
454 268.416
455 268.416
456 268.416
457 268.416
458 268.416
459 268.416
460 268.416
461 268.416
462 268.416
463 268.416
464 268.416
465 268.416
466 268.416
467 268.416
468 268.416
469 268.416
470 268.416
471 268.416
472 268.416
473 268.416
474 268.416
475 268.416
476 268.416
477 268.416
478 268.416
479 268.416
480 268.416
481 268.416
482 268.416
483 268.416
484 268.416
485 268.416
486 268.416
487 268.416
488 268.416
489 268.416
490 268.416
491 268.416
492 268.416
493 268.416
494 268.416
495 268.416
496 268.416
497 268.416
498 268.416
499 268.416
500 268.416
