1 1050.94
2 900.831
3 828.446
4 778.354
5 721.072
6 664.176
7 625.467
8 584.789
9 545.952
10 513.474
11 491.727
12 474.987
13 462.63
14 449.852
15 436.567
16 424.988
17 409.308
18 390.192
19 380.352
20 372.852
21 367.729
22 362.571
23 358.166
24 352.139
25 346.108
26 340.685
27 335.536
28 331.164
29 327.367
30 325.82
31 322.138
32 314.784
33 310.591
34 308.021
35 306.825
36 304.215
37 303.872
38 300.309
39 299.505
40 299.114
41 296.196
42 294.183
43 292.648
44 292.032
45 292.681
46 292.743
47 289.985
48 290.035
49 287.772
50 286.649
51 287.494
52 287.2
53 284.601
54 283.569
55 282.851
56 283.318
57 282.463
58 283.698
59 281.534
60 281.56
61 280.532
62 281.078
63 281.68
64 281.452
65 281.231
66 283.641
67 283.127
68 281.924
69 282.811
70 281.525
71 282.435
72 281.361
73 281.647
74 281.668
75 281.803
76 281.907
77 282.515
78 281.726
79 282.843
80 281.916
81 283.006
82 281.628
83 280.963
84 281.53
85 282.242
86 282.872
87 282.414
88 281.256
89 281.891
90 282.884
91 282.007
92 282.764
93 281.997
94 282.079
95 282.303
96 283.011
97 283.556
98 284.136
99 282.908
100 282.187
101 281.764
102 281.959
103 280.699
104 283.358
105 283.964
106 281.862
107 281.627
108 281.422
109 281.659
110 280.985
111 281.288
112 278.643
113 279.84
114 279.682
115 279.792
116 284.65
117 285.621
118 282.149
119 279.778
120 279.517
121 279.1
122 279.922
123 280.014
124 278.724
125 279.629
126 279.054
127 278.582
128 279.915
129 280.149
130 279.059
131 279.686
132 280.638
133 278.993
134 280.388
135 280.515
136 281.536
137 280.072
138 281.133
139 280.497
140 279.058
141 279.864
142 279.474
143 280.039
144 279.874
145 280.003
146 279.638
147 279.123
148 279.321
149 279.524
150 280.064
151 278.897
152 279.894
153 280.366
154 279.658
155 279.906
156 282.037
157 280.564
158 281.185
159 280.61
160 279.265
161 280.309
162 278.954
163 281.161
164 280.362
165 280.901
166 278.556
167 278.516
168 279.064
169 280.884
170 279.744
171 280.381
172 281.212
173 281.617
174 280.51
175 280.997
176 279.99
177 279.163
178 280.396
179 279.523
180 279.453
181 279.953
182 279.104
183 280.103
184 279.799
185 279.954
186 280.596
187 278.892
188 280.182
189 280.126
190 279.921
191 278.725
192 279.309
193 280.424
194 280.087
195 279.941
196 280.568
197 281.035
198 279.834
199 279.671
200 279.503
201 280.277
202 279.71
203 280.33
204 280.726
205 279.964
206 279.942
207 279.48
208 279.009
209 278.795
210 279.879
211 280.621
212 280.434
213 280.929
214 279.788
215 280.088
216 279.393
217 279.951
218 280.25
219 279.955
220 280.554
221 281.024
222 279.729
223 279.661
224 279.9
225 280.332
226 279.486
227 279.698
228 278.543
229 280.17
230 281.606
231 280.112
232 279.351
233 279.716
234 279.43
235 279.447
236 278.898
237 280.046
238 281.153
239 280.397
240 280.49
241 279.777
242 279.249
243 278.629
244 279.464
245 279.579
246 280.148
247 278.886
248 279.678
249 279.142
250 279.897
251 280.267
252 280.723
253 279.593
254 279.207
255 280.192
256 279.869
257 279.734
258 279.931
259 279.119
260 280.959
261 280.072
262 280.286
263 279.815
264 279.499
265 278.352
266 279.647
267 280.762
268 280.18
269 279.874
270 279.913
271 280.397
272 279.003
273 279.744
274 280.17
275 279.818
276 280.884
277 281.082
278 279.393
279 279.796
280 281.01
281 280.694
282 279.542
283 279.26
284 281.49
285 279.333
286 278.595
287 279.614
288 279.561
289 280.211
290 280.692
291 279.231
292 279.197
293 279.711
294 277.927
295 280.058
296 280.56
297 280.073
298 279.076
299 279.614
300 279.447
301 278.87
302 279.975
303 280.238
304 279.556
305 279.963
306 280.356
307 279.081
308 280.431
309 280.433
310 279.58
311 279.753
312 280.469
313 279.896
314 279.387
315 281.264
316 280.175
317 279.656
318 279.56
319 279.55
320 278.913
321 280.095
322 281.274
323 280.074
324 281.026
325 281.328
326 279.241
327 279.449
328 280.671
329 280.021
330 280.621
331 279.691
332 279.678
333 280.406
334 280.897
335 280.267
336 279.352
337 280.097
338 281.318
339 281.834
340 280.213
341 280.336
342 279.108
343 279.555
344 279.278
345 279.795
346 280.816
347 279.474
348 279.867
349 280.997
350 278.889
351 280.276
352 280.084
353 280.796
354 279.283
355 279.786
356 278.643
357 280.226
358 280.522
359 279.91
360 280.385
361 278.962
362 278.596
363 279.371
364 279.375
365 280.323
366 279.454
367 279.36
368 279.26
369 279.025
370 279.051
371 280.493
372 280.176
373 279.412
374 279.325
375 279.778
376 280.417
377 279.673
378 278.574
379 279.14
380 279.593
381 279.613
382 280.272
383 280.044
384 279.345
385 278.699
386 279.543
387 279.808
388 280.448
389 279.908
390 281.013
391 280.816
392 280.976
393 281.062
394 280.454
395 279.538
396 279.474
397 279.312
398 278.491
399 279.007
400 279.498
401 279.854
402 280.09
403 279.045
404 280.56
405 280.729
406 279.986
407 279.98
408 280.333
409 279.525
410 280.209
411 280.892
412 279.409
413 279.382
414 279.288
415 280.971
416 280.066
417 279.648
418 279.55
419 280.005
420 280.353
421 281.067
422 279.044
423 280.417
424 280.282
425 280.339
426 280.916
427 279.872
428 280.212
429 281.04
430 280.173
431 280.574
432 279.957
433 279.609
434 279.224
435 279.474
436 279.453
437 279.379
438 279.675
439 279.344
440 279.217
441 279.796
442 280.776
443 279.06
444 279.278
445 279.408
446 278.849
447 280.853
448 281.447
449 280.599
450 279.865
451 279.987
452 279.858
453 279.709
454 279.955
455 279.853
456 279.612
457 280.256
458 279.551
459 278.834
460 279.829
461 279.215
462 280.258
463 279.53
464 279.613
465 281.459
466 279.346
467 280.289
468 280.406
469 279.925
470 280.276
471 280.558
472 279.546
473 278.529
474 280.009
475 279.18
476 279.084
477 278.809
478 279.832
479 280.466
480 280.752
481 279.15
482 278.671
483 278.717
484 281.169
485 279.939
486 279.974
487 279.764
488 280.027
489 278.153
490 280.492
491 279.631
492 280.318
493 279.953
494 279.726
495 279.839
496 278.477
497 280.3
498 280.062
499 279.572
500 280.179
