1 25.2716
2 22.4535
3 21.337
4 20.5648
5 20.1178
6 18.8278
7 18.3616
8 17.4941
9 17.3086
10 16.8646
11 16.8646
12 16.8366
13 16.1652
14 15.297
15 14.7734
16 14.5213
17 14.1306
18 13.9161
19 13.8734
20 13.8055
21 13.8055
22 12.8366
23 12.8366
24 12.8813
25 12.6485
26 12.5342
27 12.5311
28 12.4815
29 12.3118
30 12.0851
31 12.0851
32 11.1481
33 11.1481
34 11.1481
35 11.1218
36 10.9289
37 10.9289
38 10.8474
39 10.8474
40 10.7713
41 10.7713
42 10.8211
43 10.7713
44 10.6825
45 10.0513
46 10.0513
47 10.0513
48 10.0994
49 10.0994
50 10.0327
51 10.0327
52 9.96252
53 9.93979
54 9.93979
55 9.83245
56 9.83245
57 9.83245
58 9.83094
59 9.83094
60 9.83094
61 9.83094
62 9.83094
63 9.83094
64 9.83094
65 9.83094
66 9.83094
67 9.83094
68 9.83094
69 9.83094
70 9.83094
71 9.83094
72 9.83094
73 9.83094
74 9.83094
75 9.83094
76 9.83094
77 9.83094
78 9.83094
79 9.83094
80 9.83094
81 9.83094
82 9.34403
83 9.83094
84 9.70249
85 9.83094
86 9.83094
87 9.83094
88 9.83094
89 9.83094
90 9.83094
91 9.83094
92 9.83094
93 9.83094
94 9.83094
95 9.83094
96 9.83094
97 9.83094
98 9.83094
99 9.83094
100 9.83094
101 9.83094
102 9.83094
103 9.83094
104 9.83094
105 9.83094
106 9.83094
107 9.83094
108 9.83094
109 9.70249
110 9.70249
111 9.70249
112 9.34403
113 9.70249
114 9.70249
115 9.70249
116 9.70249
117 9.70249
118 9.70249
119 9.70249
120 9.70249
121 9.70249
122 9.05405
123 9.05405
124 9.05405
125 9.05405
126 9.05405
127 9.05405
128 9.05405
129 9.05405
130 9.05405
131 9.05405
132 9.05405
133 9.05405
134 9.05405
135 9.05405
136 9.05405
137 9.05405
138 9.05405
139 9.05405
140 9.05405
141 9.05405
142 9.05405
143 9.05405
144 9.05405
145 9.05405
146 9.05405
147 9.05405
148 9.05405
149 9.05405
150 9.05405
151 9.05405
152 9.05405
153 9.05405
154 9.05405
155 9.05405
156 9.05405
157 9.05405
158 9.05405
159 9.05405
160 9.05405
161 9.05405
162 9.05405
163 9.05405
164 9.05405
165 9.05405
166 9.05405
167 9.05405
168 9.05405
169 9.05405
170 9.05405
171 9.05405
172 9.05405
173 9.05405
174 9.05405
175 9.05405
176 9.05405
177 9.05405
178 9.05405
179 9.05405
180 9.05405
181 9.05405
182 9.05405
183 9.05405
184 9.05405
185 9.05405
186 9.05405
187 9.05405
188 9.05405
189 9.05405
190 9.05405
191 9.05405
192 9.05405
193 9.05405
194 9.05405
195 9.05405
196 9.05405
197 9.05405
198 9.05405
199 9.05405
200 9.05405
201 9.05405
202 9.05405
203 9.05405
204 9.05405
205 9.05405
206 9.05405
207 9.05405
208 9.05405
209 9.05405
210 9.05405
211 9.05405
212 9.05405
213 9.05405
214 9.05405
215 9.05405
216 9.05405
217 9.05405
218 9.05405
219 9.05405
220 9.05405
221 9.05405
222 9.05405
223 9.05405
224 9.05405
225 9.05405
226 9.05405
227 9.05405
228 9.05405
229 9.05405
230 9.05405
231 9.05405
232 9.05405
233 9.05405
234 9.05405
235 9.05405
236 9.05405
237 9.05405
238 9.05405
239 9.05405
240 9.05405
241 9.05405
242 9.05405
243 9.05405
244 9.05405
245 9.05405
246 9.05405
247 9.05405
248 9.05405
249 9.05405
250 9.05405
251 9.05405
252 9.05405
253 9.05405
254 9.05405
255 9.05405
256 9.05405
257 9.05405
258 9.05405
259 9.05405
260 9.05405
261 9.05405
262 9.05405
263 9.05405
264 9.05405
265 9.05405
266 9.05405
267 9.05405
268 9.05405
269 9.05405
270 9.05405
271 9.05405
272 9.05405
273 9.05405
274 9.05405
275 9.05405
276 9.05405
277 9.05405
278 9.05405
279 9.05405
280 9.05405
281 9.05405
282 9.05405
283 9.05405
284 9.05405
285 9.05405
286 9.05405
287 9.05405
288 9.05405
289 9.05405
290 9.05405
291 9.05405
292 9.05405
293 9.05405
294 9.05405
295 9.05405
296 9.05405
297 9.05405
298 9.05405
299 9.05405
300 9.05405
301 9.05405
302 9.05405
303 9.05405
304 9.05405
305 9.05405
306 9.05405
307 9.05405
308 9.05405
309 9.05405
310 9.05405
311 9.05405
312 9.05405
313 9.05405
314 9.05405
315 9.05405
316 9.05405
317 9.05405
318 9.05405
319 9.05405
320 9.05405
321 9.05405
322 9.05405
323 9.05405
324 9.05405
325 9.05405
326 9.05405
327 9.05405
328 9.05405
329 9.05405
330 9.05405
331 9.05405
332 9.05405
333 9.05405
334 9.05405
335 9.05405
336 9.05405
337 9.05405
338 9.05405
339 9.05405
340 9.05405
341 9.05405
342 9.05405
343 9.05405
344 9.05405
345 9.05405
346 9.05405
347 9.05405
348 9.05405
349 9.05405
350 9.05405
351 9.05405
352 9.05405
353 9.05405
354 9.05405
355 9.05405
356 9.05405
357 9.05405
358 9.05405
359 9.05405
360 9.05405
361 9.05405
362 9.05405
363 9.05405
364 9.05405
365 9.05405
366 9.05405
367 9.05405
368 9.05405
369 9.05405
370 9.05405
371 9.05405
372 9.05405
373 9.05405
374 9.05405
375 9.05405
376 9.05405
377 9.05405
378 9.05405
379 9.05405
380 9.05405
381 9.05405
382 9.05405
383 9.05405
384 9.05405
385 9.05405
386 9.05405
387 9.05405
388 9.05405
389 9.05405
390 9.05405
391 9.05405
392 9.05405
393 9.05405
394 9.05405
395 9.05405
396 9.05405
397 9.05405
398 9.05405
399 9.05405
400 9.05405
401 9.05405
402 9.05405
403 9.05405
404 9.05405
405 9.05405
406 9.05405
407 9.05405
408 9.05405
409 9.05405
410 9.05405
411 9.05405
412 9.05405
413 9.05405
414 9.05405
415 9.05405
416 9.05405
417 9.05405
418 9.05405
419 9.05405
420 9.05405
421 9.05405
422 9.05405
423 9.05405
424 9.05405
425 9.05405
426 9.05405
427 9.05405
428 9.05405
429 9.05405
430 9.05405
431 9.05405
432 9.05405
433 9.05405
434 9.05405
435 9.05405
436 9.05405
437 9.05405
438 9.05405
439 9.05405
440 9.05405
441 9.05405
442 9.05405
443 9.05405
444 9.05405
445 9.05405
446 9.05405
447 9.05405
448 9.05405
449 9.05405
450 9.05405
451 9.05405
452 9.05405
453 9.05405
454 9.05405
455 9.05405
456 9.05405
457 9.05405
458 9.05405
459 9.05405
460 9.05405
461 9.05405
462 9.05405
463 9.05405
464 9.05405
465 9.05405
466 9.05405
467 9.05405
468 9.05405
469 9.05405
470 9.05405
471 9.05405
472 9.05405
473 9.05405
474 9.05405
475 9.05405
476 9.05405
477 9.05405
478 9.05405
479 9.05405
480 9.05405
481 9.05405
482 9.05405
483 9.05405
484 9.05405
485 9.05405
486 9.05405
487 9.05405
488 9.05405
489 9.05405
490 9.05405
491 9.05405
492 9.05405
493 9.05405
494 9.05405
495 9.05405
496 9.05405
497 9.05405
498 9.05405
499 9.05405
500 9.05405
