1 1050.94
2 895.724
3 836.701
4 775.911
5 703.814
6 656.364
7 621.594
8 600.134
9 578.256
10 553.532
11 553.532
12 532.28
13 516.149
14 498.575
15 482.953
16 472.588
17 460.297
18 447.627
19 436.152
20 425.574
21 425.574
22 414.816
23 405.427
24 392.632
25 389.926
26 386.516
27 377.598
28 368.492
29 360.587
30 354.21
31 354.21
32 348.02
33 343.131
34 339.936
35 337.252
36 334.242
37 330.053
38 329.479
39 326.934
40 324.535
41 324.535
42 322.5
43 321.708
44 319.398
45 316.694
46 314.813
47 313.038
48 311.172
49 310.243
50 309.902
51 309.902
52 309.369
53 309.077
54 305.798
55 302.4
56 300.364
57 297.931
58 296.561
59 296.304
60 296.645
61 296.645
62 295.429
63 295.217
64 297.421
65 294.24
66 294.949
67 293.548
68 292.707
69 289.962
70 290.049
71 290.049
72 290.621
73 291.979
74 291.457
75 290.509
76 291.411
77 291.731
78 290.956
79 291.324
80 292.348
81 292.348
82 291.468
83 290.431
84 293.118
85 291.75
86 291.083
87 289.327
88 289.369
89 288.954
90 289.484
91 289.484
92 289.005
93 288.777
94 289.129
95 288.199
96 290.266
97 289.619
98 288.849
99 288.086
100 289.22
101 289.22
102 290.008
103 289.116
104 289.072
105 289.705
106 288.746
107 289
108 288.1
109 288.426
110 290.049
111 290.049
112 289.927
113 289.83
114 289.767
115 288.805
116 287.927
117 289.474
118 288.058
119 288.867
120 289.341
121 289.341
122 290.825
123 289.785
124 289.697
125 287.642
126 285.922
127 283.448
128 284.298
129 285.14
130 283.917
131 283.917
132 284.36
133 285.367
134 284.993
135 283.986
136 284.893
137 283.025
138 283.688
139 282.66
140 283.278
141 283.278
142 284.146
143 282.666
144 283.235
145 284.399
146 284.432
147 282.688
148 284.245
149 283.619
150 284.331
151 284.331
152 283.136
153 283.821
154 282.439
155 282.816
156 283.822
157 282.961
158 282.434
159 282.246
160 283.601
161 283.601
162 283.387
163 283.594
164 283.703
165 282.166
166 283.188
167 282.835
168 283.543
169 282.771
170 283.072
171 283.072
172 282.506
173 282.937
174 283.355
175 283.557
176 282.915
177 282.636
178 282.016
179 282.618
180 282.719
181 282.719
182 283.005
183 282.984
184 282.513
185 283.31
186 282.207
187 282.795
188 283.372
189 284.332
190 282.604
191 282.604
192 284.272
193 283.739
194 283.847
195 284.363
196 282.141
197 281.848
198 280.485
199 281.715
200 281.65
201 281.65
202 280.9
203 280.92
204 280.814
205 280.644
206 280.541
207 279.79
208 279.915
209 279.478
210 280.606
211 280.606
212 281.174
213 280.833
214 280.663
215 279.648
216 279.222
217 279.48
218 281.16
219 280.583
220 278.903
221 278.903
222 279.222
223 281.264
224 280.921
225 280.584
226 281.382
227 282.135
228 280.78
229 279.963
230 280.251
231 280.251
232 282.141
233 280.36
234 281.123
235 280.205
236 280.6
237 280.266
238 280.346
239 280.475
240 281.196
241 281.196
242 280.568
243 281.065
244 279.237
245 280.843
246 280.269
247 280.11
248 281.413
249 280.876
250 280.254
251 280.254
252 279.982
253 280.854
254 280.982
255 281.763
256 280.143
257 280.912
258 281.296
259 281.567
260 281.223
261 281.223
262 281.229
263 280.279
264 280.71
265 281.19
266 280.978
267 280.76
268 280.923
269 280.949
270 280.627
271 280.627
272 280.31
273 280.611
274 281.866
275 279.834
276 279.916
277 280.903
278 280.955
279 280.649
280 279.547
281 279.547
282 280.247
283 280.026
284 279.98
285 279.706
286 280.071
287 279.352
288 281.01
289 280.655
290 281.158
291 281.158
292 281.332
293 279.135
294 280.246
295 280.339
296 282.423
297 280.205
298 279.721
299 282.354
300 281.769
301 281.769
302 281.437
303 280.409
304 280.582
305 281.075
306 279.65
307 280.809
308 280.843
309 281.645
310 280.674
311 280.674
312 280.722
313 280.308
314 279.881
315 280.035
316 281.719
317 280.11
318 279.829
319 280.948
320 280.975
321 280.975
322 280.839
323 280.791
324 281.514
325 280.295
326 279.56
327 280.442
328 280.862
329 281.198
330 279.398
331 279.398
332 280.416
333 280.188
334 279.241
335 280.174
336 279.908
337 280.157
338 281.935
339 280.615
340 281.688
341 281.688
342 281
343 281.637
344 280.969
345 280.35
346 280.075
347 281.31
348 280.205
349 280.481
350 280.751
351 280.751
352 280.039
353 280.151
354 280.411
355 281.539
356 280.415
357 279.692
358 281.53
359 282.083
360 283.302
361 283.302
362 280.082
363 279.112
364 280.588
365 280.259
366 280.095
367 280.231
368 279.796
369 279.6
370 280.782
371 280.782
372 280.54
373 281.098
374 281.261
375 280.505
376 281.034
377 280.335
378 280.698
379 279.875
380 281.327
381 281.327
382 280.384
383 280.537
384 280.678
385 280.013
386 279.703
387 279.912
388 279.852
389 280.837
390 280.502
391 280.502
392 279.711
393 280.814
394 281.408
395 282.147
396 280.535
397 279.941
398 279.188
399 279.892
400 279.192
401 279.192
402 281.163
403 280.543
404 279.147
405 281.429
406 280.493
407 280.768
408 279.565
409 280
410 281.108
411 281.108
412 280.666
413 279.064
414 279.805
415 280.557
416 280.698
417 282.613
418 281.73
419 281.229
420 279.692
421 279.692
422 281.619
423 280.522
424 280.667
425 281.119
426 280.499
427 280.977
428 280.741
429 280.85
430 279.898
431 279.898
432 279.442
433 279.116
434 279.106
435 280.545
436 280.232
437 280.871
438 281.641
439 279.334
440 279.524
441 279.524
442 279.699
443 280.274
444 280.979
445 280.578
446 281.439
447 279.354
448 281.009
449 281.142
450 280.525
451 280.525
452 278.81
453 280.481
454 281.579
455 280.036
456 280.633
457 280.711
458 280.047
459 279.874
460 281.36
461 281.36
462 281.406
463 280.529
464 280.157
465 280.383
466 280.512
467 280.33
468 281.701
469 281.026
470 280.713
471 280.713
472 280.905
473 282.005
474 281.828
475 280.262
476 281.297
477 280.086
478 279.806
479 281.488
480 280.892
481 280.892
482 279.704
483 279.432
484 280.49
485 280.107
486 282.225
487 280.663
488 278.72
489 280.249
490 280.243
491 280.243
492 280.098
493 281.786
494 280.087
495 280.43
496 281.006
497 279.393
498 280.332
499 279.818
500 280.01
